891 4 0
0 1 -0.370182167441 1.20061415935 2.77141048615 -1.94097849424 1.03106761804 
1 0 -0.372075409058 1.19872091774 2.76951724453 -1.94287173585 0.999999999813 
2 1 -0.374388595083 1.19640773171 2.76720405851 -1.94518492188 0.99965757001 
3 2 -0.368770207808 1.20202611899 2.77282244578 -1.9395665346 1.00072054125 
4 3 -0.329410420014 1.24138590678 2.81218223358 -1.90020674681 0.999364492175 
5 4 -0.239434690172 1.33136163662 2.90215796342 -1.81023101697 1.0010788445 
6 5 -0.196776823595 1.3740195032 2.94481582999 -1.76757315039 1.00687140403 
7 6 -0.224910759809 1.34588556699 2.91668189378 -1.7957070866 1.00162844233 
8 7 -0.0957685252522 1.47502780154 3.04582412834 -1.66656485205 1.00410238822 
9 8 -0.0114342106221 1.55936211617 3.13015844297 -1.58223053742 1.00784787837 
10 9 -0.0196112611725 1.55118506562 3.12198139242 -1.59040758797 1.00219948171 
11 10 0.041064330039 1.61186065683 -3.10052832355 -1.52973199676 1.00568075443 
12 11 0.0775001122647 1.64829643906 -3.06409254133 -1.49329621453 1.00344537801 
13 12 0.0997040763854 1.67050040318 -3.0418885772 -1.47109225041 1.0079725034 
14 13 0.133747707235 1.70454403403 -3.00784494635 -1.43704861956 1.00672214358 
15 14 0.165935499207 1.736731826 -2.97565715438 -1.40486082759 1.00647588076 
16 15 0.273290052838 1.84408637963 -2.86830260075 -1.29750627396 1.00200298345 
17 16 0.509800800817 2.08059712761 -2.63179185277 -1.06099552598 1.00097631369 
18 17 0.718998208302 2.2897945351 -2.42259444529 -0.851798118493 0.99999999141 
19 18 -0.780685714377 0.790110612418 2.36090693921 -2.35148204117 0.999822539892 
20 19 -0.746364993573 0.824431333222 2.39522766002 -2.31716132037 0.999038195401 
21 20 -0.725518702022 0.845277624773 2.41607395157 -2.29631502882 0.998307152265 
22 21 -0.723596218177 0.847200108618 2.41799643541 -2.29439254497 1.00035427204 
23 22 -0.733430498477 0.837365828318 2.40816215511 -2.30422682527 1.0918893905 
24 0 -0.201063741488 1.36973258531 2.9405289121 -1.77186006828 1.00000112024 
25 1 -0.0263053347168 1.54449099208 3.11528731887 -1.59710166151 0.999656069937 
26 2 0.0704151856735 1.64121151247 -3.07117746792 -1.50038114112 1.00042565306 
27 3 0.308808159903 1.8796044867 -2.83278449369 -1.26198816689 0.999475055317 
28 4 0.733422332024 2.30421865882 -2.40817032157 -0.837373994771 1.00116859492 
29 5 -0.700695712059 0.870100614736 2.44089694153 -2.27149203885 1.00677041714 
30 6 0.401652978837 1.97244930563 -2.73993967475 -1.16914334796 1.00126893727 
31 7 0.496843655402 2.0676399822 -2.64474899819 -1.07395267139 1.00362967879 
32 8 0.55207802767 2.12287435447 -2.58951462592 -1.01871829912 1.00782513557 
33 9 0.637017416526 2.20781374332 -2.50457523706 -0.933778910269 1.00173096424 
34 10 0.780417344407 2.3512136712 -2.36117530918 -0.790378982388 1.00526450745 
35 11 -0.68573983921 0.885056487585 2.45585281438 -2.256536166 1.00299203917 
36 12 -0.493443418328 1.07735290847 2.64814923526 -2.06423974512 1.00870715961 
37 13 -0.504448266539 1.06634806026 2.63714438705 -2.07524459333 1.00603473041 
38 14 -0.361331367681 1.20946495911 2.78026128591 -1.93212769448 1.00627708376 
39 15 -0.302597471237 1.26819885556 2.83899518235 -1.87339379803 1.00192334607 
40 16 -0.280727525133 1.29006880166 2.86086512846 -1.85152385193 1.00095628703 
41 17 -0.273805704293 1.2969906225 2.8677869493 -1.84460203109 0.999999892407 
42 18 -0.268490807201 1.30230551959 2.87310184639 -1.839287134 0.999855654215 
43 19 -0.320271313965 1.25052501283 2.82132133962 -1.89106764076 0.999394574902 
44 20 -0.402210376017 1.16858595078 2.73938227757 -1.97300670281 0.99838146141 
45 21 -0.573488156937 0.997308169858 2.56810449665 -2.14428448373 1.00030932627 
46 0 -0.0382884026222 1.53250792417 3.10330425097 -1.60908472942 0.999992353091 
47 24 0.152041448666 1.72283777546 -2.98955120492 -1.41875487813 0.999681083239 
48 25 0.250024909986 1.82082123678 -2.8915677436 -1.32077141681 1.00068666752 
49 26 0.47972573255 2.05052205934 -2.66186692104 -1.09107059424 0.999466385808 
50 27 -0.700941354696 0.869854972099 2.44065129889 -2.27173768149 1.00111540386 
51 28 -0.584508883647 0.986287443148 2.55708376994 -2.15530521044 1.00592160164 
52 29 0.483401557905 2.0541978847 -2.65819109569 -1.08739476889 1.00169638802 
53 30 0.545832506908 2.1166288337 -2.59576014668 -1.02496381989 1.00408142026 
54 31 0.54266516824 2.11346149503 -2.59892748535 -1.02813115855 1.00725143584 
55 32 0.638108111977 2.20890443877 -2.50348454161 -0.932688214818 1.00196591149 
56 33 0.783418890957 2.35421521775 -2.35817376263 -0.787377435838 1.00556849373 
57 34 -0.680867509382 0.889928817413 2.46072514421 -2.25166383618 1.00316845392 
58 35 -0.48700233085 1.08379399594 2.65459032274 -2.05779865764 1.00828817531 
59 36 -0.51255635489 1.05823997191 2.6290362987 -2.08335268168 1.00667817949 
60 37 -0.377391741962 1.19340458483 2.76420091163 -1.94818806876 1.0065161196 
61 38 -0.344580895271 1.22621543152 2.79701175832 -1.91537722207 1.00212657161 
62 39 -0.359952932325 1.21084339447 2.78163972126 -1.93074925912 1.00086288535 
63 40 -0.400275268776 1.17052105802 2.74131738481 -1.97107159557 0.999999778692 
64 41 -0.415504883445 1.15529144335 2.72608777014 -1.98630121024 0.999853907248 
65 42 -0.462582661802 1.10821366499 2.67900999179 -2.0333789886 0.999083882458 
66 43 -0.540763614738 1.03003271206 2.60082903885 -2.11155994153 0.997824811534 
67 23 0.513171405986 2.08396773278 -2.6284212476 -1.05762492081 1.00061815884 
68 0 0.150286211989 1.72108253878 -2.9913064416 -1.42051011481 1.00000135074 
69 46 0.347090437152 1.91788676395 -2.79450221644 -1.22370588964 0.999723654969 
70 47 0.412796591994 1.98359291879 -2.7287960616 -1.1579997348 1.00050499527 
71 48 0.612934356976 2.18373068377 -2.52865829661 -0.957861969819 0.999427272878 
72 49 -0.613977356546 0.956818970249 2.52761529704 -2.18477368334 1.00100204984 
73 50 -0.528334046644 1.04246228015 2.61325860695 -2.09913037344 1.00696554066 
74 51 0.534530872793 2.10532719959 -2.6070617808 -1.036265454 1.00144481489 
75 52 0.590484747867 2.16128107466 -2.55110790572 -0.980311578928 1.00357421368 
76 53 0.571096452888 2.14189277968 -2.5704962007 -0.999699873907 1.00812292335 
77 54 0.649446721144 2.22024304794 -2.49214593245 -0.921349605651 1.00176374253 
78 55 0.784822186094 2.35561851289 -2.3567704675 -0.785974140701 1.00591805898 
79 56 -0.685275350486 0.885520976309 2.4563173031 -2.25607167728 1.00296496725 
80 57 -0.496088147594 1.0747081792 2.645504506 -2.06688447439 1.0083357646 
81 58 -0.534117201957 1.03667912484 2.60747545163 -2.10491352875 1.00603188009 
82 59 -0.402058861518 1.16873746528 2.73953379207 -1.97285518831 1.00638968163 
83 60 -0.388009534896 1.1827867919 2.75358311869 -1.95880586169 1.00178144446 
84 61 -0.420518823651 1.15027750314 2.72107382994 -1.99131515045 1.00092933675 
85 62 -0.492851832756 1.07794449404 2.64874082083 -2.06364815955 0.99999994079 
86 63 -0.536608212507 1.03418811429 2.60498444108 -2.1074045393 0.999836570321 
87 64 -0.604920114825 0.96587621197 2.53667253877 -2.17571644162 0.999288218281 
88 65 -0.709262804421 0.861533522374 2.43232984917 -2.28005913122 0.998514120434 
89 23 0.348255755198 1.91905208199 -2.79333689839 -1.2225405716 1.00013075305 
90 0 0.316899080524 1.88769540732 -2.82469357307 -1.25389724627 1.00000143541 
91 68 0.482334326169 2.05313065296 -2.65925832742 -1.08846200063 0.999634544681 
92 69 0.543513902306 2.1143102291 -2.59807875128 -1.02728242449 1.0005499651 
93 70 0.717102406333 2.28789873313 -2.42449024726 -0.853693920461 0.999471650105 
94 71 -0.541668711226 1.02912761557 2.59992394236 -2.11246503802 1.00112718523 
95 72 -0.476352871854 1.09444345494 2.66523978174 -2.04714919865 1.00650019264 
96 73 0.573747676284 2.14454400308 -2.56784497731 -0.997048650511 1.00133214052 
97 74 0.622587849319 2.19338417611 -2.51900480427 -0.948208477476 1.00412518335 
98 75 0.583305165204 2.154101492 -2.55828748839 -0.987491161591 1.00765446207 
99 76 0.653281963605 2.2240782904 -2.48831068999 -0.91751436319 1.00169282314 
100 77 0.780529188104 2.3513255149 -2.36106346549 -0.790267138691 1.00540212656 
101 78 -0.692564026348 0.878232300446 2.44902862724 -2.26336035314 1.00328676398 
102 79 -0.505825510112 1.06497081668 2.63576714348 -2.07662183691 1.00817990915 
103 80 -0.549576028385 1.02122029841 2.5920166252 -2.12037235518 1.006721808 
104 81 -0.426173865974 1.14462246082 2.71541878762 -1.99697019277 1.00640716845 
105 82 -0.422281802938 1.14851452386 2.71931085065 -1.99307812973 1.00208333681 
106 83 -0.479387310218 1.09140901658 2.66220534337 -2.05018363701 1.0009199363 
107 84 -0.579473166299 0.991323160496 2.56211948729 -2.15026949309 0.999999359459 
108 85 -0.658545535856 0.912250790939 2.48304711773 -2.22934186265 0.999852060999 
109 86 -0.754796229019 0.816000097776 2.38679642457 -2.32559255581 0.999222773756 
110 87 0.693521055851 2.26431738265 -2.44807159774 -0.877275270944 0.998239353141 
111 23 0.176299792967 1.74709611976 -2.96529286062 -1.39449653383 1.00048682262 
112 0 0.489426646303 2.0602229731 -2.65216600729 -1.08136968049 1.00000096668 
113 90 0.641846850479 2.21264317727 -2.49974580311 -0.928949476316 0.999586358266 
114 91 0.688342923396 2.25913925019 -2.45324973019 -0.882453403399 1.00055019884 
115 92 -0.766517219723 0.804279107072 2.37507543387 -2.33731354652 0.999436894407 
116 93 -0.49532524987 1.07547107692 2.64626740372 -2.06612157666 1.00112739786 
117 94 -0.428853927963 1.14194239883 2.71273872563 -1.99965025476 1.00682438842 
118 95 0.603095014388 2.17389134118 -2.5384976392 -0.967701312407 1.00138454342 
119 96 0.641996023517 2.21279235031 -2.49959663007 -0.928800303278 1.00412612341 
120 97 0.600931948426 2.17172827522 -2.54066070516 -0.969864378369 1.00788537162 
121 98 0.661078272251 2.23187459905 -2.48051438134 -0.909718054543 1.00174071383 
122 99 0.778186740372 2.34898306717 -2.36340591322 -0.792609586423 1.00538599444 
123 100 -0.701826163867 0.868970162928 2.43976648972 -2.27262249066 1.00333429125 
124 101 -0.519804448014 1.05099187878 2.62178820558 -2.09060077481 1.00816608955 
125 102 -0.566874164321 1.00392216247 2.57471848927 -2.13767049112 1.00672342919 
126 103 -0.447640650011 1.12315567678 2.69395200358 -2.01843697681 1.00640621916 
127 104 -0.449380766271 1.12141556052 2.69221188732 -2.02017709307 1.00208387701 
128 105 -0.513308090916 1.05748823588 2.62828456267 -2.08410441771 1.00095854961 
129 106 -0.638816875422 0.931979451373 2.50277577817 -2.20961320222 0.999999332212 
130 107 -0.761214837689 0.809581489106 2.3803778159 -2.33201116448 0.999842287205 
131 108 0.669533756048 2.24033008284 -2.47205889754 -0.901262570747 0.999222806168 
132 109 0.508763842867 2.07956016966 -2.63282881072 -1.06203248393 0.998235781336 
133 23 0.00942472449102 1.58022105129 -3.1321679291 -1.5613716023 1.00049525312 
134 0 0.666555946547 2.23735227334 -2.47503670704 -0.904240380248 0.999995061342 
135 112 -0.778196214172 0.792600112622 2.36339643942 -2.34899254097 0.999804092147 
136 113 -0.753778804349 0.817017522446 2.38781384924 -2.32457513114 1.00051962561 
137 114 -0.679672042735 0.89112428406 2.46192061085 -2.25046836953 0.999465978279 
138 115 -0.443259265654 1.12753706114 2.69833338794 -2.01405559245 1.0010424331 
139 116 -0.394647171141 1.17614915565 2.74694548245 -1.96544349794 1.00637151375 
140 117 0.612189317345 2.18298564414 -2.52940333624 -0.95860700945 1.00129253526 
141 118 0.652646997436 2.22344332423 -2.48894565615 -0.918149329359 1.00369703591 
142 119 0.615307220247 2.18610354704 -2.52628543334 -0.955489106548 1.00766117827 
143 120 0.661518720675 2.23231504747 -2.48007393291 -0.90927760612 1.00157844312 
144 121 0.774564488823 2.34536081562 -2.36702816477 -0.796231837972 1.00602939125 
145 122 -0.704001508936 0.866794817859 2.43759114465 -2.27479783573 1.00295626987 
146 123 -0.526416874928 1.04437945187 2.61517577866 -2.09721320172 1.00833601218 
147 124 -0.57311169278 0.997684634015 2.56848096081 -2.14390801957 1.00602900207 
148 125 -0.46228169751 1.10851462929 2.67931095608 -2.0330780243 1.00638867585 
149 126 -0.475596220271 1.09520010652 2.66599643332 -2.04639254707 1.00179378902 
150 127 -0.545985054211 1.02481127258 2.59560759938 -2.11678138101 1.00085057145 
151 128 -0.690004755784 0.880791571011 2.45158789781 -2.26080108258 0.999999941522 
152 129 0.726253216895 2.29704954369 -2.4153394367 -0.8445431099 0.999851024234 
153 130 0.508133166126 2.07892949292 -2.63345948746 -1.06266316067 0.99929055521 
154 131 0.314953178647 1.88574950544 -2.82663947494 -1.25584314815 0.99851519319 
155 23 -0.163387625066 1.40740870173 2.97820502852 -1.73418395186 1.00012871267 
156 0 -0.732562542083 0.838233784711 2.40903011151 -2.30335886888 0.999990342098 
157 134 -0.636510746461 0.934285580334 2.50508190713 -2.20730707326 0.999643653172 
158 135 -0.621380595676 0.949415731119 2.52021205791 -2.19217692247 1.0006882942 
159 136 -0.613078157584 0.957718169211 2.52851449601 -2.18387448438 0.99944039725 
160 137 -0.432537130646 1.13825919615 2.70905552294 -2.00333345744 1.00111723388 
161 138 -0.393386860852 1.17740946594 2.74820579274 -1.96418318765 1.00614965187 
162 139 0.604460466177 2.17525679297 -2.53713218741 -0.966335860618 1.00174533244 
163 140 0.641864614012 2.21266094081 -2.49972803958 -0.928931712783 1.0040810975 
164 141 0.601632126712 2.17242845351 -2.53996052688 -0.969164200083 1.0074128647 
165 142 0.659181347337 2.22997767413 -2.48241130625 -0.911614979458 1.00200827072 
166 143 0.771102686857 2.34189901365 -2.37048996673 -0.799693639938 1.00556383267 
167 144 -0.710230493232 0.860565833563 2.43136216036 -2.28102682003 1.00316732702 
168 145 -0.531578381942 1.03921794485 2.61001427165 -2.10237470874 1.00828639766 
169 146 -0.577108673816 0.993687652979 2.56448397977 -2.14790500061 1.00668446917 
170 147 -0.465930578958 1.10486574784 2.67566207463 -2.03672690575 1.00651568261 
171 148 -0.473796049945 1.09700027685 2.66779660365 -2.04459237674 1.00212596484 
172 149 -0.550459726622 1.02033660017 2.59113292697 -2.12125605342 1.00089163534 
173 150 -0.704165097913 0.866631228882 2.43742755568 -2.27496142471 0.999999763979 
174 151 0.631340000596 2.20213632739 -2.51025265299 -0.939456326199 0.999846646918 
175 152 0.301102827797 1.87189915459 -2.84048982579 -1.269693499 0.999084068189 
176 153 0.131391469831 1.70218779663 -3.01020118376 -1.43940485696 0.997826553124 
177 23 -0.329873614341 1.24092271245 2.81171903925 -1.90066994114 1.00061348324 
178 0 -0.571540030719 0.999256296076 2.57005262287 -2.14233635751 1.0000014923 
179 156 -0.478365458221 1.09243086857 2.66322719537 -2.04916178502 0.999656773606 
180 157 -0.445298983666 1.12549734313 2.69629366992 -2.01609531046 1.00042600287 
181 158 -0.578323484558 0.992472842237 2.56326916903 -2.14911981135 0.999473723005 
182 159 -0.442890310091 1.1279060167 2.6987023435 -2.01368663689 1.00116876868 
183 160 -0.415350465018 1.15544586178 2.72624218857 -1.98614679181 1.00677619956 
184 161 0.586201070216 2.15699739701 -2.55539158337 -0.984595256579 1.00126463236 
185 162 0.634882561395 2.20567888819 -2.50671009219 -0.9359137654 1.00363144525 
186 163 0.5980647549 2.1688610817 -2.54352789869 -0.972731571895 1.00782389466 
187 164 0.659223241557 2.23001956835 -2.48236941203 -0.911573085238 1.00172950434 
188 165 0.76986427338 2.34066060017 -2.37172838021 -0.800932053415 1.00526545163 
189 166 -0.714569500684 0.856226826111 2.42702315291 -2.28536582748 1.00298794292 
190 167 -0.529301579263 1.04149474753 2.61229107433 -2.10009790606 1.00871063405 
191 168 -0.579933653029 0.990862673766 2.56165900056 -2.15072997982 1.00603354517 
192 169 -0.467343537194 1.1034527896 2.6742491164 -2.03813986399 1.0062773707 
193 170 -0.473737736636 1.09705859016 2.66785491695 -2.04453406343 1.00192361005 
194 171 -0.535580905395 1.0352154214 2.60601174819 -2.10637723219 1.00095591723 
195 172 -0.667786160628 0.903010166167 2.47380649296 -2.23858248742 0.999999890178 
196 173 0.561403998459 2.13220032525 -2.58018865513 -1.00939232834 0.999855786192 
197 174 0.0696497244136 1.64044605121 -3.07194292918 -1.50114660238 0.999393246337 
198 175 -0.043413850388 1.52738247641 3.0981788032 -1.61421017718 0.9983849083 
199 23 -0.511663641789 1.05913268501 2.6299290118 -2.08245996858 1.0003075293 
200 0 -0.398184061843 1.17261226495 2.74340859175 -1.96898038864 0.999999981641 
201 178 -0.277652870658 1.29314345614 2.86393978293 -1.84844919745 0.999657519724 
202 179 -0.203532178662 1.36726414813 2.93806047493 -1.77432850546 1.00072062837 
203 180 -0.713898740529 0.856897586266 2.42769391306 -2.28469506732 0.999364463373 
204 181 -0.499337232213 1.07145909458 2.64225542138 -2.07013355901 1.00107888803 
205 182 -0.46201803586 1.10877829094 2.67957461773 -2.03281436265 1.00687206251 
206 183 0.567762608785 2.13855893558 -2.5738300448 -1.00303371801 1.0016279254 
207 184 0.616412213181 2.18720853998 -2.52518044041 -0.954384113614 1.00410345804 
208 185 0.58270392046 2.15350024725 -2.55888873313 -0.988092406335 1.00784929079 
209 186 0.656964937955 2.22776126475 -2.48462771564 -0.91383138884 1.00219997083 
210 187 0.763725817718 2.33452214451 -2.37786683587 -0.807070509077 1.00568048126 
211 188 -0.715261377188 0.855534949607 2.4263312764 -2.28605770398 1.00344590838 
212 189 -0.529008213621 1.04178811317 2.61258443997 -2.09980454042 1.00797207561 
213 190 -0.579345823868 0.991450502927 2.56224682972 -2.15014215066 1.00672185846 
214 191 -0.455791793549 1.11500453325 2.68580086004 -2.02658812034 1.00647556302 
215 192 -0.458451931862 1.11234439493 2.68314072173 -2.02924825866 1.00200293237 
216 193 -0.509775903312 1.06102042348 2.63181675028 -2.08057223011 1.00097604715 
217 194 -0.606116661448 0.964679665346 2.53547599214 -2.17691298824 0.999999992637 
218 195 -0.393872093242 1.17692423355 2.74772056035 -1.96466842004 0.999822531485 
219 196 -0.140322401745 1.43047392505 3.00127025184 -1.71111872854 0.999038076088 
220 197 -0.211597966112 1.35919836068 2.92999468748 -1.78239429291 0.998306867524 
221 23 -0.679143749378 0.891652577417 2.46244890421 -2.24994007617 1.0003542061 
222 0 -0.221696415682 1.34909991111 2.91989623791 -1.79249274248 1.0000011266 
223 200 -0.0603092427807 1.51048708401 3.08128341081 -1.63110556958 0.99965619823 
224 201 0.0781875105976 1.64898383739 -3.06340514299 -1.4926088162 1.00042548033 
225 202 0.640414617882 2.21121094468 -2.50117803571 -0.930381708913 0.999475025843 
226 203 -0.553802961641 1.01699336515 2.58778969195 -2.12459928844 1.00116870507 
227 204 -0.486916495605 1.08387983119 2.65467615798 -2.0577128224 1.00676925678 
228 205 0.564404450073 2.13520077687 -2.57718820352 -1.00639187672 1.00126910289 
229 206 0.61903826067 2.18983458747 -2.52255439292 -0.951758066125 1.00363020478 
230 207 0.595410843945 2.16620717074 -2.54618180965 -0.97538548285 1.00782020861 
231 208 0.659764383433 2.23056071023 -2.48182827016 -0.911031943362 1.00173182829 
232 209 0.76964636064 2.34044268744 -2.37194629295 -0.801149966155 1.00526675656 
233 210 -0.711197254483 0.859599072312 2.43039539911 -2.28199358128 1.00299205778 
234 211 -0.531921181503 1.03887514529 2.60967147209 -2.1027175083 1.0087071635 
235 212 -0.571500596472 0.999295730323 2.57009205712 -2.14229692327 1.00603477252 
236 213 -0.452461832339 1.11833449446 2.68913082125 -2.02325815913 1.00627721206 
237 214 -0.447023294428 1.12377303237 2.69456935916 -2.01781962122 1.00192313978 
238 215 -0.495691956614 1.07510437018 2.64590069698 -2.06648828341 1.0009566601 
239 216 -0.558607773102 1.01218855369 2.58298488049 -2.1294040999 0.999999890849 
240 217 -0.438110414836 1.13268591196 2.70348223875 -2.00890674163 0.999855643772 
241 218 -0.322452339518 1.24834398728 2.81914031407 -1.89324866631 0.999394774649 
242 219 -0.365989063748 1.20480726305 2.77560358984 -1.93678539054 0.998381808137 
243 23 0.721943015189 2.29273934198 -2.4196496384 -0.848853311606 1.00030940636 
244 0 -0.0526086465263 1.51818768027 3.08898400706 -1.62340497332 0.99999234278 
245 222 0.148046837795 1.71884316459 -2.99354581579 -1.422749489 0.999680992988 
246 223 0.290991567297 1.86178789409 -2.85060108629 -1.2798047595 1.00068676313 
247 224 0.643265043061 2.21406136986 -2.49832761053 -0.927531283734 0.999466406847 
248 225 -0.563275739469 1.00752058733 2.57831691412 -2.13407206626 1.00111540086 
249 226 -0.474944245545 1.09585208125 2.66664840804 -2.04574057234 1.00592218217 
250 227 0.572403435539 2.14319976233 -2.56918921805 -0.998392891256 1.00169692768 
251 228 0.623803513545 2.19459984034 -2.51778914005 -0.94699281325 1.00408202076 
252 229 0.592474308961 2.16327063576 -2.54911834463 -0.978322017834 1.00725451375 
253 230 0.659889668171 2.23068599497 -2.48170298542 -0.910906658624 1.00196773169 
254 231 0.772427056164 2.34322338296 -2.36916559743 -0.798369270631 1.00556038164 
255 232 -0.709664636024 0.861131690771 2.43192801757 -2.28046096282 1.00317088532 
256 233 -0.526809534159 1.04398679264 2.61478311943 -2.09760586095 1.00828824671 
257 234 -0.569660059887 1.00113626691 2.5719325937 -2.14045638668 1.00667948243 
258 235 -0.44783963201 1.12295669478 2.69375302158 -2.01863595881 1.00651736077 
259 236 -0.441747905926 1.12904842087 2.69984474766 -2.01254423272 1.00212688613 
260 237 -0.485325435158 1.08547089164 2.65626721843 -2.05612176195 1.00086280549 
261 238 -0.546540903986 1.02425542281 2.5950517496 -2.11733723078 0.999999777801 
262 239 -0.507513501874 1.06328282492 2.63407915172 -2.07830982867 0.999853917794 
263 240 -0.456959112759 1.11383721404 2.68463354083 -2.02775543955 0.999083790303 
264 241 -0.503375738669 1.06742058813 2.63821691492 -2.07417206546 0.997824754657 
265 23 0.533588936688 2.10438526348 -2.6080037169 -1.03720739011 1.00061791571 
266 0 0.143262396855 1.71405872365 -2.99833025673 -1.42753392994 1.00000135599 
267 244 0.356937998889 1.92773432568 -2.7846546547 -1.21385832791 0.999723637303 
268 245 0.447708557736 2.01850488453 -2.69388409585 -1.12308776906 1.00050501614 
269 246 0.695351696169 2.26614802296 -2.44624095742 -0.875444630626 0.999427226331 
270 247 -0.544255844906 1.02654048189 2.59733680868 -2.1150521717 1.00100189261 
271 248 -0.473311329527 1.09748499727 2.66828132406 -2.04410765632 1.0069654946 
272 249 0.580588765979 2.15138509277 -2.56100388761 -0.990207560816 1.00144516766 
273 250 0.635546947239 2.20634327403 -2.50604570635 -0.935249379556 1.00357367969 
274 251 0.604212935366 2.17500926216 -2.53737971822 -0.966583391429 1.0081190188 
275 252 0.664482017046 2.23527834384 -2.47711063654 -0.906314309749 1.00176457987 
276 253 0.774656390922 2.34545271772 -2.36693626267 -0.796139935873 1.00592233578 
277 254 -0.709457472065 0.86133885473 2.43213518152 -2.28025379886 1.00296183638 
278 255 -0.526268577501 1.04452774929 2.61532407609 -2.0970649043 1.00833936052 
279 256 -0.572862915973 0.997933410822 2.56872973762 -2.14365924277 1.00602880868 
280 257 -0.447095744366 1.12370058243 2.69449690922 -2.01789207116 1.00640110538 
281 258 -0.444870565195 1.1259257616 2.6967220884 -2.01566689199 1.00178210104 
282 259 -0.487002087754 1.08379423904 2.65459056584 -2.05779841455 1.00092925305 
283 260 -0.561801579831 1.00899474696 2.57979107376 -2.13259790663 0.999999940561 
284 261 -0.575844212331 0.994952114464 2.56574844126 -2.14664053913 0.99983655738 
285 262 -0.585676251214 0.985120075581 2.55591640238 -2.15647257801 0.999288216908 
286 263 -0.673544462086 0.897251864708 2.4680481915 -2.24434078888 0.998513589321 
287 23 0.357926127276 1.92872245407 -2.78366652631 -1.21287019952 1.00013082797 
288 0 0.315687853982 1.88648418078 -2.82590479961 -1.25510847281 1.0000014307 
289 266 0.49341716748 2.06421349427 -2.64817548611 -1.07737915931 0.999634616333 
290 267 0.563625768358 2.13442209515 -2.57796688523 -1.00717055844 1.00055002989 
291 268 0.752975414515 2.32377174131 -2.38861723907 -0.81782091228 0.99947164312 
292 269 -0.513371969895 1.0574243569 2.62822068369 -2.08416829669 1.00112223567 
293 270 -0.455506430433 1.11528989636 2.68608622316 -2.02630275723 1.00650017239 
294 271 0.590139184717 2.16093551151 -2.55145346887 -0.980657142078 1.00133218106 
295 272 0.641687490097 2.21248381689 -2.49990516349 -0.929108836698 1.00412422491 
296 273 0.601863936842 2.17266026364 -2.53972871675 -0.968932389953 1.00765713766 
297 274 0.66130623049 2.23210255728 -2.4802864231 -0.909490096305 1.00168981379 
298 275 0.772246099555 2.34304242635 -2.36934655403 -0.79855022724 1.00539972457 
299 276 -0.709508495995 0.8612878308 2.43208415759 -2.28030482279 1.00329652716 
300 277 -0.525072784488 1.04572354231 2.6165198691 -2.09586911128 1.0081774337 
301 278 -0.571248712069 0.999547614726 2.57034394152 -2.14204503886 1.00673195487 
302 279 -0.449979320159 1.12081700664 2.69161333343 -2.02077564695 1.00636468193 
303 280 -0.448790640946 1.12200568585 2.69280201264 -2.01958696774 1.00208642663 
304 281 -0.505917318319 1.06487900848 2.63567533527 -2.07671364511 1.00091997148 
305 282 -0.598491950694 0.972304376101 2.5431007029 -2.16928827749 0.999999359072 
306 283 -0.656371637363 0.914424689432 2.48522101623 -2.22716796416 0.999852066993 
307 284 -0.719911157029 0.850885169766 2.42168149656 -2.29070748382 0.999222774359 
308 285 0.717668519116 2.28846484591 -2.42392413447 -0.853127807679 0.998240125709 
309 23 0.174578619224 1.74537494602 -2.96701403437 -1.39621770757 1.00048677729 
310 0 0.49333201401 2.06412834081 -2.64826063958 -1.07746431278 1.00000095621 
311 288 0.650058788521 2.22085511532 -2.49153386507 -0.920737538274 0.99958630953 
312 289 0.694219820741 2.26501614754 -2.44737283285 -0.876576506054 1.00055024051 
313 290 -0.762215600559 0.808580726236 2.37937705303 -2.33301192735 0.999436007426 
314 291 -0.495103116658 1.07569321014 2.64648953693 -2.06589944345 1.00114020536 
315 292 -0.433284294266 1.13751203253 2.70830835932 -2.00408062106 1.00682174472 
316 293 0.599616954941 2.17041328174 -2.54197569865 -0.971179371854 1.00138449409 
317 294 0.644181098711 2.21497742551 -2.49741155488 -0.926615228084 1.00412655223 
318 295 0.607434404964 2.17823073176 -2.53415824863 -0.963361921831 1.00787621659 
319 296 0.664633639433 2.23542996623 -2.47695901416 -0.906162687362 1.00176392901 
320 297 0.772593167386 2.34338949418 -2.3689994862 -0.798203159409 1.00538941878 
321 298 -0.712013250282 0.858783076513 2.42957940331 -2.28280957708 1.00329150113 
322 299 -0.529799034759 1.04099729204 2.61179361883 -2.10059536155 1.00817950792 
323 300 -0.575599815735 0.99519651106 2.56599283785 -2.14639614253 1.00672528267 
324 301 -0.454874784928 1.11592154187 2.68671786866 -2.02567111172 1.00642354192 
325 302 -0.453692164955 1.11710416184 2.68790048864 -2.02448849175 1.00208399394 
326 303 -0.511205019371 1.05959130742 2.63038763422 -2.08200134617 1.00095856542 
327 304 -0.621218050087 0.949578276708 2.5203746035 -2.19201437688 0.999999332717 
328 305 -0.721727411345 0.84906891545 2.41986524224 -2.29252373814 0.999842279837 
329 306 0.717753856176 2.28855018297 -2.42383879741 -0.853042470619 0.999222776792 
330 307 0.501168042194 2.07196436899 -2.6404246114 -1.0696282846 0.998235308597 
331 23 -0.00330368748222 1.56749263931 3.13828896611 -1.57410001428 1.00049529039 
332 0 0.675029763859 2.24582609065 -2.46656288973 -0.895766562936 0.99999505751 
333 310 -0.772174567106 0.798621759689 2.36941808648 -2.3429708939 0.999804084018 
334 311 -0.759471605776 0.811324721018 2.38212104781 -2.33026793257 1.00051961033 
335 312 -0.703501235631 0.867295091164 2.43809141796 -2.27429756243 0.999465973573 
336 313 -0.46447612988 1.10632019691 2.67711652371 -2.03527245667 1.00103846559 
337 314 -0.415660301755 1.15513602504 2.72593235183 -1.98645662855 1.00637084503 
338 315 0.597720223895 2.16851655069 -2.54387242969 -0.9730761029 1.00129276344 
339 316 0.645806903161 2.21660322996 -2.49578575043 -0.924989423634 1.00368990619 
340 317 0.616097170981 2.18689349778 -2.52549548261 -0.954699155814 1.0076582793 
341 318 0.663362096703 2.2341584235 -2.47823055689 -0.907434230092 1.00157765908 
342 319 0.771821844467 2.34261817126 -2.36977080912 -0.798974482328 1.00602826139 
343 320 -0.708563230253 0.862233096542 2.43302942334 -2.27935955705 1.00296444531 
344 321 -0.529511049239 1.04128527756 2.61208160435 -2.10030737603 1.00833482774 
345 322 -0.573421670956 0.997374655839 2.56817098263 -2.14421799775 1.00602842407 
346 323 -0.459503635182 1.11129269161 2.68208901841 -2.03029996198 1.00638804104 
347 324 -0.466942691568 1.10385363523 2.67464996202 -2.03773901836 1.00179365175 
348 325 -0.525868604044 1.04492772275 2.61572404955 -2.09666493084 1.00085049533 
349 326 -0.643899386434 0.926896940361 2.49769326716 -2.21469571323 0.999999942404 
350 327 -0.760367551256 0.810428775539 2.38122510233 -2.33116387805 0.999851022789 
351 328 0.550999864233 2.12179619103 -2.59059278936 -1.01979646256 0.999290570952 
352 329 0.264706669609 1.8355029964 -2.87688598398 -1.30608965719 0.998515372822 
353 23 -0.188038931108 1.38275739569 2.95355372248 -1.7588352579 1.00012870126 
354 0 -0.719617427983 0.851178898812 2.42197522561 -2.29041375478 0.99999033495 
355 332 -0.628764222928 0.942032103867 2.51282843066 -2.19956054972 0.99964365448 
356 333 -0.632601064062 0.938195262732 2.50899158953 -2.20339739086 1.00068819675 
357 334 -0.666637961147 0.904158365648 2.47495469244 -2.23743428794 0.999440410982 
358 335 -0.468610165195 1.1021861616 2.67298248839 -2.03940649199 1.00111702353 
359 336 -0.423013822469 1.14778250433 2.71857883112 -1.99381014926 1.00615043198 
360 337 0.589012882841 2.15980920964 -2.55257977075 -0.981783443954 1.00174175702 
361 338 0.634524169862 2.20532049666 -2.50706848373 -0.936272156933 1.004098702 
362 339 0.601826100649 2.17262242744 -2.53976655294 -0.968970226146 1.00741405761 
363 340 0.66064218332 2.23143851012 -2.48095047027 -0.910154143475 1.00200544937 
364 341 0.77022464682 2.34102097361 -2.37136800677 -0.800571679975 1.00556389483 
365 342 -0.711213447276 0.859582879519 2.43037920631 -2.28200977407 1.00316611092 
366 343 -0.53114499885 1.03965132795 2.61044765474 -2.10194132564 1.0082920089 
367 344 -0.573424856744 0.997371470051 2.56816779685 -2.14422118354 1.00668349189 
368 345 -0.458658134167 1.11213819263 2.68293451942 -2.02945446096 1.0065154522 
369 346 -0.459647981861 1.11114834493 2.68194467173 -2.03044430866 1.00212646409 
370 347 -0.523113513425 1.04768281337 2.61847914016 -2.09390984022 1.00089159786 
371 348 -0.64009851487 0.930697811925 2.50149413872 -2.21089484166 0.99999976482 
372 349 -0.781861430137 0.788934896658 2.35973122345 -2.35265775693 0.999846648346 
373 350 0.239999998511 1.81079632531 -2.90159265508 -1.33079632828 0.999084160393 
374 351 0.0575504309277 1.62834675772 -3.08404222266 -1.51324589587 0.99782657538 
375 23 -0.366597165428 1.20419916137 2.77499548816 -1.93739349222 1.00061342904 
376 0 -0.554163534588 1.01663279221 2.587429119 -2.12495986138 1.00000150176 
377 354 -0.460883104749 1.10991322205 2.68070954884 -2.03167943154 0.999656803989 
378 355 -0.43827483221 1.13252149459 2.70331782138 -2.009071159 1.00042609389 
379 356 -0.68330386642 0.887492460375 2.45828878717 -2.25410019321 0.999473717836 
380 357 -0.483512225783 1.08728410101 2.65808042781 -2.05430855258 1.0011690149 
381 358 -0.440648514918 1.13014781188 2.70094413867 -2.01144484171 1.00677559414 
382 359 0.577612713251 2.14840904005 -2.56397994034 -0.993183613543 1.00126423637 
383 360 0.632796191245 2.20359251804 -2.50879646235 -0.93800013555 1.0036296697 
384 361 0.600242399494 2.17103872629 -2.5413502541 -0.970553927301 1.00781912508 
385 362 0.660890800504 2.2316871273 -2.48070185309 -0.909905526291 1.00173617256 
386 363 0.770358025665 2.34115435246 -2.37123462792 -0.80043830113 1.00526311117 
387 364 -0.713787549313 0.857008777482 2.42780510428 -2.28458387611 1.00298788129 
388 365 -0.527525545925 1.04327078087 2.61406710766 -2.09832187272 1.008708703 
389 366 -0.575710747674 0.995085579121 2.56588190592 -2.14650707447 1.00603373543 
390 367 -0.460202872562 1.11059345423 2.68138978103 -2.03099919936 1.00627728745 
391 368 -0.460978534137 1.10981779266 2.68061411945 -2.03177486093 1.00192340762 
392 369 -0.512468402341 1.05832792445 2.62912425125 -2.08326472914 1.00095592371 
393 370 -0.610196727264 0.960599599531 2.53139592633 -2.18099305406 0.999999889993 
394 371 -0.68380482348 0.886991503315 2.45778783011 -2.25460115027 0.999855789578 
395 372 -0.0885211955654 1.48227513123 3.05307145802 -1.65931752236 0.999393138825 
396 373 -0.118947782332 1.45184854446 3.02264487126 -1.68974410913 0.998384735898 
397 23 -0.562499088506 1.00829723829 2.57909356508 -2.1332954153 1.00030750756 
398 0 -0.376069186503 1.19472714029 2.76552346709 -1.9468655133 0.999999988554 
399 376 -0.237878131335 1.33291819546 2.90371452225 -1.80867445813 0.999657551308 
400 377 -0.0938276253857 1.47696870141 3.0477650282 -1.66462395218 1.00072058697 
401 378 0.746879816956 2.31767614375 -2.39471283663 -0.823916509839 0.999364466383 
402 379 -0.522107944606 1.04868838219 2.61948470898 -2.0929042714 1.00107883976 
403 380 -0.471688207823 1.09910811897 2.66990444577 -2.04248453462 1.00687181627 
404 381 0.56848742072 2.13928374751 -2.57310523287 -1.00230890608 1.00162859059 
405 382 0.620220584625 2.19101691142 -2.52137206897 -0.95057574217 1.00410221491 
406 383 0.58710135223 2.15789767903 -2.55449130136 -0.983694974565 1.00784930086 
407 384 0.659262207749 2.23005853454 -2.48233044584 -0.911534119046 1.00219940201 
408 385 0.765149543553 2.33594587035 -2.37644311004 -0.805646783242 1.00568165397 
409 386 -0.714094315457 0.856702011338 2.42749833813 -2.28489064225 1.00344601405 
410 387 -0.527503996803 1.04329232999 2.61408865679 -2.0983003236 1.00797566337 
411 388 -0.576666209376 0.994130117419 2.56492644421 -2.14746253617 1.0067233095 
412 389 -0.451531424151 1.11926490264 2.69006122944 -2.02232775095 1.00647558326 
413 390 -0.451472815788 1.11932351101 2.6901198378 -2.02226914258 1.00200292482 
414 391 -0.498816444485 1.07197988231 2.6427762091 -2.06961277128 1.00097607692 
415 392 -0.588652753295 0.9821435735 2.55293990029 -2.15944908009 0.999999992637 
416 393 -0.538638886658 1.03215744014 2.60295376693 -2.10943521345 0.999822531959 
417 394 -0.268413740713 1.30238258608 2.87317891288 -1.83921006751 0.999038133701 
418 395 -0.28365094404 1.28714538276 2.85794170955 -1.85444727083 0.998306859146 
419 23 -0.741981590919 0.828814735876 2.39961106267 -2.31277791771 1.00035423669 
420 0 -0.195475383065 1.37532094373 2.94611727052 -1.76627170986 1.0000011172 
421 398 -0.000312403107689 1.57048392369 3.14128025048 -1.5711087299 0.99965614859 
422 399 0.195142355184 1.76593868198 -2.94645029841 -1.37565397161 1.00042548701 
423 400 0.669559388668 2.24035571546 -2.47203326492 -0.901236938127 0.999475004739 
424 401 -0.552222687488 1.01857363931 2.5893699661 -2.12301901428 1.00116858087 
425 402 -0.482142773347 1.08865355345 2.65944988024 -2.05293910014 1.00676960455 
426 403 0.571776559815 2.14257288661 -2.56981609378 -0.99901976698 1.00126912737 
427 404 0.626676151951 2.19747247875 -2.51491650164 -0.944120174844 1.00363014584 
428 405 0.601042089842 2.17183841664 -2.54055056375 -0.969754236953 1.00782022417 
429 406 0.66209881216 2.23289513896 -2.47949384143 -0.908697514635 1.00173268077 
430 407 0.770741520532 2.34153784733 -2.37085113306 -0.800054806263 1.00526261826 
431 408 -0.710472461305 0.86032386549 2.43112019228 -2.2812687881 1.00299631077 
432 409 -0.531396985316 1.03939934148 2.61019566827 -2.10219331211 1.0086964456 
433 410 -0.571000468324 0.999795858471 2.57059218527 -2.14179679512 1.00603198868 
434 411 -0.451686985274 1.11910934152 2.68990566832 -2.02248331207 1.00627957549 
435 412 -0.446298193419 1.12449813338 2.69529446017 -2.01709452021 1.00192334861 
436 413 -0.496636550244 1.07415977655 2.64495610335 -2.06743287704 1.00095659392 
437 414 -0.57269535231 0.998100974485 2.56889730128 -2.14349167911 0.999999891261 
438 415 -0.526868699937 1.04392762686 2.61472395365 -2.09766502673 0.999855635867 
439 416 -0.417263915315 1.15353241148 2.72432873828 -1.98806024211 0.99939476924 
440 417 -0.43766893373 1.13312739306 2.70392371986 -2.00846526053 0.998382150953 
441 23 0.649611382561 2.22040770936 -2.49198127103 -0.921184944233 1.00030943416 
442 0 -0.0239598314135 1.54683649538 3.11763282218 -1.59475615821 0.99999234007 
443 420 0.20564118945 1.77643751624 -2.93595146414 -1.36515513735 0.999681002524 
444 421 0.364673914066 1.93547024086 -2.77691873952 -1.20612241273 1.00068677214 
445 422 0.678173208205 2.248969535 -2.46341944538 -0.89262311859 0.999466420694 
446 423 -0.550238476572 1.02055785022 2.59135417702 -2.12103480337 1.00111550609 
447 424 -0.463345037384 1.10745128941 2.67824761621 -2.03414136418 1.00592218918 
448 425 0.582430094364 2.15322642116 -2.55916255923 -0.988366232431 1.00169676167 
449 426 0.632536413855 2.20333274065 -2.50905623973 -0.93825991294 1.00408242943 
450 427 0.598177083183 2.16897340998 -2.54341557041 -0.972619243612 1.0072545061 
451 428 0.661706121056 2.23250244785 -2.47988653253 -0.909090205738 1.00196812618 
452 429 0.773076998076 2.34387332487 -2.36851565551 -0.797719328719 1.00556258937 
453 430 -0.709720472632 0.861075854163 2.43187218096 -2.28051679943 1.0031673979 
454 431 -0.527413003278 1.04338332352 2.61417965031 -2.09820933007 1.0082947323 
455 432 -0.570956783661 0.999839543134 2.57063586993 -2.14175311046 1.00668183881 
456 433 -0.449717529831 1.12107879696 2.69187512376 -2.02051385663 1.00651334163 
457 434 -0.445212354785 1.12558397201 2.6963802988 -2.01600868158 1.00212690982 
458 435 -0.492901632009 1.07789469479 2.64869102158 -2.0636979588 1.00086286689 
459 436 -0.568612293299 1.0021840335 2.57298036029 -2.13940862009 0.999999778442 
460 437 -0.567264580168 1.00353174663 2.57432807342 -2.13806090696 0.999853923954 
461 438 -0.534655245839 1.03614108096 2.60693740775 -2.10545157263 0.999083785702 
462 439 -0.58175341763 0.989042909165 2.55983923596 -2.15254974443 0.997824526593 
463 23 0.454495791352 2.02529211815 -2.68709686224 -1.11630053544 1.00061798483 
464 0 0.173143101878 1.74393942867 -2.96844955171 -1.39765322492 1.00000135703 
465 442 0.403613123434 1.97440945023 -2.73797953016 -1.16718320336 0.999723699321 
466 443 0.50252361144 2.07331993823 -2.63906904215 -1.06827271535 1.00050502748 
467 444 0.727334406287 2.29813073308 -2.4142582473 -0.843461920508 0.999427204458 
468 445 -0.527391200889 1.04340512591 2.6142014527 -2.09818752768 1.00100197704 
469 446 -0.45896150547 1.11183482132 2.68263114812 -2.02975783226 1.00696491885 
470 447 0.591101617829 2.16189794462 -2.55049103576 -0.979694708966 1.0014454037 
471 448 0.64337084376 2.21416717056 -2.49822180983 -0.927425483035 1.00357290556 
472 449 0.608314325639 2.17911065243 -2.53327832795 -0.962482001156 1.008120221 
473 450 0.665385444646 2.23618177144 -2.47620720894 -0.905410882149 1.00176220071 
474 451 0.774655898644 2.34545222544 -2.36693675495 -0.796140428151 1.0059231898 
475 452 -0.710251871725 0.86054445507 2.43134078186 -2.28104819852 1.00296352441 
476 453 -0.527677050029 1.04311927677 2.61391560356 -2.09847337682 1.00833376214 
477 454 -0.575351630682 0.995444696113 2.56624102291 -2.14614795748 1.00603084989 
478 455 -0.450573082847 1.12022324395 2.69101957074 -2.02136940964 1.00640313957 
479 456 -0.450599579639 1.12019674716 2.69099307395 -2.02139590643 1.0017819813 
480 457 -0.497177153687 1.07361917311 2.6444154999 -2.06797348048 1.00092926356 
481 458 -0.584201671256 0.986594655539 2.55739098233 -2.15499799805 0.999999940171 
482 459 -0.624032437155 0.94676388964 2.51756021643 -2.19482876395 0.9998365513 
483 460 -0.661162768381 0.909633558414 2.48042988521 -2.23195909518 0.999288202494 
484 461 -0.76971082319 0.801085503605 2.3718818304 -2.34050714998 0.998513539185 
485 23 0.277352902806 1.8481492296 -2.86423975078 -1.29344342399 1.00013078534 
486 0 0.345516758929 1.91631308572 -2.79607589466 -1.22527956787 1.00000142237 
487 464 0.534532545283 2.10532887208 -2.60706010831 -1.03626378151 0.999634508784 
488 465 0.613825775547 2.18462210234 -2.52776687804 -0.956970551248 1.00055002675 
489 466 -0.784892951051 0.785903375744 2.35669970254 -2.35568927785 0.999468727955 
490 467 -0.494136760549 1.07665956625 2.64745589304 -2.06493308734 1.00112198918 
491 468 -0.439954281677 1.13084204512 2.70163837191 -2.01075060847 1.0065009381 
492 469 0.598749566288 2.16954589308 -2.5428430873 -0.972046760507 1.00133209525 
493 470 0.646173793681 2.21697012048 -2.49541885991 -0.924622533113 1.00412388363 
494 471 0.603142751649 2.17393907844 -2.53844990194 -0.967653575146 1.00765841568 
495 472 0.661080523327 2.23187685012 -2.48051213026 -0.909715803468 1.00169044892 
496 473 0.771598315468 2.34239464226 -2.36999433812 -0.799198011327 1.0053984981 
497 474 -0.710767430771 0.860028896024 2.43082522282 -2.28156375757 1.00329759049 
498 475 -0.526925100436 1.04387122636 2.61466755315 -2.09772142723 1.00819846299 
499 476 -0.574216551917 0.996579774878 2.56737610167 -2.14501287871 1.00672985963 
500 477 -0.454226686631 1.11656964016 2.68736596696 -2.02502301343 1.00636400594 
501 478 -0.455568261179 1.11522806562 2.68602439241 -2.02636458797 1.00208641178 
502 479 -0.517293106538 1.05350322026 2.62429954705 -2.08808943333 1.00091998152 
503 480 -0.621574876376 0.949221450419 2.52001777721 -2.19237120317 0.999999359431 
504 481 -0.704146099442 0.866650227353 2.43744655415 -2.27494242624 0.999851248552 
505 482 0.76212954162 2.33292586842 -2.37946311197 -0.808666785175 0.999222767578 
506 483 0.597224200799 2.16802052759 -2.54436845279 -0.973572125996 0.998240059852 
507 23 0.0942529768631 1.66504930366 -3.04733967673 -1.47654334993 1.00048676122 
508 0 0.522461747325 2.09325807412 -2.61913090627 -1.04833457947 1.00000098267 
509 486 0.690752769262 2.26154909606 -2.45083988433 -0.880043557533 0.999586417931 
510 487 0.749794163715 2.32059049051 -2.39179848988 -0.82100216308 1.00055157853 
511 488 -0.723325846605 0.84747048019 2.41826680698 -2.2941221734 0.999439902716 
512 489 -0.473139960432 1.09765636636 2.66845269316 -2.04393628723 1.00114136338 
513 490 -0.417780423518 1.15301590328 2.72381223007 -1.98857675031 1.00682114199 
514 491 0.603542080824 2.17433840762 -2.53805057277 -0.967254245971 1.0013842259 
515 492 0.643354211112 2.21415053791 -2.49823844248 -0.927442115683 1.00412840139 
516 493 0.605220618919 2.17601694571 -2.53637203467 -0.965575707876 1.00787461926 
517 494 0.663393143147 2.23418946994 -2.47819951044 -0.907403183648 1.00176308907 
518 495 0.771572968273 2.34236929507 -2.37001968532 -0.799223358522 1.00539129446 
519 496 -0.713272339997 0.857523986798 2.42832031359 -2.28406866679 1.00330669029 
520 497 -0.531654811516 1.03914151528 2.60993784207 -2.10245113831 1.00811271077 
521 498 -0.578392215068 0.992404111727 2.56320043852 -2.14918854186 1.00673580017 
522 499 -0.459048962953 1.11174736384 2.68254369064 -2.02984528975 1.00642511974 
523 500 -0.460638441178 1.11015788562 2.68095421241 -2.03143476797 1.00209143298 
524 501 -0.52307451533 1.04772181147 2.61851813826 -2.09387084212 1.00095850125 
525 502 -0.645900561105 0.924895765689 2.49569209248 -2.2166968879 0.999999379047 
526 503 -0.779047832738 0.791748494057 2.36254482085 -2.34984415953 0.999843741789 
527 504 0.592215481268 2.16301180806 -2.54937717232 -0.978580845527 0.999223045769 
528 505 0.373708013785 1.94450434058 -2.7678846398 -1.19708831301 0.99823549504 
529 23 -0.0816658881086 1.48913043869 3.05992676548 -1.6524622149 1.00049537181 
530 0 0.703056509544 2.27385283634 -2.43853614405 -0.867739817251 0.999995058617 
531 508 -0.72704408022 0.843752246575 2.41454857337 -2.29784040701 0.999804005424 
532 509 -0.687464460292 0.883331866503 2.4541281933 -2.25826078709 1.00051959311 
533 510 -0.652029357349 0.918766969445 2.48956329624 -2.22282568414 0.99946264691 
534 511 -0.441774297735 1.12902202906 2.69981835585 -2.01257062453 1.00103848329 
535 512 -0.40440313876 1.16639318804 2.73718951483 -1.97519946555 1.00637077996 
536 513 0.593436046052 2.16423237285 -2.54815660754 -0.977360280743 1.00129306314 
537 514 0.637748264561 2.20854459136 -2.50384438903 -0.933048062234 1.00368891046 
538 515 0.610527756294 2.18132408309 -2.5310648973 -0.960268570501 1.00765834582 
539 516 0.661530699984 2.23232702678 -2.48006195361 -0.909265626811 1.00157770339 
540 517 0.770730527095 2.34152685389 -2.37086212649 -0.8000657997 1.00602628442 
541 518 -0.709571323676 0.861225003119 2.43202132991 -2.28036765047 1.00296602597 
542 519 -0.530554034428 1.04024229237 2.61103861916 -2.10135036122 1.00835953563 
543 520 -0.574875347744 0.995920979051 2.56671730585 -2.14567167454 1.0060268191 
544 521 -0.462552607153 1.10824371964 2.67904004644 -2.03334893395 1.00639142433 
545 522 -0.473078878074 1.09771744872 2.66851377552 -2.04387520487 1.00177372866 
546 523 -0.536212580822 1.03458374597 2.60538007277 -2.10700890762 1.00085169452 
547 524 -0.668345406206 0.902450920589 2.47324724738 -2.239141733 0.999999943473 
548 525 0.731792528133 2.30258885493 -2.40980012546 -0.839003798662 0.999850081651 
549 526 0.361665584138 1.93246191093 -2.77992706945 -1.20913074266 0.999290606352 
550 527 0.164903227271 1.73569955407 -2.97668942632 -1.40589309952 0.998515186581 
551 23 -0.262473027182 1.30832329961 2.87911962641 -1.83326935398 1.00012863819 
552 0 -0.692645855176 0.878150471619 2.44894679841 -2.26344218197 0.999990351395 
553 530 -0.574977672672 0.995818654123 2.56661498092 -2.14577399947 0.999643673863 
554 531 -0.527550373405 1.04324595339 2.61404228019 -2.0983467002 1.00068828655 
555 532 -0.593358571796 0.977437754999 2.54823408179 -2.16415489859 0.999440401639 
556 533 -0.452251122988 1.11854520381 2.6893415306 -2.02304744978 1.00111709122 
557 534 -0.423949933511 1.14684639328 2.71764272008 -1.99474626031 1.00615048719 
558 535 0.574593398126 2.14538972492 -2.56699925546 -0.996202928669 1.0017421093 
559 536 0.620840953162 2.19163727996 -2.52075170043 -0.949955373632 1.00409858954 
560 537 0.59457352338 2.16536985017 -2.54701913021 -0.976222803415 1.00741400493 
561 538 0.659043081603 2.2298394084 -2.48254957199 -0.911753245192 1.00200511461 
562 539 0.769578222739 2.34037454953 -2.37201443085 -0.801218104056 1.0055639274 
563 540 -0.711306680299 0.859489646496 2.43028597329 -2.28210300709 1.00316542419 
564 541 -0.530904936403 1.03989139039 2.61068771719 -2.1017012632 1.00829009839 
565 542 -0.572993497846 0.997802828949 2.56859915574 -2.14378982464 1.00668361768 
566 543 -0.458824080365 1.11197224643 2.68276857323 -2.02962040716 1.00651531305 
567 544 -0.4609657936 1.10983053319 2.68062685999 -2.0317621204 1.00213376127 
568 545 -0.5261086856 1.0446876412 2.61548396799 -2.09690501239 1.00089182945 
569 546 -0.651281928151 0.919514398644 2.49031072544 -2.22207825495 0.999999762905 
570 547 0.673671780192 2.24446810699 -2.4679208734 -0.897124546603 0.999846659888 
571 548 0.0862835980748 1.65707992487 -3.05530905551 -1.48451272872 0.999084080952 
572 549 -0.0106309035463 1.56016542325 3.13096175004 -1.58142723034 0.997826661596 
573 23 -0.435582809024 1.13521351777 2.70600984457 -2.00637913582 1.00061358001 
574 0 -0.528888733929 1.04190759287 2.61270391966 -2.09968506072 1.00000150693 
575 552 -0.400252178241 1.17054414855 2.74134047535 -1.97104850504 0.999656800754 
576 553 -0.296666636765 1.27412969003 2.84492601683 -1.86746296356 1.00042597973 
577 554 -0.604279109047 0.966517217748 2.53731354454 -2.17507543584 0.999473711214 
578 555 -0.500407092552 1.07038923424 2.64118556104 -2.07120341935 1.00116882257 
579 556 -0.466414537526 1.10438178927 2.67517811606 -2.03721086432 1.0067760568 
580 557 0.555054376676 2.12585070347 -2.58653827691 -1.01574195012 1.00126334627 
581 558 0.617875496548 2.18867182334 -2.52371715704 -0.952920830247 1.00362990796 
582 559 0.59440430296 2.16520062975 -2.54718835063 -0.976392023835 1.00781817325 
583 560 0.660410408643 2.23120673544 -2.48118224495 -0.910385918152 1.00173869688 
584 561 0.770576144254 2.34137247105 -2.37101650934 -0.800220182541 1.00526217036 
585 562 -0.712678780284 0.858117546511 2.42891387331 -2.28347510708 1.00298789733 
586 563 -0.52561769325 1.04517863354 2.61597496034 -2.09641402005 1.00870887877 
587 564 -0.572276199013 0.998520127782 2.56931645458 -2.14307252581 1.00603361766 
588 565 -0.455703522215 1.11509280458 2.68588913137 -2.02649984901 1.00627740896 
589 566 -0.454267997521 1.11652832927 2.68732465607 -2.02506432432 1.00192334967 
590 567 -0.500753286019 1.07004304078 2.64083936757 -2.07154961281 1.00095594247 
591 568 -0.575913100401 0.994883226394 2.56567955319 -2.1467094272 0.999999889688 
592 569 -0.325493960551 1.24530236624 2.81609869304 -1.89629028735 0.99985577669 
593 570 -0.117008678136 1.45378764866 3.02458397545 -1.68780500493 0.999393280192 
594 571 -0.171325211864 1.39947111493 2.97026744173 -1.74212153866 0.998384721264 
595 23 -0.620566589083 0.950229737712 2.52102606451 -2.19136291588 1.00030746336 
596 0 -0.354039772328 1.21675655447 2.78755288126 -1.92483609912 0.999999999637 
597 574 -0.18713749011 1.38365883669 2.95445516348 -1.7579338169 0.999657540542 
598 575 -0.0402346505894 1.53056167621 3.101358003 -1.61103097738 1.00072068953 
599 576 0.500172991475 2.07096931827 -2.64141966211 -1.07062333532 0.999364469805 
600 577 -0.583151825251 0.987644501544 2.55844082834 -2.15394815205 1.00107894638 
601 578 -0.515787995922 1.05500833087 2.62580465767 -2.08658432272 1.00687217206 
602 579 0.547366308521 2.11816263532 -2.59422634507 -1.02343001827 1.00162875645 
603 580 0.611321967036 2.18211829383 -2.53027068655 -0.959474359758 1.00410218889 
604 581 0.586748786309 2.1575451131 -2.55484386728 -0.984047540486 1.00784934105 
605 582 0.660618621545 2.23141494834 -2.48097403205 -0.91017770525 1.00219856144 
606 583 0.766267262623 2.33706358942 -2.37532539097 -0.804529064172 1.00568167957 
607 584 -0.712156504339 0.858639822456 2.42943614925 -2.28295283113 1.00344688015 
608 585 -0.524433140588 1.04636318621 2.617159513 -2.09522946738 1.00797566315 
609 586 -0.570727462709 1.00006886409 2.57086519088 -2.1415237895 1.00672333584 
610 587 -0.442295398512 1.12850092828 2.69929725508 -2.01309172531 1.0064755631 
611 588 -0.435657122611 1.13513920418 2.70593553098 -2.00645344941 1.00200289078 
612 589 -0.46980299851 1.10099332828 2.67178965508 -2.04059932531 1.00097626921 
613 590 -0.513091157426 1.05770516937 2.62850149616 -2.08388748422 0.999999992254 
614 591 -0.367089919456 1.20370640734 2.77450273413 -1.93788624625 0.999822536573 
615 592 -0.274665549173 1.29613077762 2.86692710442 -1.84546187597 0.999038037596 
616 593 -0.331210899646 1.23958542715 2.81038175394 -1.90200722644 0.998307027044 
617 23 0.78340833036 2.35420465715 -2.35818432323 -0.787387996435 1.00035425703 
618 0 -0.178115398873 1.39268092792 2.96347725472 -1.74891172567 1.00000113227 
619 596 0.0193273716229 1.59012369842 -3.12226528197 -1.55146895517 0.999656168507 
620 597 0.166348924169 1.73714525096 -2.97524372942 -1.40444740263 1.00042548233 
621 598 0.532665865545 2.10346219234 -2.60892678804 -1.03813046125 0.999474999925 
622 599 -0.619830764079 0.950965562716 2.52176188951 -2.19062709087 1.00116859277 
623 600 -0.524718139824 1.04607818697 2.61687451377 -2.09551446662 1.00676926856 
624 601 0.559665263017 2.13046158981 -2.58192739057 -1.01113106378 1.00126907923 
625 602 0.62875262668 2.19954895348 -2.51284002691 -0.942043700115 1.00363029148 
626 603 0.608552769456 2.17934909625 -2.53303988413 -0.962243557339 1.00781930516 
627 604 0.665393892557 2.23619021935 -2.47619876103 -0.905402434238 1.00173517009 
628 605 0.772060845339 2.34285717213 -2.36953180825 -0.798735481456 1.00526434274 
629 606 -0.709316946766 0.861479380029 2.43227570682 -2.28011327356 1.00298692187 
630 607 -0.528940808361 1.04185551843 2.61265184523 -2.09973713516 1.0087067089 
631 608 -0.565127691147 1.00566863565 2.57646496244 -2.13592401794 1.00603195632 
632 609 -0.440869849507 1.12992647729 2.70072280408 -2.0116661763 1.00627963673 
633 610 -0.426531229403 1.14426509739 2.71506142419 -1.9973275562 1.00192334807 
634 611 -0.461482688335 1.10931363846 2.68010996525 -2.03227901513 1.00095748491 
635 612 -0.503729601181 1.06706672561 2.63786305241 -2.07452592798 0.999999890924 
636 613 -0.448362167322 1.12243415947 2.69323048627 -2.01915849412 0.999855635424 
637 614 -0.430695385577 1.14010094122 2.71089726801 -2.00149171237 0.999394765326 
638 615 -0.485339028354 1.08545729844 2.65625362524 -2.05613535515 0.998381644741 
639 23 0.618497166354 2.18929349315 -2.52309548724 -0.952299160441 1.00030942029 
640 0 -0.0118213805049 1.55897494629 3.12977127308 -1.5826177073 0.999992347349 
641 618 0.202955090763 1.77375141756 -2.93863756283 -1.36784123603 0.999680983528 
642 619 0.332703533359 1.90349986015 -2.80888912023 -1.23809279344 1.00068671182 
643 620 0.602473061226 2.17326938802 -2.53911959236 -0.968323265569 0.999466536127 
644 621 -0.598547572647 0.972248754148 2.54304508094 -2.16934389944 1.00110922407 
645 622 -0.490688113309 1.08010821349 2.65090454028 -2.0614844401 1.00592179219 
646 623 0.586394425224 2.15719075202 -2.55519822837 -0.984401901571 1.00169652735 
647 624 0.651185135551 2.22198146235 -2.49040751804 -0.919611191243 1.00408244745 
648 625 0.617122957278 2.18791928407 -2.52446969631 -0.953673369517 1.00725480093 
649 626 0.666113742183 2.23691006898 -2.47547891141 -0.904682584612 1.00196765439 
650 627 0.773090518103 2.3438868449 -2.36850213549 -0.797705808692 1.00556346112 
651 628 -0.711232871387 0.859563455408 2.4303597822 -2.28202919818 1.00317695119 
652 629 -0.52856503501 1.04223129178 2.61302761858 -2.09936136181 1.00826459148 
653 630 -0.569649309616 1.00114701718 2.57194334397 -2.14044563641 1.0066868208 
654 631 -0.443442533918 1.12735379288 2.69815011967 -2.01423886071 1.00651330017 
655 632 -0.431034593485 1.13976173331 2.7105580601 -2.00183092028 1.00212748435 
656 633 -0.46839837192 1.10239795488 2.67319428167 -2.03919469871 1.00085941524 
657 634 -0.529505879303 1.04129044749 2.61208677429 -2.1003022061 0.999999795474 
658 635 -0.537810784196 1.0329855426 2.60378186939 -2.10860711099 0.999853928193 
659 636 -0.561202936644 1.00959339015 2.58038971695 -2.13199926344 0.999083834978 
660 637 -0.6284584182 0.942337908595 2.51313423539 -2.199254745 0.997824761642 
661 23 0.439197777692 2.00999410449 -2.7023948759 -1.1315985491 1.0006180344 
662 0 0.179474416154 1.75027074295 -2.96211823744 -1.39132191064 1.00000135499 
663 640 0.394797247302 1.9655935741 -2.74679540629 -1.17599907949 0.999723667962 
664 641 0.480915335821 2.05171166262 -2.66067731777 -1.08988099097 1.0005050124 
665 642 0.688975634702 2.2597719615 -2.45261701889 -0.881820692093 0.999426002912 
666 643 -0.552294471261 1.01850185553 2.58929818233 -2.12309079806 1.00101853175 
667 644 -0.464427926936 1.10636839986 2.67716472665 -2.03522425373 1.00696116551 
668 645 0.618160565433 2.18895689223 -2.52343208816 -0.952635761362 1.00144578103 
669 646 0.684893493319 2.25568982011 -2.45669916027 -0.885902833476 1.00357283415 
670 647 0.639771079616 2.21056740641 -2.50182157397 -0.931025247178 1.00812186808 
671 648 0.66895507186 2.23975139865 -2.47263758173 -0.901841254935 1.0017633599 
672 649 0.77113464185 2.34193096864 -2.37045801174 -0.799661684945 1.00592029225 
673 650 -0.718066123623 0.852730203172 2.42352652997 -2.28886245042 1.00296496257 
674 651 -0.536375655163 1.03442067163 2.60521699843 -2.10717198196 1.00834740325 
675 652 -0.584142041329 0.986654285466 2.55745061226 -2.15493836812 1.0060305248 
676 653 -0.456505174263 1.11429115253 2.68508747933 -2.02730150106 1.00640314198 
677 654 -0.452838544391 1.1179577824 2.6887541092 -2.02363487119 1.00178211723 
678 655 -0.495649207092 1.0751471197 2.6459434465 -2.06644553389 1.00093103125 
679 656 -0.581810605318 0.988985721477 2.55978204827 -2.15260693211 0.99999994101 
680 657 -0.634493378898 0.936302947897 2.50709927469 -2.20528970569 0.999836547114 
681 658 -0.702862049044 0.867934277751 2.43873060455 -2.27365837584 0.999288206243 
682 659 0.765407780023 2.33620410682 -2.37618487357 -0.805388546772 0.998513840751 
683 23 0.274750509882 1.84554683668 -2.86684214371 -1.29604581691 1.00013079202 
684 0 0.34744556358 1.91824189037 -2.79414709001 -1.22335076321 1.000001432 
685 662 0.52824828048 2.09904460728 -2.61334437311 -1.04254804631 0.999634545464 
686 663 0.606060039748 2.17685636654 -2.53553261384 -0.964736287047 1.00055002752 
687 664 0.779949173112 2.35074549991 -2.36164348048 -0.790847153683 0.999468744934 
688 665 -0.488066657243 1.08272966955 2.65352599635 -2.05886298404 1.00111640143 
689 666 -0.415851765712 1.15494456108 2.72574088788 -1.98664809251 1.00652712806 
690 667 0.656557353448 2.22735368024 -2.48503530014 -0.914238973347 1.00133175477 
691 668 0.71512954245 2.28592586924 -2.42646311114 -0.855666784345 1.00412532057 
692 669 0.648800215644 2.21959654244 -2.49279243795 -0.921996111151 1.00765395371 
693 670 0.660923188127 2.23171951492 -2.48066946546 -0.909873138668 1.00169070661 
694 671 0.761960466876 2.33275679367 -2.37963218671 -0.808835859919 1.00539941294 
695 672 -0.728318065421 0.842478261374 2.41327458817 -2.29911439222 1.00329582611 
696 673 -0.547372981008 1.02342334579 2.59421967258 -2.1181693078 1.00819490213 
697 674 -0.599895209518 0.970901117277 2.54169744407 -2.17069153631 1.00673191662 
698 675 -0.480808976061 1.08998735073 2.66078367753 -2.05160530286 1.00636485992 
699 676 -0.484963246682 1.08583308011 2.65662940691 -2.05575957348 1.00208643971 
700 677 -0.550744481449 1.02005184535 2.59084817214 -2.12154080824 1.00091995451 
701 678 -0.665783779248 0.905012547547 2.47580887434 -2.23658010604 0.999999359446 
702 679 -0.758307735979 0.812488590816 2.38328491761 -2.32910406277 0.999851254901 
703 680 0.707717199491 2.27851352629 -2.4338754541 -0.863079127303 0.999222758719 
704 681 0.590081744997 2.16087807179 -2.55151090859 -0.980714581798 0.998239819853 
705 23 0.104169394251 1.67496572105 -3.03742325934 -1.46662693254 1.00048682263 
706 0 0.520650811257 2.09144713805 -2.62094184233 -1.05014551554 1.00000061903 
707 684 0.690632996177 2.26142932297 -2.45095965741 -0.880163330618 0.999586360287 
708 685 0.756640145037 2.32743647183 -2.38495250855 -0.814156181758 1.00055154663 
709 686 -0.691961948139 0.878834378655 2.44963070545 -2.26275827493 0.999439921016 
710 687 -0.426671191212 1.14412513558 2.71492146238 -1.99746751801 1.00114458897 
711 688 -0.348835890601 1.22196043619 2.79275676299 -1.9196322174 1.00675569656 
712 689 0.702300736524 2.27309706332 -2.43929191707 -0.868495590271 1.00138968233 
713 690 0.745214628283 2.31601095508 -2.39637802531 -0.825581698512 1.00412652404 
714 691 0.661873368976 2.23266969577 -2.47971928461 -0.908922957819 1.0078756602 
715 692 0.656108306905 2.2269046337 -2.48548434668 -0.914688019889 1.00176385192 
716 693 0.753681081048 2.32447740784 -2.38791157254 -0.817115245747 1.0053914064 
717 694 -0.743569123504 0.827227203291 2.39802353009 -2.3143654503 1.0033075305 
718 695 -0.567195732453 1.00360059434 2.57439692114 -2.13799205925 1.0081120317 
719 696 -0.626914404401 0.943881922394 2.51467824919 -2.1977107312 1.00673494814 
720 697 -0.515666443786 1.05512988301 2.6259262098 -2.08646277058 1.00642266532 
721 698 -0.530128469189 1.04066785761 2.6114641844 -2.10092479598 1.00209115712 
722 699 -0.607988979331 0.962807347464 2.53360367426 -2.17878530613 1.00095850647 
723 700 -0.753223397516 0.817572929279 2.38836925607 -2.32401972431 0.999999379121 
724 701 0.682121082638 2.25291740943 -2.45947157095 -0.888675244157 0.999843739208 
725 702 0.544103349715 2.11489967651 -2.59748930387 -1.02669297708 0.999223081354 
726 703 0.407226599204 1.978022926 -2.73436605439 -1.16356972759 0.998235239487 
727 23 -0.0603517067973 1.51044462 3.08124094679 -1.63114803359 1.00049529069 
728 0 0.697300170393 2.26809649719 -2.4442924832 -0.873496156402 0.999994497677 
729 706 -0.720743249792 0.850053077003 2.4208494038 -2.29153957659 0.999804738531 
730 707 -0.66864638526 0.902149941535 2.47294626833 -2.23944271205 1.00051971274 
731 708 -0.565343449914 1.00545287688 2.57624920368 -2.13613977671 0.999462611505 
732 709 -0.328918180757 1.24187814604 2.81267447283 -1.89971450755 1.00103851924 
733 710 -0.266046770376 1.30474955642 2.87554588321 -1.83684309717 1.00640187463 
734 711 0.74652738249 2.31732370929 -2.3950652711 -0.824268944305 1.0012896614 
735 712 0.7738054344 2.3446017612 -2.36778721919 -0.796990892394 1.00369117553 
736 713 0.672664496669 2.24346082346 -2.46892815692 -0.898131830126 1.00765042666 
737 714 0.645712115045 2.21650844184 -2.49588053854 -0.92508421175 1.00157674248 
738 715 0.745146560778 2.31594288757 -2.39644609281 -0.825649766017 1.00601881129 
739 716 -0.753596359025 0.81719996777 2.38799629456 -2.32439268582 1.00296568863 
740 717 -0.582650342665 0.98814598413 2.55894231092 -2.15344666946 1.00835892125 
741 718 -0.651748614157 0.919047712638 2.48984403943 -2.22254494095 1.00602999837 
742 719 -0.559302140795 1.011494186 2.58229051279 -2.13009846759 1.00639452312 
743 720 -0.599636936964 0.97115938983 2.54195571663 -2.17043326376 1.00177343494 
744 721 -0.696706114821 0.874090211974 2.44488653877 -2.26750244162 1.00085188466 
745 722 0.695122936749 2.26591926354 -2.44646971684 -0.875673390046 0.999999942432 
746 723 0.539597434905 2.1103937617 -2.60199521869 -1.03119889189 0.99985008589 
747 724 0.372666578602 1.9434629054 -2.76892607499 -1.19812974819 0.999290484505 
748 725 0.228558986126 1.79935531292 -2.91303366746 -1.34223734067 0.998515494579 
749 23 -0.229693476221 1.34110285057 2.91189917737 -1.80048980302 1.00012871807 
750 0 -0.70149104769 0.869305279105 2.4401016059 -2.27228737449 0.999989982415 
751 728 -0.564670738817 1.00612558798 2.57692191477 -2.13546706561 0.999643602977 
752 729 -0.511554006925 1.05924231987 2.63003864666 -2.08235033372 1.00068819934 
753 730 -0.420869746565 1.14992658023 2.72072290703 -1.99166607336 0.999440433492 
754 731 -0.225239229416 1.34555709738 2.91635342417 -1.79603555621 1.00111712496 
755 732 -0.167386891802 1.40340943499 2.97420576179 -1.7381832186 1.00614831327 
756 733 0.775103073753 2.34589940055 -2.36648957984 -0.795693253042 1.00175188288 
757 734 0.737613006831 2.30840933363 -2.40397964676 -0.833183319964 1.00409146013 
758 735 0.629267813749 2.20006414054 -2.51232483984 -0.941528513046 1.00743763494 
759 736 0.642765081397 2.21356140819 -2.49882757219 -0.928031245398 1.00199612535 
760 737 0.740416274395 2.31121260119 -2.40117637919 -0.8303800524 1.00558545147 
761 738 -0.763423194966 0.807373131829 2.37816945862 -2.33421952176 1.00315977185 
762 739 -0.595742013662 0.975054313132 2.54585063993 -2.16653834046 1.00829022644 
763 740 -0.68099084606 0.889805480735 2.46060180753 -2.25178717286 1.00668202222 
764 741 -0.611665978429 0.959130348366 2.52992667516 -2.18246230522 1.00651399974 
765 742 -0.676763858924 0.894032467871 2.46482879467 -2.24756018572 1.00213374136 
766 743 0.758241522395 2.32903784919 -2.38335113119 -0.8125548044 1.00089174126 
767 744 0.533545332422 2.10434165922 -2.60804732117 -1.03725099437 0.999999762674 
768 745 0.346049940499 1.91684626729 -2.79554271309 -1.2247463863 0.999846651891 
769 746 0.186532964577 1.75732929137 -2.95505968901 -1.38426336222 0.999084171113 
770 747 0.0665445844582 1.63734091125 -3.07504806913 -1.50425174234 0.99782665465 
771 23 -0.392181216453 1.17861511034 2.74941143714 -1.96297754325 1.00061334966 
772 0 -0.541710755016 1.02908557178 2.59988189857 -2.11250708181 1.0000015049 
773 2 -0.464068602033 1.10672772476 2.67752405156 -2.03486492883 0.999656847059 
774 3 -0.507262993555 1.06353333324 2.63432966003 -2.07805932035 1.00042598289 
775 4 -0.566146638239 1.00464968856 2.57544601535 -2.13694296503 0.999473730574 
776 5 -0.638491881765 0.93230444503 2.50310077182 -2.20928820856 1.00116878958 
777 6 -0.701678617166 0.869117709629 2.43991403642 -2.27247494396 1.00677470464 
778 7 0.172499563404 1.7432958902 -2.96909309019 -1.39829676339 1.00126340103 
779 8 0.0793359649738 1.65013229177 -3.06225668862 -1.49146036182 1.0036290875 
780 9 0.0564188359086 1.6272151627 -3.08517381768 -1.51437749089 1.00781183658 
781 10 0.00100263494671 1.57179896174 -3.14059001864 -1.56979369185 1.0017361757 
782 11 0.0274427645366 1.59823909133 -3.11414988905 -1.54335356226 1.00525753242 
783 12 0.0304684686593 1.60126479545 -3.11112418493 -1.54032785814 1.00299126331 
784 13 0.0231700069308 1.59396633373 -3.11842264666 -1.54762631986 1.00870699697 
785 14 -0.0450590835204 1.52573724327 3.09653357007 -1.61585541032 1.00603342546 
786 15 -0.236924684076 1.33387164272 2.90466796951 -1.80772101087 1.00627699669 
787 16 -0.437503842886 1.13329248391 2.7040888107 -2.00830016968 1.00192327546 
788 17 -0.572946216048 0.997850110746 2.56864643754 -2.14374254284 1.00095588322 
789 18 -0.62601775323 0.944778573565 2.51557490036 -2.19681408002 0.999999889326 
790 19 -0.64345716634 0.927339160455 2.49813548725 -2.21425349313 0.999855786992 
791 20 -0.642782855699 0.928013471096 2.49880979789 -2.21357918249 0.999393267029 
792 21 -0.658467991753 0.912328335042 2.48312466184 -2.22926431855 0.998384802426 
793 22 -0.64224973919 0.928546587605 2.4993429144 -2.21304606599 1.00030752927 
794 795 0.378325518728 1.94912184552 -2.76326713486 -1.19247080807 1.97387245108 
795 794 0.70744235654 2.27823868333 -2.43415029705 -0.863353970255 0.992943373408 
796 795 0.6522935259 2.2230898527 -2.48929912769 -0.918502800895 2.03824475799 
797 798 0.500003578238 2.07079990503 -2.64158907535 -1.07079274856 1.99267958966 
798 794 0.758789155317 2.32958548211 -2.38280349827 -0.812007171478 0.998133998845 
799 795 0.0484182810193 1.61921460781 -3.09317437257 -1.52237804578 2.03077803909 
800 801 0.0801688810599 1.65096520785 -3.06142377253 -1.49062744573 1.97118453216 
801 797 0.757678408296 2.32847473509 -2.38391424529 -0.813117918499 0.994649972338 
802 798 0.603172890529 2.17396921732 -2.53841976306 -0.967623436266 2.02991395624 
803 804 0.487477033013 2.05827335981 -2.65411562058 -1.08331929378 1.99980408736 
804 800 0.746907970579 2.31770429737 -2.39468468301 -0.823888356216 0.996059586711 
805 801 0.0432412266911 1.61403755349 -3.0983514269 -1.5275551001 2.04079066111 
806 807 0.0549049834951 1.62570131029 -3.08668767009 -1.5158913433 1.97273814555 
807 803 0.74546732248 2.31626364928 -2.39612533111 -0.825329004315 0.996085568925 
808 804 0.0354653627018 1.6062616895 -3.10612729089 -1.53533096409 2.03067652394 
809 810 0.266134936835 1.83693126363 -2.87545771676 -1.30466138996 1.99268259033 
810 806 0.73930397015 2.31010029695 -2.40228868344 -0.831492356644 0.997302775814 
811 807 0.280201769735 1.85099809653 -2.86139088385 -1.29059455706 2.03099280387 
812 813 0.442539305554 2.01333563235 -2.69905334804 -1.12825702124 1.97386585623 
813 809 0.736662815554 2.30745914235 -2.40492983804 -0.834133511241 0.992943131402 
814 810 0.628425661226 2.19922198802 -2.51316699236 -0.942370665569 2.03825250866 
815 816 0.532597943192 2.10339426999 -2.6089947104 -1.0381983836 1.99268486304 
816 812 0.744838943586 2.31563527038 -2.39675371 -0.825957383209 0.998133188653 
817 813 0.0758995622448 1.64669588904 -3.06569309134 -1.49489676455 2.03077125469 
818 819 0.100094116593 1.67089044339 -3.041498537 -1.4707022102 1.97117972959 
819 815 0.752274235806 2.3230705626 -2.38931841778 -0.818522090989 0.994650370072 
820 816 0.600773132344 2.17156945914 -2.54081952125 -0.970023194451 2.02991555813 
821 822 0.524502028284 2.09529835508 -2.61709062531 -1.04629429851 1.99980731048 
822 818 0.747872778452 2.31866910525 -2.39371987514 -0.822923548342 0.996059146946 
823 819 0.0563378890438 1.62713421584 -3.08525476455 -1.51445843775 2.04079420698 
824 825 0.0575926272543 1.62838895405 -3.08400002634 -1.51320369954 1.9727394468 
825 821 0.752241255697 2.32303758249 -2.38935139789 -0.818555071098 0.99608578287 
826 822 0.0411401068764 1.61193643367 -3.10045254671 -1.52965621992 2.03067497534 
827 828 0.299517104241 1.87031343104 -2.84207554935 -1.27127922255 1.99268112842 
828 824 0.750110807689 2.32090713448 -2.3914818459 -0.820685519106 0.997302826912 
829 825 0.344778260504 1.9155745873 -2.79681439309 -1.22601806629 2.03099282685 
830 831 0.490707738772 2.06150406557 -2.65088491482 -1.08008858802 1.97386534984 
831 827 0.75065010189 2.32144642869 -2.3909425517 -0.820146224905 0.992943123184 
832 828 0.643497953633 2.21429428043 -2.49809469996 -0.927298373162 2.03825255791 
833 834 0.573815082345 2.14461140914 -2.56777757124 -0.996981244449 1.99268478784 
834 830 0.761732932672 2.33252925947 -2.37985972092 -0.809063394123 0.998133256148 
835 831 0.0749365902114 1.64573291701 -3.06665606338 -1.49585973658 2.03077074901 
836 837 0.0830612980621 1.65385762486 -3.05853135553 -1.48773502873 1.97118114843 
837 833 0.770982792509 2.3417791193 -2.37060986108 -0.799813534286 0.994650616711 
838 834 0.62934150531 2.20013783211 -2.51225114828 -0.941454821485 2.02991357527 
839 840 0.552579514792 2.12337584159 -2.5890131388 -1.018216812 1.99980817898 
840 836 0.767787155532 2.33858348233 -2.37380549806 -0.803009171263 0.996058862759 
841 837 0.0479242290872 1.61872055588 -3.0936684245 -1.52287209771 2.04079646933 
842 843 0.037360018199 1.60815634499 -3.10423263539 -1.5334363086 1.9727354377 
843 839 0.772723931457 2.34352025825 -2.36886872213 -0.798072395337 0.996086457401 
844 840 0.0333577217545 1.60415404855 -3.10823493184 -1.53743860504 2.03067529044 
845 846 0.27280429386 1.84360062066 -2.86878835973 -1.29799203293 1.99268585055 
846 842 0.770331636602 2.3411279634 -2.37126101699 -0.800464690193 0.997302085001 
847 843 0.338824373768 1.90962070056 -2.80276827982 -1.23197195303 2.03098973656 
848 849 0.503609231946 2.07440555874 -2.63798342164 -1.06718709485 1.97386300629 
849 845 0.769635588818 2.34043191561 -2.37195706477 -0.801160737977 0.992942947535 
850 846 0.663499430108 2.2342957569 -2.47809322348 -0.907296896687 2.03825807986 
851 852 0.608858169603 2.1796544964 -2.53273448399 -0.961938157192 1.99268556206 
852 848 0.779169297736 2.34996562453 -2.36242335585 -0.791627029059 0.998134181558 
853 849 0.0522339167323 1.62303024353 -3.08935873686 -1.51856241006 2.03076477952 
854 855 0.0641664912343 1.63496281803 -3.07742616236 -1.50662983556 1.97117843693 
855 851 0.785204934097 2.35600126089 -2.35638771949 -0.785591392698 0.994649937961 
856 852 0.646054989528 2.21685131632 -2.49553766406 -0.924741337267 2.02991647272 
857 858 0.643711194456 2.21450752125 -2.49788145913 -0.927085132339 1.99980803052 
858 854 0.778050986611 2.34884731341 -2.36354166698 -0.792745340184 0.996058771938 
859 855 0.0321274743767 1.60292380117 -3.10946517921 -1.53866885242 2.04079696785 
860 861 0.0407176808616 1.61151400766 -3.10087497273 -1.53007864593 1.97274178705 
861 857 0.7767483792 2.34754470599 -2.36484427439 -0.794047947595 0.996087271148 
862 858 0.0242097406522 1.59500606745 -3.11738291294 -1.54658658614 2.0306729794 
863 794 0.736188988142 2.30698531494 -2.40540366545 -0.834607338653 1.99267517536 
864 795 0.713635177165 2.28443150396 -2.42795747642 -0.85716114963 0.997301895931 
865 861 0.209483107382 1.78027943418 -2.93210954621 -1.36131321941 2.03099455201 
866 867 0.000387683858677 1.57118401065 -3.14120496973 -1.57040864294 2.19971117386 
867 866 -0.697444845189 0.873351481606 2.4441478084 -2.26824117198 1.07509829138 
868 867 0.000818333418394 1.57161466021 -3.14077432017 -1.56997799338 2.15283123453 
869 867 -0.000300833807771 1.57049549299 3.14129181978 -1.5710971606 2.15033890079 
870 867 -1.37598197804e-05 1.57078256698 3.14157889377 -1.57081008661 2.2038000094 
871 867 -7.13256969952e-05 1.5707250011 3.14152132789 -1.57086765249 2.15035413102 
872 867 -0.000832813725687 1.56996351307 3.14075983986 -1.57162914052 2.15279508256 
873 867 0.000387494485865 1.57118382128 -3.1412051591 -1.57040883231 2.19975131523 
874 867 0.000817678215401 1.57161400501 -3.14077497537 -1.56997864858 2.15279662281 
875 867 -0.000302144695863 1.5704941821 3.14129050889 -1.57109847149 2.15034527546 
876 867 -1.38193965174e-05 1.5707825074 3.14157883419 -1.57081014619 2.20381700562 
877 867 -7.13167726325e-05 1.57072501002 3.14152133682 -1.57086764357 2.15034557777 
878 867 -0.000833188100467 1.56996313869 3.14075946549 -1.5716295149 2.15279522779 
879 867 0.000387411938096 1.57118373873 -3.14120524165 -1.57040891486 2.19975283858 
880 867 0.000817329904468 1.5716136567 -3.14077532369 -1.56997899689 2.15279512136 
881 867 -0.000302593964654 1.57049373283 3.14129005963 -1.57109892076 2.15033622792 
882 867 -1.42413142041e-05 1.57078208548 3.14157841228 -1.57081056811 2.20383017315 
883 867 -7.08113977523e-05 1.5707255154 3.14152184219 -1.57086713819 2.15034665138 
884 867 -0.000831744048769 1.56996458275 3.14076090954 -1.57162807084 2.1527807457 
885 867 0.000386664037484 1.57118299083 -3.14120598955 -1.57040966276 2.19978069845 
886 867 0.000811664253446 1.57160799105 -3.14078098934 -1.56998466254 2.15276322221 
887 867 -0.000298665318218 1.57049766148 3.14129398827 -1.57109499211 2.15035262066 
888 867 -1.35184678616e-05 1.57078280833 3.14157913512 -1.57080984526 2.20383365614 
889 867 -6.77681268752e-05 1.57072855867 3.14152488546 -1.57086409492 2.15033460864 
890 866 -0.000739305388902 1.57005702141 3.1408533482 -1.57153563218 2.15280612307 
