502 4 0
0 5 0.77754034346 2.34833667026 -2.36405231013 -0.793255983334
1 8 0.540912260317 2.11170858711 -2.60068039327 -1.02988406648
2 10 0.41674606677 1.98754239356 -2.72484658682 -1.15405026002
3 24 0.428956593308 1.9997529201 -2.71263606028 -1.14183973349
4 23 0.506353987665 2.07715031446 -2.63523866593 -1.06444233913
5 0 -0.76288431355 0.807912013245 2.37870834004 -2.33368064035
6 36 -0.119202896165 1.45159343063 3.02238975743 -1.68999922296
7 11 0.372268758122 1.94306508492 -2.76932389547 -1.19852756867
8 1 0.401241721176 1.97203804797 -2.74035093241 -1.16955460562
9 136 0.0129915545882 1.58378788138 -3.128601099 -1.55780477221
10 2 0.469505336677 2.04030166347 -2.67208731691 -1.10129099012
11 7 0.293730553356 1.86452688015 -2.84786210023 -1.27706577344
12 18 -0.733902365032 0.836893961762 2.40769028856 -2.30469869183
13 27 -0.280733407599 1.2900629192 2.86085924599 -1.85152973439
14 30 0.529433678164 2.10023000496 -2.61215897543 -1.04136264863
15 31 -0.720225469257 0.850570857538 2.42136718433 -2.29102179605
16 36 -0.603161624064 0.967634702731 2.53843102953 -2.17395795086
17 25 0.735755266863 2.30655159366 -2.40583738673 -0.835041059932
18 12 -0.727347497618 0.843448829177 2.41424515597 -2.29814382441
19 26 0.742977398566 2.31377372536 -2.39861525502 -0.827818928229
20 88 0.457295799399 2.02809212619 -2.68429685419 -1.1135005274
21 2 0.753806213963 2.32460254076 -2.38778643963 -0.816990112832
22 58 0.246030128828 1.81682645562 -2.89556252476 -1.32476619797
23 4 0.470386816156 2.04118314295 -2.67120583743 -1.10040951064
24 3 0.514079203695 2.08487553049 -2.62751344989 -1.0567171231
25 17 0.689090365604 2.2598866924 -2.45250228799 -0.881705961191
26 19 0.642024769799 2.21282109659 -2.49956788379 -0.928771556996
27 13 -0.209886882698 1.3609094441 2.93170577089 -1.78068320949
28 13 0.611112567915 2.18190889471 -2.53048008567 -0.95968375888
29 5 -0.313171304016 1.25762502278 2.82842134957 -1.88396763081
30 14 0.345022487861 1.91581881466 -2.79657016573 -1.22577383893
31 14 -0.535292465135 1.03550386166 2.60630018845 -2.10608879193
32 3 -0.673091792627 0.897704534168 2.46850086096 -2.24388811942
33 3 -0.475968162964 1.09482816383 2.66562449063 -2.04676448976
34 14 0.546874423766 2.11767075056 -2.59471822982 -1.02392190303
35 104 -0.451779824072 1.11901650272 2.68981282952 -2.02257615087
36 6 -0.122201551835 1.44859477496 3.01939110175 -1.69299787863
37 4 -0.203135063112 1.36766126368 2.93845759048 -1.77393138991
38 58 0.489681013621 2.06047734042 -2.65191163997 -1.08111531317
39 88 -0.72431753413 0.846478792665 2.41727511946 -2.29511386093
40 24 0.618356953275 2.18915328007 -2.52323570031 -0.952439373519
41 13 -0.323043507316 1.24775281948 2.81854914627 -1.89383983411
42 19 0.166103695795 1.73690002259 -2.97548895779 -1.404692631
43 1 -0.699703814536 0.871092512259 2.44188883905 -2.27050014133
44 45 -0.775620615398 0.795175711397 2.36597203819 -2.34641694219
45 44 -0.662128446602 0.908667880193 2.47946420699 -2.2329247734
46 40 0.195023065037 1.76581939183 -2.94656958855 -1.37577326176
47 2 0.652750330185 2.22354665698 -2.48884232341 -0.91804599661
48 75 0.234254489882 1.80505081668 -2.90733816371 -1.33654183691
49 51 -0.0778943395582 1.49290198724 3.06369831403 -1.64869066635
50 128 -0.140806379336 1.42998994746 3.00078627425 -1.71160270613
51 49 -0.0458068603883 1.52498946641 3.0957857932 -1.61660318718
52 51 -0.303936732201 1.26685959459 2.83765592139 -1.874733059
53 8 0.781277038195 2.35207336499 -2.36031561539 -0.7895192886
54 166 -0.678205538281 0.892590788514 2.46338711531 -2.24900186508
55 0 -0.31500747745 1.25578884934 2.82658517614 -1.88580380424
56 19 0.68225533547 2.25305166226 -2.45933731812 -0.888540991325
57 25 -0.382491594459 1.18830473234 2.75910105913 -1.95328792125
58 22 0.144255756936 1.71505208373 -2.99733689665 -1.42654056986
59 3 -0.272237502427 1.29855882437 2.86935515116 -1.84303382922
60 25 0.471709736745 2.04250606354 -2.66988291684 -1.09908659005
61 44 -0.55538773392 1.01540859287 2.58620491967 -2.12618406071
62 14 -0.722939401394 0.847856925401 2.4186532522 -2.29373572819
63 15 0.072994622106 1.6437909489 -3.06859803148 -1.49780170469
64 65 0.378548638392 1.94934496519 -2.7630440152 -1.1922476884
65 22 -0.347685132511 1.22311119428 2.79390752108 -1.91848145931
66 7 -0.526387852411 1.04440847438 2.61520480118 -2.09718417921
67 87 -0.328481937885 1.24231438891 2.8131107157 -1.89927826468
68 28 0.0580779677479 1.62887429454 -3.08351468584 -1.51271835905
69 23 0.552934509644 2.12373083644 -2.58865814395 -1.01786181715
70 85 -0.775825355239 0.794970971556 2.36576729835 -2.34662168203
71 86 0.0692249363226 1.64002126312 -3.07236771727 -1.50157139047
72 105 -0.773546194333 0.797250132462 2.36804645926 -2.34434252113
73 65 0.679102975946 2.24989930274 -2.46248967764 -0.891693350849
74 22 0.178113073359 1.74890940015 -2.96347958023 -1.39268325344
75 48 0.318874867177 1.88967119397 -2.82271778641 -1.25192145962
76 46 -0.419256820338 1.15153950646 2.72233583325 -1.99005314713
77 89 -0.335940632404 1.23485569439 2.80565202119 -1.9067369592
78 49 -0.605785136225 0.96501119057 2.53580751737 -2.17658146302
79 1 -0.442929742073 1.12786658472 2.69866291152 -2.01372606887
80 1 0.158353868719 1.72915019551 -2.98323878487 -1.41244245808
81 6 -0.216197432526 1.35459889427 2.92539522106 -1.78699375932
82 16 -0.151853097611 1.41894322918 2.98973955598 -1.72264942441
83 33 0.117015293983 1.68781162078 -3.02457735961 -1.45378103281
84 38 -0.561672127831 1.00912419896 2.57992052576 -2.13246845463
85 70 -0.763668446519 0.807127880276 2.37792420707 -2.33446477331
86 71 0.129308417032 1.70010474383 -3.01228423656 -1.44148790976
87 0 0.659114380824 2.22991070762 -2.48247827277 -0.911681945971
88 20 0.100150993121 1.67094731992 -3.04144166047 -1.47064533367
89 77 -0.588092872161 0.982703454634 2.55349978143 -2.15888919896
90 52 0.194960493177 1.76575681997 -2.94663216041 -1.37583583362
91 58 -0.138767742557 1.43202858424 3.00282491103 -1.70956406935
92 84 -0.595451793802 0.975344532993 2.54614085979 -2.1662481206
93 17 -0.547635067901 1.02316125889 2.59395758569 -2.1184313947
94 49 0.58584225991 2.1566385867 -2.55575039368 -0.984954066885
95 52 -0.666558499053 0.904237827742 2.47503415454 -2.23735482585
96 3 -0.689787553838 0.881008772957 2.45180509975 -2.26058388063
97 49 -0.282573662772 1.28822266402 2.85901899082 -1.85336998957
98 77 -0.28278720025 1.28800912655 2.85880545334 -1.85358352704
99 0 0.127236046948 1.69803237374 -3.01435660664 -1.44356027985
100 15 0.749346838395 2.32014316519 -2.3922458152 -0.8214494884
101 73 0.239776187232 1.81057251403 -2.90181646636 -1.33102013956
102 22 0.0782397817466 1.64903610854 -3.06335287184 -1.49255654505
103 91 -0.594278441802 0.976517884993 2.54731421179 -2.1650747686
104 34 -0.152546264946 1.41825006185 2.98904638864 -1.72334259174
105 72 -0.737232018436 0.833564308359 2.40436063515 -2.30802834523
106 3 0.398501772468 1.96929809926 -2.74309088112 -1.17229455433
107 48 0.625589590758 2.19638591755 -2.51600306283 -0.945206736037
108 10 0.754512034779 2.32530836157 -2.38708061881 -0.816284292015
109 180 -0.608220451251 0.962575875544 2.53337220234 -2.17901677805
110 1 -0.168762467859 1.40203385894 2.97283018573 -1.73955879465
111 187 0.0423537197672 1.61315004656 -3.09923893382 -1.52844260703
112 73 0.642011248118 2.21280757491 -2.49958140547 -0.928785078677
113 91 0.720186908729 2.29098323552 -2.42140574486 -0.850609418066
114 94 -0.0354294703628 1.53536685643 3.10616318323 -1.60622579716
115 90 0.494048309531 2.06484463633 -2.64754434406 -1.07674801726
116 74 -0.507880703426 1.06291562337 2.63371195016 -2.07867703022
117 74 0.235403526113 1.80619985291 -2.90618912748 -1.33539280068
118 91 0.230715704511 1.80151203131 -2.91087694908 -1.34008062228
119 13 -0.680149051325 0.89064727547 2.46144360226 -2.25094537812
120 41 0.306694973162 1.87749129996 -2.83489768043 -1.26410135363
121 18 -0.294670570835 1.27612575596 2.84692208275 -1.86546689763
122 15 0.781659160354 2.35245548715 -2.35993349324 -0.789137166441
123 84 0.0179925131635 1.58878883996 -3.12360014043 -1.55280381363
124 11 0.36891682627 1.93971315306 -2.77267582732 -1.20187950053
125 94 0.0205181713643 1.59131449816 -3.12107448223 -1.55027815543
126 100 -0.589685675357 0.981110651438 2.55190697823 -2.16048200215
127 5 0.568632935299 2.13942926209 -2.57295971829 -1.0021633915
128 2 0.304385218183 1.87518154498 -2.83720743541 -1.26641110861
129 10 -0.361666337758 1.20912998904 2.77992631583 -1.93246266455
130 115 -0.503879226554 1.06691710024 2.63771342704 -2.07467555335
131 4 -0.0810932788615 1.48970304793 3.06049937473 -1.65188960566
132 104 0.693310084987 2.26410641178 -2.4482825686 -0.877486241808
133 92 0.0318846991158 1.60268102591 -3.10970795447 -1.53891162768
134 184 -0.549317716726 1.02147861007 2.59227493686 -2.12011404352
135 101 0.369807278063 1.94060360486 -2.77178537553 -1.20098904873
136 9 0.10374262045 1.67453894724 -3.03785003314 -1.46705370634
137 113 -0.0940345430734 1.47676178372 3.04755811052 -1.66483086987
138 118 0.198125683685 1.76892201048 -2.94346696991 -1.37267064311
139 140 0.134485575805 1.7052819026 -3.00710707778 -1.43631075099
140 139 -0.468282883016 1.10251344378 2.67330977057 -2.03907920981
141 6 -0.730507146564 0.840289180231 2.41108550703 -2.30130347336
142 30 -0.482235226872 1.08856109992 2.65935742672 -2.05303155367
143 39 0.0154264783478 1.58622280514 -3.12616617524 -1.55536984845
144 23 -0.0776799533424 1.49311637345 3.06391270025 -1.64847628014
145 1 0.446130567859 2.01692689465 -2.69546208573 -1.12466575894
146 115 -0.187128127665 1.38366819913 2.95446452592 -1.75792445446
147 11 -0.226132538614 1.34466378818 2.91546011498 -1.79692886541
148 35 -0.695544488546 0.875251838249 2.44604816504 -2.26634081534
149 71 0.154380896626 1.72517722342 -2.98721175696 -1.41641543017
150 94 0.604657553478 2.17545388027 -2.53693510011 -0.966138773317
151 70 -0.695555375976 0.875240950819 2.44603727761 -2.26635170277
152 67 0.654471090081 2.22526741688 -2.48712156351 -0.916325236714
153 116 0.276939857626 1.84773618442 -2.86465279596 -1.29385646917
154 117 0.335129327915 1.90592565471 -2.80646332568 -1.23566699888
155 20 0.242786739553 1.81358306635 -2.89880591404 -1.32800958724
156 105 -0.119881323523 1.45091500327 3.02171133007 -1.69067765032
157 26 -0.616701228262 0.954095098532 2.52489142533 -2.18749755506
158 133 0.0947829439624 1.66557927076 -3.04680970963 -1.47601338283
159 14 -0.684524459437 0.886271867358 2.45706819415 -2.25532078623
160 100 0.772710446741 2.34350677354 -2.36888220685 -0.798085880054
161 125 0.105378557999 1.67617488479 -3.03621409559 -1.4654177688
162 9 -0.639884780923 0.930911545871 2.50170787267 -2.21068110772
163 169 -0.492616782123 1.07817954467 2.64897587147 -2.06341310892
164 71 0.662221510563 2.23301783736 -2.47937114303 -0.908574816232
165 37 0.646582566823 2.21737889362 -2.49501008677 -0.924213759972
166 20 -0.640810056772 0.929986270022 2.50078259682 -2.21160638357
167 35 0.378644841599 1.94944116839 -2.76294781199 -1.1921514852
168 238 -0.317698038011 1.25309828878 2.82389461558 -1.88849436481
169 61 -0.778872987182 0.791923339613 2.36271966641 -2.34966931398
170 49 -0.14214343906 1.42865288774 2.99944921453 -1.71293976585
171 347 0.722941290996 2.29373761779 -2.41865136259 -0.847855035799
172 153 0.427122994995 1.99791932179 -2.71446965859 -1.1436733318
173 154 -0.14957140042 1.42122492637 2.99202125317 -1.72036772722
174 138 0.647747706191 2.21854403299 -2.4938449474 -0.923048620603
175 4 -0.239315768239 1.33148055856 2.90227688535 -1.81011209503
176 14 0.0102238621606 1.58102018896 -3.13136879143 -1.56057246463
177 76 -0.177327555361 1.39346877143 2.96426509823 -1.74812388216
178 116 -0.424595534012 1.14620079278 2.71699711958 -1.99539186081
179 0 0.292687951622 1.86348427842 -2.84890470197 -1.27810837517
180 23 -0.0572362643085 1.51356006249 3.08435638928 -1.6280325911
181 9 0.702697429863 2.27349375666 -2.43889522373 -0.868098896932
182 125 0.629909030571 2.20070535737 -2.51168362302 -0.940887296224
183 35 -0.37280880561 1.19798752118 2.76878384798 -1.9436051324
184 134 -0.619882571999 0.950913754796 2.52171008159 -2.19067889879
185 150 -0.254417311651 1.31637901514 2.88717534194 -1.82521363845
186 222 -0.504865047239 1.06593127956 2.63672760635 -2.07566137403
187 35 0.189686987828 1.76048331462 -2.95190566576 -1.38110933897
188 134 0.129114678508 1.6999110053 -3.01247797508 -1.44168164829
189 125 -0.112013707489 1.45878261931 3.0295789461 -1.68281003428
190 63 -0.742967669423 0.827828657371 2.39862498417 -2.31376399622
191 49 0.009627097154 1.58042342395 -3.13196555644 -1.56116922964
192 72 0.426858695998 1.99765502279 -2.71473395759 -1.1439376308
193 14 0.111422723121 1.68221904992 -3.03016993047 -1.45937360367
194 34 0.758535289928 2.32933161672 -2.38305736366 -0.812261036867
195 144 -0.391340227727 1.17945609907 2.75025242586 -1.96213655452
196 185 0.695202942336 2.26599926913 -2.44638971125 -0.875593384459
197 178 -0.743966725101 0.826829601694 2.39762592849 -2.3147630519
198 172 0.580634021609 2.1514303484 -2.56095863198 -0.990162305186
199 196 -0.412804317263 1.15799200953 2.72878833633 -1.98360064406
200 182 -0.500791113919 1.07000521288 2.64080153967 -2.07158744071
201 20 0.0495561773414 1.62035250414 -3.09203647625 -1.52124014945
202 27 -0.00343725739948 1.5673590694 3.13815539619 -1.57423358419
203 196 0.700814620473 2.27161094727 -2.44077803312 -0.869981706322
204 20 0.331224439297 1.90202076609 -2.81036821429 -1.2395718875
205 77 0.659856397442 2.23065272424 -2.48173625615 -0.910939929353
206 111 0.612295874588 2.18309220138 -2.529296779 -0.958500452207
207 18 -0.681779407834 0.889016918961 2.45981324576 -2.25257573463
208 182 -0.0621863298041 1.50860999699 3.07940632379 -1.6329826566
209 146 -0.237129138325 1.33366718847 2.90446351527 -1.80792546512
210 0 0.254308708222 1.82510503502 -2.88728394537 -1.31648761857
211 77 0.306426977501 1.8772233043 -2.83516567609 -1.26436934929
212 174 -0.0917790911297 1.47901723567 3.04981356246 -1.66257541792
213 50 0.539866885875 2.11066321267 -2.60172576771 -1.03092944092
214 139 0.265706940654 1.83650326745 -2.87588571294 -1.30508938614
215 44 -0.518639172029 1.05215715477 2.62295348156 -2.08943549882
216 161 0.638075854661 2.20887218146 -2.50351679893 -0.932720472134
217 20 -0.753874343371 0.816921983424 2.38771831022 -2.32467067017
218 50 -0.433876339025 1.13691998777 2.70771631457 -2.00467266582
219 77 0.647765365864 2.21856169266 -2.49382728773 -0.92303096093
220 17 -0.0701631728853 1.50063315391 3.0714294807 -1.64095949968
221 77 -0.0994542420142 1.47134208478 3.04213841158 -1.67025056881
222 72 0.667689349393 2.23848567619 -2.4739033042 -0.903106977402
223 148 -0.784724515163 0.786071811632 2.35686813843 -2.35552084196
224 39 0.653401943423 2.22419827022 -2.48819071017 -0.917394383372
225 140 0.742523684735 2.31332001153 -2.39906896886 -0.82827264206
226 81 -0.209178775389 1.36161755141 2.9324138782 -1.77997510218
227 19 -0.579677040625 0.99111928617 2.56191561297 -2.15047336742
228 196 -0.637967366166 0.932828960628 2.50362528742 -2.20876369296
229 200 -0.591890532988 0.978905793807 2.5497021206 -2.16268685978
230 17 0.0543131007048 1.6251094275 -3.08727955289 -1.51648322609
231 6 -0.466088578326 1.10470774847 2.67550407526 -2.03688490512
232 77 0.576143902573 2.14694022937 -2.56544875102 -0.994652424222
233 186 -0.627087244161 0.943709082634 2.51450540943 -2.19788357096
234 111 0.54066148857 2.11145781537 -2.60093116502 -1.03013483822
235 98 0.250882520688 1.82167884748 -2.8907101329 -1.31991380611
236 72 -0.165377231726 1.40541909507 2.97621542186 -1.73617355852
237 109 0.66158684501 2.2323831718 -2.48000580858 -0.909209481785
238 163 0.429481419847 2.00027774664 -2.71211123374 -1.14131490695
239 6 -0.763681518977 0.807114807818 2.37791113461 -2.33447784577
240 184 -0.576558349634 0.99423797716 2.56503430396 -2.14735467643
241 9 0.413971843596 1.98476817039 -2.72762080999 -1.1568244832
242 228 -0.295887414764 1.27490891203 2.84570523883 -1.86668374156
243 81 0.227926821448 1.79872314824 -2.91366583214 -1.34286950535
244 214 0.108153145233 1.67894947203 -3.03343950836 -1.46264318156
245 66 0.0503784182696 1.62117474506 -3.09121423532 -1.52041790853
246 67 -0.313771868492 1.2570244583 2.8278207851 -1.88456819529
247 16 0.36099717092 1.93179349771 -2.78059548267 -1.20979915587
248 28 0.428805531381 1.99960185818 -2.71278712221 -1.14199079541
249 28 -0.340766975966 1.23002935083 2.80082567762 -1.91156330276
250 9 0.462042097995 2.03283842479 -2.67955055559 -1.1087542288
251 35 0.282524073251 1.85332040005 -2.85906858034 -1.28827225354
252 20 -0.137896637205 1.43289968959 3.00369601638 -1.708692964
253 132 0.55201735706 2.12281368385 -2.58957529653 -1.01877896973
254 100 0.302798311124 1.87359463792 -2.83879434247 -1.26799801567
255 4 0.327979624612 1.89877595141 -2.81361302898 -1.24281670218
256 70 0.554775537709 2.1255718645 -2.58681711588 -1.01602078909
257 22 -0.577164471236 0.993631855559 2.56442818235 -2.14796079803
258 22 -0.23926947529 1.33152685151 2.9023231783 -1.81006580208
259 13 0.164692728674 1.73548905547 -2.97689992492 -1.40610359812
260 1 0.182285822102 1.7530821489 -2.95930683149 -1.38851050469
261 18 0.0921783235333 1.66297465033 -3.04941433006 -1.47861800326
262 19 0.521273176016 2.09206950281 -2.62031947757 -1.04952315078
263 163 -0.421219062223 1.14957726457 2.72037359137 -1.99201538902
264 48 -0.602541449149 0.968254877646 2.53905120444 -2.17333777594
265 49 -0.689124636799 0.881671689996 2.45246801679 -2.25992096359
266 38 -0.0464596885853 1.52433663821 3.095132965 -1.61725601538
267 38 0.165944595892 1.73674092269 -2.9756480577 -1.4048517309
268 3 0.331433697653 1.90223002445 -2.81015895594 -1.23936262914
269 68 -0.0278933539456 1.54290297285 3.11369929964 -1.59868968074
270 18 -0.199389878187 1.37140644861 2.9422027754 -1.77018620498
271 38 0.770825101202 2.341621428 -2.37076755239 -0.799971225593
272 67 -0.596073660444 0.974722666351 2.54551899315 -2.16686998724
273 84 -0.141650859596 1.4291454672 2.99994179399 -1.71244718639
274 1 -0.779411636899 0.791384689896 2.36218101669 -2.35020796369
275 68 -0.708594837705 0.86220148909 2.43299781589 -2.2793911645
276 19 0.461164354753 2.03196068155 -2.68042829884 -1.10963197204
277 44 -0.332197966998 1.2385983598 2.80939468659 -1.90299429379
278 92 0.384577638794 1.95537396559 -2.7570150148 -1.186218688
279 43 -0.454870035001 1.11592629179 2.68672261859 -2.0256663618
280 7 0.627387645382 2.19818397218 -2.51420500821 -0.943408681413
281 27 0.509017149896 2.07981347669 -2.63257550369 -1.0617791769
282 12 -0.301446202405 1.26935012439 2.84014645119 -1.8722425292
283 103 -0.0719850052854 1.49881132151 3.0696076483 -1.64278133208
284 92 0.630592152795 2.20138847959 -2.51100050079 -0.940204174
285 278 0.105218214221 1.67601454102 -3.03637443937 -1.46557811257
286 109 0.73298327343 2.30377960022 -2.40860938016 -0.837813053365
287 12 -0.695786105249 0.875010221545 2.44580654834 -2.26658243204
288 84 -0.723778165858 0.847018160937 2.41781448773 -2.29457449265
289 1 -0.383467150795 1.187329176 2.75812550279 -1.95426347759
290 271 -0.573733179619 0.997063147176 2.56785947397 -2.14452950641
291 133 0.473703952578 2.04450027937 -2.66788870101 -1.09709237422
292 285 -0.401433923328 1.16936240347 2.74015873026 -1.97223025012
293 103 0.361671760746 1.93246808754 -2.77992089284 -1.20912456605
294 290 -0.681650642095 0.8891456847 2.4599420115 -2.25244696889
295 57 0.530866125305 2.1016624521 -2.61072652828 -1.03993020149
296 25 0.654358722147 2.22515504894 -2.48723393144 -0.916437604648
297 17 -0.488347956233 1.08244837056 2.65324469736 -2.05914428303
298 360 0.375839295541 1.94663562234 -2.76575335805 -1.19495703125
299 57 -0.433489628722 1.13730669807 2.70810302487 -2.00428595552
300 138 -0.439635173154 1.13116115364 2.70195748044 -2.01043149995
301 17 0.227866961329 1.79866328812 -2.91372569226 -1.34292936547
302 37 -0.659243244268 0.911553082527 2.48234940932 -2.23003957106
303 46 0.11907387208 1.68987019888 -3.02251878151 -1.45172245471
304 30 -0.219487691923 1.35130863487 2.92210496167 -1.79028401872
305 97 -0.356742477927 1.21405384887 2.78485017566 -1.92753880472
306 9 -0.0588667308141 1.51192959598 3.08272592278 -1.62966305761
307 143 -0.763201099531 0.807595227264 2.37839155406 -2.33399742633
308 309 -0.400225869697 1.1705704571 2.74136678389 -1.97102219649
309 308 -0.403421135717 1.16737519108 2.73817151787 -1.97421746251
310 187 0.682356900086 2.25315322688 -2.4592357535 -0.888439426709
311 313 0.200380461023 1.77117678782 -2.94121219257 -1.37041586577
312 308 0.779278844826 2.35007517162 -2.36231380876 -0.791517481969
313 308 -0.660367660811 0.910428665984 2.48122499278 -2.23116398761
314 308 0.215732699135 1.78652902593 -2.92585995446 -1.35506362766
315 149 -0.583222450463 0.987573876332 2.55837020313 -2.15401877726
316 186 -0.356559408148 1.21423691865 2.78503324544 -1.92735573494
317 278 -0.564826799216 1.00596952758 2.57676585437 -2.13562312601
318 50 0.387253158773 1.95804948557 -2.75433949482 -1.18354316802
319 311 0.434708586549 2.00550491334 -2.70688406704 -1.13608774025
320 312 0.489230549729 2.06002687652 -2.65236210386 -1.08156577707
321 285 0.0105583469722 1.58135467377 -3.13103430662 -1.56023797982
322 311 -0.0801662368015 1.49063008999 3.06142641679 -1.6509625636
323 40 0.574731006224 2.14552733302 -2.56686164737 -0.996065320571
324 33 -0.376620887489 1.19417543931 2.7649717661 -1.94741721428
325 319 -0.473908599315 1.09688772748 2.66768405428 -2.04470492611
326 71 -0.43666942518 1.13412690161 2.70492322841 -2.00746575197
327 312 -0.396600345587 1.17419598121 2.744992308 -1.96739667238
328 218 0.432861879627 2.00365820642 -2.70873077396 -1.13793444717
329 325 0.505056176467 2.07585250326 -2.63653647712 -1.06574015033
330 343 -0.760992515287 0.809803811507 2.3806001383 -2.33178884208
331 5 -0.00669215294488 1.56410417385 3.13490050064 -1.57748847974
332 59 0.336136404638 1.90693273143 -2.80545624895 -1.23465992216
333 377 -0.739495236351 0.831301090444 2.40209741724 -2.31029156315
334 35 0.601961305665 2.17275763246 -2.53963134792 -0.96883502113
335 72 0.596335835017 2.16713216181 -2.54525681857 -0.974460491777
336 24 0.591349090003 2.1621454168 -2.55024356359 -0.979447236792
337 285 -0.184194150917 1.38660217588 2.95739850267 -1.75499047771
338 50 0.140481706763 1.71127803356 -3.00111094683 -1.43031462003
339 320 0.347773169478 1.91856949627 -2.79381948411 -1.22302315732
340 320 -0.329606216736 1.24119011006 2.81198643685 -1.90040254353
341 55 0.217088965172 1.78788529197 -2.92450368842 -1.35370736162
342 54 -0.676713411547 0.894082915247 2.46487924204 -2.24750973834
343 330 -0.74743173363 0.823364593165 2.39416091996 -2.31822806042
344 320 -0.18685978466 1.38393654214 2.95473286893 -1.75765611145
345 312 0.78347902799 2.35427535478 -2.3581136256 -0.787317298805
346 148 0.209816086358 1.78061241315 -2.93177656723 -1.36098024044
347 171 0.649406892491 2.22020321929 -2.4921857611 -0.921389434304
348 0 0.450367141232 2.02116346803 -2.69122551236 -1.12042918556
349 339 0.357454643904 1.9282509707 -2.78413800969 -1.21334168289
350 339 0.312060149634 1.88285647643 -2.82953250396 -1.25873617716
351 319 0.232112204218 1.80290853101 -2.90948044937 -1.33868412258
352 132 0.637064518378 2.20786084517 -2.50452813521 -0.933731808416
353 291 0.578029932808 2.1488262596 -2.56356272078 -0.992766393986
354 40 0.325083351318 1.89587967811 -2.81650930227 -1.24571297548
355 83 -0.381860028587 1.18893629821 2.759732625 -1.95265635538
356 299 0.430748853892 2.00154518069 -2.7108437997 -1.1400474729
357 268 0.441182791411 2.01197911821 -2.70040986218 -1.12961353538
358 139 -0.499003085872 1.07179324092 2.64258956772 -2.06979941267
359 354 0.263931833286 1.83472816008 -2.8776608203 -1.30686449351
360 134 -0.328521475884 1.24227485091 2.81307117771 -1.89931780268
361 72 -0.743364281186 0.827432045609 2.3982283724 -2.31416060798
362 83 -0.5485758059 1.02222052089 2.59301684769 -2.11937213269
363 40 -0.392996097249 1.17780022955 2.74859655634 -1.96379242404
364 305 0.0434886598815 1.61428498668 -3.09810399371 -1.52730766691
365 268 -0.666089832226 0.904706494569 2.47550282136 -2.23688615902
366 399 0.286926312619 1.85772263941 -2.85466634097 -1.28387001418
367 122 -0.696396686013 0.874399640782 2.44519596758 -2.26719301281
368 168 -0.203451620434 1.36734470636 2.93814103316 -1.77424794723
369 71 -0.30799932562 1.26279700118 2.83359332797 -1.87879565241
370 15 -0.0647025871224 1.50609373967 3.07689006647 -1.63549891392
371 2 -0.43372856187 1.13706776493 2.70786409172 -2.00452488866
372 150 0.730974175358 2.30177050215 -2.41061847823 -0.839822151437
373 19 0.665498430476 2.23629475727 -2.47609422311 -0.905297896319
374 158 0.202309785286 1.77310611208 -2.9392828683 -1.36848654151
375 376 -0.565544193626 1.00525213317 2.57604845996 -2.13634052042
376 170 0.341549046679 1.91234537347 -2.80004360691 -1.22924728012
377 333 -0.667308652155 0.90348767464 2.47428400143 -2.23810497895
378 191 -0.0907681434153 1.48002818338 3.05082451017 -1.66156447021
379 375 -0.24421534223 1.32658098456 2.89737731136 -1.81501166903
380 97 -0.398147171415 1.17264915538 2.74344548218 -1.96894349821
381 8 0.00831921348603 1.57911554028 -3.1332734401 -1.56247711331
382 52 0.0605305151283 1.63132684192 -3.08106213846 -1.51026581167
383 375 0.191475208972 1.76227153577 -2.95011744462 -1.37932111782
384 49 0.719594975521 2.29039130232 -2.42199767807 -0.851201351274
385 109 -0.568570241698 1.0022260851 2.57302241189 -2.13936656849
386 54 0.36490688606 1.93570321285 -2.77668576753 -1.20588944074
387 139 -0.148094484183 1.42270184261 2.99349816941 -1.71889081098
388 199 0.678116915322 2.24891324212 -2.46347573827 -0.892679411473
389 37 0.341624272776 1.91242059957 -2.79996838081 -1.22917205402
390 8 -0.761280797953 0.809515528842 2.38031185564 -2.33207712475
391 379 -0.461898117216 1.10889820958 2.67969453637 -2.03269444401
392 97 0.754193586217 2.32498991301 -2.38739906737 -0.816602740578
393 146 -0.66742170983 0.903374616965 2.47417094376 -2.23821803663
394 383 -0.353410063586 1.21738626321 2.78818259 -1.92420639038
395 97 0.65331993539 2.22411626218 -2.4882727182 -0.917476391405
396 364 -0.29934856373 1.27144776307 2.84224408986 -1.87014489052
397 116 0.629622545544 2.20041887234 -2.51197010805 -0.941173781251
398 330 0.607846812654 2.17864313945 -2.53374584094 -0.962949514141
399 366 0.342345443225 1.91314177002 -2.79924721037 -1.22845088357
400 333 -0.391120855172 1.17967547162 2.75047179842 -1.96191718197
401 399 0.535812582632 2.10660890943 -2.60578007096 -1.03498374416
402 333 0.448173914166 2.01897024096 -2.69341873942 -1.12262241263
403 394 0.231193791022 1.80199011782 -2.91039886257 -1.33960253577
404 46 -0.0857456471341 1.48505067966 3.05584700646 -1.65654197393
405 366 0.504160856684 2.07495718348 -2.63743179691 -1.06663547011
406 394 -0.230334058767 1.34046226803 2.91125859482 -1.80113038556
407 366 -0.447441890169 1.12335443663 2.69415076342 -2.01823821696
408 366 -0.0364220559381 1.53437427086 3.10517059765 -1.60721838273
409 391 -0.414556134736 1.15624019206 2.72703651885 -1.98535246153
410 407 -0.174503129457 1.39629319734 2.96708952413 -1.74529945625
411 407 -0.585756591565 0.98503973523 2.55583606202 -2.15655291836
412 410 0.512998332006 2.0837946588 -2.62859432158 -1.05779799479
413 406 -0.668625748309 0.902170578486 2.47296690528 -2.2394220751
414 111 0.709560306162 2.28035663296 -2.43203234743 -0.861236020633
415 330 0.0999991081057 1.6707954349 -3.04159354548 -1.47079721869
416 409 -0.154000411552 1.41679591524 2.98759224204 -1.72479673835
417 343 0.553363953089 2.12416027988 -2.5882287005 -1.01743237371
418 134 -0.269662517741 1.30113380905 2.87193013585 -1.84045884454
419 134 -0.113852440071 1.45694388672 3.02774021352 -1.68464876687
420 411 0.541708616955 2.11250494375 -2.59988403664 -1.02908770984
421 61 0.32743249071 1.8982288175 -2.81416016288 -1.24336383608
422 54 -0.322377449496 1.2484188773 2.81921520409 -1.89317377629
423 86 -0.256067220591 1.3147291062 2.885525433 -1.82686354739
424 416 -0.37382814843 1.19696817836 2.76776450516 -1.94462447523
425 44 0.039010761617 1.60980708841 -3.10258189197 -1.53178556518
426 71 -0.269767952665 1.30102837413 2.87182470092 -1.84056427946
427 54 -0.160317409201 1.41047891759 2.98127524439 -1.731113736
428 86 0.135850020245 1.70664634704 -3.00574263334 -1.43494630655
429 333 0.734400145354 2.30519647215 -2.40719250824 -0.836396181441
430 76 0.426740921917 1.99753724871 -2.71485173167 -1.14405540488
431 76 0.0749426981328 1.64573902493 -3.06664995546 -1.49585362866
432 149 0.241165307702 1.8119616345 -2.90042734589 -1.32963101909
433 407 0.101204731078 1.67200105787 -3.04038792251 -1.46959159572
434 171 0.0964261592902 1.66722248609 -3.0451664943 -1.4743701675
435 309 -0.108229729065 1.46256659773 3.03336292453 -1.67902605586
436 343 -0.649375360266 0.921420966529 2.49221729332 -2.22017168706
437 312 0.198119241334 1.76891556813 -2.94347341226 -1.37267708546
438 313 0.425743024211 1.99653935101 -2.71584962938 -1.14505330258
439 433 0.669076753228 2.23987308002 -2.47251590036 -0.901719573567
440 437 0.128635408069 1.69943173486 -3.01295724552 -1.44216091873
441 410 -0.641519415402 0.929276911393 2.50007323819 -2.2123157422
442 109 -0.0523451460147 1.51845118078 3.08924750758 -1.62314147281
443 345 0.400298898956 1.97109522575 -2.74129375463 -1.17049742784
444 439 -0.155317125233 1.41547920156 2.98627552836 -1.72611345203
445 345 0.645984406217 2.21678073301 -2.49560824737 -0.924811920578
446 405 -0.096694812135 1.47410151466 3.04489784145 -1.66749113893
447 443 -0.645622506155 0.92517382064 2.49597014743 -2.21641883295
448 441 0.277971861187 1.84876818798 -2.8636207924 -1.29282446561
449 405 -0.713796637967 0.856999688828 2.42779601562 -2.28459296476
450 359 0.466284608107 2.0370809349 -2.67530804548 -1.10451171869
451 434 0.658040128919 2.22883645571 -2.48355252467 -0.912756197876
452 420 0.634428609738 2.20522493653 -2.50716404385 -0.936367717057
453 12 0.215892481905 1.7866888087 -2.92570017168 -1.35490384489
454 412 -0.270211659308 1.30058466749 2.87138099428 -1.8410079861
455 347 0.784890586387 2.35568691318 -2.3567020672 -0.785905740408
456 61 -0.192069295138 1.37872703166 2.94952335845 -1.76286562193
457 171 -0.281281912358 1.28951441444 2.86031074123 -1.85207823915
458 164 0.71085056552 2.28164689231 -2.43074208807 -0.859945761275
459 169 -0.655375989503 0.915420337292 2.48621666409 -2.2261723163
460 426 0.0846934864978 1.65548981329 -3.05689916709 -1.4861028403
461 163 -0.770291297209 0.800505029586 2.37130135638 -2.341087624
462 309 0.495056079562 2.06585240636 -2.64653657403 -1.07574024723
463 330 -0.369753095034 1.20104323176 2.77183955856 -1.94054942183
464 309 -0.657380883273 0.913415443522 2.48421177032 -2.22817721007
465 308 0.0676884413972 1.63848476819 -3.07390421219 -1.5031078854
466 330 0.217484677256 1.78828100405 -2.92410797633 -1.35331164954
467 463 0.645570031442 2.21636635824 -2.49602262215 -0.925226295353
468 464 0.556310007425 2.12710633422 -2.58528264616 -1.01448631937
469 465 -0.224073188921 1.34672313787 2.91751946467 -1.79486951572
470 330 -0.0623221242094 1.50847420259 3.07927052938 -1.633118451
471 308 -0.388791288176 1.18200503862 2.75280136541 -1.95958761497
472 330 -0.763444931829 0.807351394966 2.37814772176 -2.33424125862
473 466 0.490082904615 2.06087923141 -2.65150974898 -1.08071342218
474 469 0.437072603089 2.00786892988 -2.7045200505 -1.13372372371
475 308 0.252437574249 1.82323390104 -2.88915507934 -1.31835875255
476 467 0.135755498046 1.70655182484 -3.00583715554 -1.43504082875
477 308 0.379429796885 1.95022612368 -2.76216285671 -1.19136652991
478 308 -0.529750061174 1.04104626562 2.61184259242 -2.10054638797
479 470 0.607259106456 2.17805543325 -2.53433354713 -0.963537220339
480 429 -0.596372257023 0.974424069771 2.54522039657 -2.16716858382
481 471 -0.652102179987 0.918694146808 2.4894904736 -2.22289850678
482 267 0.00974206461393 1.58053839141 -3.13185058898 -1.56105426218
483 92 -0.0388159238623 1.53198040293 3.10277672973 -1.60961225066
484 333 -0.622887363667 0.947908963128 2.51870528992 -2.19368369046
485 479 0.0693724916758 1.64016881847 -3.07222016191 -1.50142383512
486 375 0.242709725717 1.81350605251 -2.89888292787 -1.32808660108
487 479 -0.4250571963 1.1457391305 2.71653545729 -1.99585352309
488 476 0.713277214389 2.28407354118 -2.4283154392 -0.857519112405
489 478 -0.0439222826508 1.52687404414 3.09767037094 -1.61471860945
490 471 0.470358883701 2.0411552105 -2.67123376989 -1.10043744309
491 482 0.339504722747 1.91030104954 -2.80208793084 -1.23129160405
492 489 0.543529164803 2.1143254916 -2.59806348879 -1.02726716199
493 485 0.58130336167 2.15209968847 -2.56028929192 -0.989492965124
494 52 -0.0749989053466 1.49579742145 3.06659374824 -1.64579523214
495 476 -0.0177358024525 1.55306052434 3.12385685114 -1.58853212925
496 490 -0.499728335464 1.07106799133 2.64186431813 -2.07052466226
497 38 0.0628701736599 1.63366650045 -3.07872247993 -1.50792615314
498 104 -0.626136326787 0.944660000008 2.5154563268 -2.19693265358
499 64 0.638066705466 2.20886303226 -2.50352594812 -0.932729621328
500 64 0.19779855967 1.76859488646 -2.94379409392 -1.37299776712
501 12 -0.566899214955 1.00389711184 2.57469343863 -2.13769554175
