2904 1 0
0 2 -0.0822459537513
1 3 0.235816287998
2 0 3.06621363786
3 1 -2.9268319921
4 2 3.08160904942
5 3 -2.74768897318
6 4 3.10580573424
7 5 -2.74386798698
8 6 3.1071556319
9 7 -2.64955119407
10 8 3.07069179725
11 9 -2.71334128836
12 10 3.07824454042
13 12 3.07986616316
14 25 -0.0424794751883
15 16 0.669582074904
16 15 -2.20982526276
17 16 -1.47528426995
18 17 -1.100680682
19 18 -0.926892289345
20 19 -0.818524963877
21 20 -1.1075732215
22 21 -1.58394575876
23 22 -2.03931303267
24 11 -2.68213377148
25 14 3.09972037423
26 27 -3.12670466125
27 26 0.265147804712
28 25 3.10860639725
29 26 2.97486985701
30 28 3.12746435632
31 29 2.87043686716
32 30 3.1397450313
33 31 2.81205016827
34 32 -3.13871148422
35 33 2.7284993573
36 34 -3.12910052235
37 35 2.72457644501
38 36 -3.1262700244
39 38 -3.12208907057
40 39 -3.12733005181
41 40 -3.12442942999
42 41 -3.06709427472
43 492 -0.242586674239
44 965 -0.137784412809
45 37 2.73928275904
46 45 2.71700152686
47 48 1.35256058435
48 47 -0.224756396354
49 48 -0.247200012303
50 46 2.7307021954
51 52 2.49843860034
52 51 -0.721419359818
53 51 2.46599434606
54 53 2.46073107006
55 54 2.33968823551
56 55 2.29032329032
57 56 2.06714160066
58 57 2.23534435185
59 58 2.18075408776
60 59 2.50762453125
61 47 0.144654329829
62 52 -0.729323973361
63 62 -0.687251627363
64 63 -0.621989341344
65 64 -0.577200282771
66 65 -0.540306690121
67 66 -0.524352035024
68 13 3.08842119682
69 23 -2.56255651724
70 42 -2.9634070429
71 72 2.43980509109
72 71 -0.284906304615
73 71 2.37359496686
74 72 -0.0969991017095
75 74 0.867700898122
76 75 0.908290729746
77 76 1.19674456569
78 77 1.02941090174
79 80 0.442409821638
80 79 -2.11741970422
81 78 0.972286154611
82 79 -2.19391450702
83 80 -2.31092851008
84 83 -2.48972933869
85 84 -2.52326649254
86 85 -2.55364959386
87 86 -2.56897527719
88 87 -2.57524108995
89 88 -2.5877855613
90 89 -2.57844245469
91 92 0.51697765163
92 91 -2.61557663261
93 91 0.517619974844
94 90 -2.60567589692
95 92 -2.60902813661
96 95 -2.66954729044
97 1 0.310226215593
98 99 2.92260108739
99 98 -0.277769503977
100 98 2.98830367353
101 73 2.79626170318
102 100 3.0381022005
103 102 3.05010548314
104 103 3.05952709431
105 0 -0.0939716850242
106 0 -1.59225524042
107 106 -1.52273635797
108 107 -1.59962583898
109 108 -1.70236887329
110 109 -1.66917421895
111 110 -1.92119748811
112 111 -1.46623924075
113 112 -1.63471323643
114 113 -1.71977789989
115 114 -1.53847441846
116 1 1.80974345852
117 0 -2.86371885377
118 107 2.96408257632
119 107 -2.79097594337
120 108 -2.60748405418
121 109 -2.77783856583
122 110 -2.65885444446
123 112 -3.07619880255
124 112 -2.3300268895
125 114 -2.98298294544
126 114 -2.60421407703
127 116 3.08694646543
128 3 1.64114855759
129 2 -2.90866345912
130 117 -2.96839488949
131 118 -2.5716519843
132 119 -2.59435239717
133 120 -2.58743956281
134 121 -2.32185119558
135 123 -3.03514287195
136 123 -2.40657967892
137 125 -2.90596638446
138 125 -2.67848886989
139 126 -2.71155944999
140 127 -2.70911523284
141 3 3.08242898295
142 6 -1.16962444557
143 129 -2.72816437499
144 131 -3.13143947971
145 131 -2.61307562182
146 133 3.09638268748
147 133 -2.47835262522
148 135 -3.09565249417
149 135 -2.47683890941
150 137 -3.01593696856
151 137 -2.70885772296
152 139 -2.86273858784
153 139 -2.50619363546
154 7 1.83632440785
155 8 -1.74568262831
156 144 3.12514388704
157 144 -2.71131248807
158 146 -3.05636084992
159 146 -2.47125182201
160 148 -3.02178616888
161 148 -2.27183040377
162 149 -2.40060053903
163 150 -2.4555991445
164 152 -2.60038353664
165 152 -2.10207599597
166 7 -3.06480228868
167 8 -2.73087218847
168 156 3.12907104871
169 156 -2.55205863547
170 158 -2.95254466442
171 158 -2.30555641727
172 160 -3.05498790861
173 160 -2.36192154155
174 161 -2.84919617619
175 161 -2.35287733063
176 162 -2.31614719932
177 164 -2.57880126659
178 164 -2.1367054656
179 11 2.19396765191
180 10 -2.51274931271
181 168 2.95540350318
182 168 -2.11785127058
183 170 -2.94913746317
184 170 -1.92852754354
185 172 -2.96721577207
186 173 -2.65000058365
187 173 -2.03923105946
188 175 -3.13243811122
189 175 -2.504823851
190 189 -1.66166570643
191 190 -2.0501626306
192 191 -2.02636038862
193 183 -1.45700071994
194 185 2.60590368669
195 185 -2.00634403523
196 186 -2.4721702235
197 188 2.92409380046
198 188 -2.28726132723
199 190 2.93393314096
200 190 -2.62654011841
201 192 -2.57794990374
202 183 -1.5934682651
203 193 -1.86815830683
204 195 2.69570640378
205 195 -2.38897753884
206 197 2.97012425048
207 197 -2.38321453464
208 199 3.11319221981
209 199 -2.65466265074
210 200 -2.31246081459
211 180 -1.94321777784
212 182 2.40111313462
213 183 2.99169545636
214 202 2.66246103723
215 202 -2.28063503593
216 204 2.55277373286
217 204 -2.47460283948
218 206 -3.00884765061
219 206 -2.4630893254
220 208 2.7485209396
221 208 -2.64318330954
222 209 -2.56571989071
223 222 -2.25585470374
224 13 -2.57596482152
225 211 2.80966453674
226 211 -2.89938625921
227 212 -3.01316807782
228 213 -2.71464088883
229 214 -2.6617961967
230 216 2.96228589549
231 216 -2.73823151707
232 218 2.99561016619
233 218 -2.97450487126
234 221 2.24116977924
235 222 2.70875646693
236 14 -1.5763763905
237 25 -0.382600882797
238 226 3.07686185803
239 227 2.92453936936
240 228 2.56063510206
241 228 -2.77055453969
242 229 3.13466052402
243 230 -3.09935555588
244 230 -2.68467241241
245 232 2.74252358509
246 232 -3.10012032749
247 234 3.04934900157
248 234 -2.64059817202
249 235 -2.75514650731
250 210 -2.2068400807
251 210 -2.54430180039
252 201 -2.1052816828
253 201 -1.67821304496
254 192 -1.627946337
255 253 -0.0400991635502
256 253 -1.46211644595
257 250 -0.498481192604
258 250 -1.63974178802
259 257 -1.62302817965
260 258 -1.42669439529
261 259 -1.34999283111
262 259 -2.1165929988
263 261 -0.979868618622
264 261 0.407297802206
265 263 0.7076219753
266 264 -0.396623729919
267 264 0.29816914904
268 255 -2.28784410434
269 255 -1.55685653811
270 254 -0.660462573446
271 255 -0.24833752962
272 267 0.701659999175
273 271 -1.81061699929
274 267 -0.0438082548902
275 267 -0.459074090364
276 265 0.246883033629
277 265 -0.354113598387
278 263 0.266710144264
279 263 -0.913494048473
280 262 -0.912027870423
281 15 2.486311301
282 16 2.71210015053
283 16 -2.81953406092
284 18 2.85521269961
285 18 -2.99982498937
286 20 2.80813075545
287 20 -2.9892658555
288 22 2.93933829101
289 22 -2.57258488719
290 177 -2.931637724
291 176 -2.72843000829
292 177 -2.11536614367
293 191 -0.519830903529
294 177 -1.71404263734
295 11 2.63552612998
296 25 -1.58047593306
297 239 2.99260394267
298 240 -3.11440422484
299 241 2.90066003501
300 241 -3.06208071703
301 242 -2.85221061972
302 243 -3.07110496475
303 245 2.86945635501
304 245 3.07707311569
305 246 3.12189835899
306 247 -3.06643935196
307 306 -1.97452641572
308 307 -1.79941945482
309 308 -1.66103335299
310 309 -1.8964761921
311 310 -1.76350276843
312 311 -1.7323040574
313 26 1.51724294952
314 247 -2.72782259027
315 307 -0.979239289113
316 309 -0.295585501399
317 310 -0.238450160395
318 311 -0.391871960449
319 312 -0.119882090367
320 26 0.991383255685
321 28 -1.65939197518
322 297 2.71799017771
323 297 3.04760426204
324 299 2.48032618121
325 299 2.85668405395
326 301 2.44848250846
327 301 3.06382478807
328 303 2.73217195134
329 303 3.11120789317
330 305 2.67568120085
331 305 3.09761637463
332 307 2.77644068259
333 307 -3.09923006795
334 309 2.77372629555
335 309 -3.08821653609
336 311 2.94152037045
337 311 -3.1183395995
338 26 2.30634686453
339 30 -1.54374225974
340 322 3.04192603698
341 322 -2.98345281077
342 323 -2.98263355747
343 325 2.63807412276
344 326 2.69900232494
345 326 -2.68202425087
346 327 -2.98535370459
347 329 2.91215967716
348 330 2.96264823706
349 330 -2.98177788082
350 331 -2.92936318822
351 333 3.00381440751
352 334 2.82267769145
353 334 3.01200017331
354 336 2.71280304762
355 336 2.88443562216
356 337 3.07324116733
357 29 2.29846922131
358 32 -1.65574049033
359 339 -2.80604795324
360 341 -3.10739553735
361 341 -2.63078676657
362 343 3.13764808463
363 343 -2.92221190945
364 345 2.52764794155
365 345 3.02949231126
366 347 2.68640908703
367 347 -3.12415155095
368 349 2.97930368356
369 349 -2.91177633814
370 351 2.67936673915
371 351 3.06541724397
372 353 2.47418175112
373 354 2.41356802747
374 373 -2.35240909653
375 356 2.60915536866
376 31 1.90822763818
377 32 -2.73228413513
378 358 -2.91393012514
379 360 -3.02278253383
380 360 -2.63649511426
381 362 3.0956992246
382 362 -2.78898613252
383 364 2.67876280398
384 364 -2.62098297425
385 366 2.45607742105
386 366 2.9785214285
387 368 2.44560945041
388 368 -3.01932816279
389 370 2.58116573154
390 370 2.90595499706
391 372 2.37561115548
392 373 2.36709423269
393 392 -2.17830291028
394 375 2.60634025439
395 36 -1.82879487565
396 377 -2.83194892169
397 379 2.89290106455
398 379 -2.80328368612
399 381 2.92992386606
400 381 -2.94893978033
401 383 2.77619968054
402 383 -2.66620182686
403 385 2.47190090641
404 385 -2.96891682464
405 387 2.31459060648
406 387 -2.59436348356
407 389 2.31629333798
408 389 2.8702304491
409 391 2.28273803903
410 409 -2.23208672686
411 410 -2.10500527246
412 35 1.81498134931
413 36 -2.52078440602
414 396 3.03346488938
415 397 3.09763353181
416 397 -2.47726013828
417 399 -3.10829924232
418 399 -2.62499363865
419 401 -2.94562516289
420 401 -2.17892294936
421 403 -3.07151878396
422 403 -2.77159870542
423 405 2.72437373046
424 405 -2.71111407366
425 407 2.38623540214
426 407 2.83167747371
427 409 2.2917075062
428 427 -2.40713200874
429 39 -1.62116361925
430 414 3.03707261753
431 415 2.7552520927
432 415 -2.78907225612
433 417 -2.85434020151
434 417 -2.28725689232
435 419 -2.49928997627
436 419 -2.23891251053
437 421 3.12576226932
438 421 -2.30318131399
439 423 2.9082125268
440 423 -2.28404456862
441 425 2.83154006414
442 425 -2.55111328007
443 427 2.77333731192
444 427 2.95275411719
445 40 -1.72461631159
446 430 3.05615431948
447 431 3.06357118469
448 431 -2.55139142082
449 433 -3.10734655135
450 433 -2.40922027908
451 435 -3.09646475491
452 435 -2.44980323445
453 437 -3.03725019449
454 437 -1.99436990164
455 439 3.088883328
456 439 -2.49424556358
457 441 -2.9764646363
458 441 -2.49073806449
459 443 -2.73401064854
460 41 -2.09000330848
461 446 3.09609450159
462 447 3.01848701803
463 447 -2.94065363057
464 449 2.55782419329
465 449 -3.0768908601
466 451 2.79317168168
467 451 -2.84645616317
468 453 2.51933894999
469 453 -3.05293962672
470 455 2.75244871018
471 455 -3.01370196921
472 457 1.67724806684
473 457 -2.82628920959
474 473 -2.54225587526
475 474 -2.79028632361
476 41 -2.96462495895
477 461 -3.08087607618
478 462 3.08385007995
479 462 -2.7787691492
480 464 2.72490609246
481 464 -2.86170513633
482 466 2.29312082993
483 466 -3.0315456051
484 468 -2.99888017692
485 468 -2.51262188282
486 470 2.89371237378
487 470 -2.47143180586
488 472 -3.06654999825
489 472 -2.48426295211
490 474 2.56123365285
491 475 2.2076148981
492 43 -0.852210205341
493 479 -3.11638628851
494 480 2.90026244737
495 480 -2.47069237839
496 481 -2.59914019384
497 483 2.70634324738
498 484 2.87556717027
499 484 -2.64817334938
500 485 -2.48389531584
501 487 -3.07290375415
502 488 -3.10836773842
503 488 -2.62474589963
504 489 -2.89447897514
505 504 -2.71579631453
506 43 -1.85267266169
507 493 -3.08964856492
508 493 -2.45259876708
509 495 3.02993520403
510 495 -2.65975152449
511 497 2.76564403832
512 497 -2.20816791438
513 499 2.93882883581
514 499 -2.3826510042
515 501 2.77925878002
516 501 -2.58798019111
517 503 2.6445950802
518 503 -3.01324160254
519 505 2.24246109694
520 506 1.69701871607
521 506 2.77332098401
522 507 2.70455365178
523 507 -2.975919054
524 509 2.66118864523
525 509 -2.97062581929
526 511 2.22142020722
527 511 -2.43409810085
528 513 2.59316365523
529 513 -2.52491463358
530 515 2.78597478678
531 515 -2.60137235086
532 517 2.39505844104
533 517 -3.05058351549
534 519 2.07719429217
535 67 -0.445078633852
536 67 -1.30120696303
537 66 -1.14297356349
538 66 -1.4722337211
539 64 -1.07065157741
540 64 -1.46083109165
541 526 1.66661117235
542 526 -3.10192544649
543 528 2.08500444438
544 528 -2.96852053952
545 530 1.79673186211
546 530 -3.05026395061
547 444 -2.4356784296
548 428 2.94650509396
549 459 -2.83732818277
550 459 -2.22555644476
551 459 -1.47906283455
552 428 -2.84137912689
553 428 -2.08702599055
554 428 -1.83571584663
555 409 -2.71717774156
556 549 -2.56916552954
557 550 -2.37036626599
558 550 -1.58671185658
559 552 -2.1195595648
560 552 -1.16388299101
561 559 -0.683172165383
562 554 -1.98156695053
563 554 -1.44344086673
564 410 -2.69353413365
565 561 -0.425232374866
566 391 -3.10724654413
567 392 2.91116942963
568 392 -2.6070236568
569 411 -0.793730731564
570 393 2.93415519327
571 394 2.19156123602
572 373 -3.11051450787
573 373 -2.87362058607
574 354 2.896416485
575 394 2.44526670041
576 394 2.26200349206
577 411 -2.36980076572
578 411 -3.00972432062
579 561 -1.35029359088
580 578 -2.65073448711
581 412 1.10072807845
582 45 0.875896469126
583 35 1.03505318498
584 45 1.50698543929
585 561 -2.05200131763
586 556 -2.28600956011
587 556 -1.63145128784
588 558 -2.22407945533
589 559 -2.15594179242
590 584 2.89790067755
591 584 2.39379497194
592 589 -2.28385963061
593 588 -2.00713577392
594 593 2.9856123217
595 49 0.521015827429
596 595 2.41382022532
597 587 -1.88573132598
598 586 -1.11067832358
599 586 -1.32602687317
600 599 -2.39451825301
601 586 -2.0041248776
602 47 0.966222497225
603 47 -1.31895137895
604 47 1.04122963745
605 48 1.22365322996
606 48 0.0269326348959
607 49 1.72423934932
608 50 1.88777118881
609 46 2.17715359263
610 60 -1.91967366872
611 603 -0.657931884126
612 59 -1.84000449206
613 611 -0.00734692666031
614 58 -1.71651873265
615 612 -0.473880633359
616 57 -1.91241974702
617 614 -0.157651436109
618 57 -1.61881108753
619 617 0.70832949155
620 55 -2.33495050954
621 618 -0.52067934879
622 54 -2.69202400276
623 621 0.0810153319726
624 53 -2.75815679821
625 622 -0.614752983135
626 51 -2.60625303591
627 625 -0.219166968293
628 51 -1.77365167767
629 542 2.82807831781
630 51 -1.07253958131
631 543 3.02219517776
632 623 -0.441508928083
633 623 -1.16687629497
634 619 -0.443441202184
635 619 -1.02437739578
636 534 2.1057365609
637 544 -3.10602047647
638 546 2.02885695663
639 546 -2.81364389934
640 533 2.24686260918
641 531 -3.03552199407
642 62 -1.71899945019
643 63 -1.68899498808
644 223 -2.22870237835
645 644 2.93361748855
646 235 -1.57931291138
647 235 -2.23704315432
648 235 -2.54546733339
649 248 -1.94461876164
650 248 -2.18392314551
651 314 -1.7492970161
652 258 2.70532306192
653 645 -1.64436744038
654 646 -2.00423778405
655 647 -1.84687737554
656 648 -1.55530284581
657 649 -1.73598143052
658 650 -1.57726128484
659 316 -0.575287472838
660 258 -2.76822753611
661 653 -1.93556636415
662 653 -2.75174701158
663 655 -1.79447981502
664 655 -2.5013773689
665 657 -1.77632020035
666 657 -2.12118845843
667 317 -0.502082575891
668 260 -2.41879568759
669 661 -1.59896458617
670 661 -2.13745562825
671 663 -1.57306556555
672 663 -2.23651324707
673 665 -1.37167495292
674 665 -1.96773087714
675 318 -0.0119060347224
676 677 -0.398452842655
677 676 2.38298101996
678 677 2.10266214928
679 678 2.0903664994
680 679 1.6967016379
681 262 -2.12177144732
682 716 -1.11000835624
683 677 -2.36839414489
684 677 2.33951808339
685 679 -2.67094523349
686 679 2.01638007019
687 668 -2.12375582807
688 683 -0.781646355224
689 683 -2.36122968059
690 683 2.47966613003
691 685 -2.43531695733
692 685 2.07640003158
693 670 -1.62909372028
694 688 2.66382726531
695 689 2.49052049201
696 691 -2.31815679889
697 692 -3.02410004967
698 671 -1.46774000401
699 694 -0.583184259227
700 694 -2.40595635538
701 694 2.48732845086
702 696 -2.73942996172
703 697 -2.45115456889
704 672 -1.26461519422
705 699 -1.86134304537
706 700 -1.98816711889
707 700 2.4519744298
708 702 -2.98159182465
709 702 2.27872775033
710 673 -1.37671862976
711 705 2.76159062928
712 706 2.40981236067
713 708 -2.66923693122
714 708 2.28187447048
715 673 -1.77250439726
716 682 1.87367092351
717 711 2.46661362639
718 713 -2.62255620367
719 713 2.43431161111
720 319 -0.538153764186
721 688 -2.06982341194
722 682 2.20102800655
723 716 2.57233249392
724 718 -2.52468038978
725 718 2.43942249492
726 69 0.148171503283
727 722 2.39820162607
728 723 2.56045324606
729 725 2.93745723339
730 69 -2.14725256327
731 732 -0.622983642781
732 688 -0.398968403645
733 23 -2.36417857313
734 705 -0.23942160369
735 699 -0.298014355873
736 676 -1.91730859324
737 732 1.06131013497
738 676 -0.226056164886
739 734 -0.624116577363
740 739 -0.0718558970038
741 739 -0.641801285301
742 740 -0.823979729332
743 721 -0.495905469624
744 731 0.269988277232
745 731 0.789649906169
746 744 1.01470544679
747 744 0.0804313939543
748 746 0.241871439658
749 746 -0.667035919121
750 748 -0.161484652449
751 748 -0.605977989395
752 751 -2.68310701268
753 749 -1.96807064361
754 744 -0.737029777059
755 742 0.635975553785
756 748 2.14014390579
757 745 1.30228055691
758 745 2.05942842968
759 737 0.173355412357
760 737 0.896767376023
761 757 2.73915189728
762 742 0.255866482537
763 753 -2.63352192926
764 752 -2.77421165635
765 731 1.40768477611
766 734 -1.41681464269
767 741 -1.64784593508
768 742 -1.33260782027
769 762 -1.21453494118
770 752 -2.20745990265
771 752 -1.72327386465
772 763 -1.46047388194
773 766 -0.639869860793
774 767 -1.03594493421
775 769 -0.907363557017
776 769 -0.518037421409
777 770 -1.39243293597
778 771 -1.5559564318
779 751 -2.1155039582
780 771 -1.06469844754
781 682 0.352300496077
782 682 0.915737372883
783 705 -1.72025637856
784 731 -1.77066133832
785 738 0.898604201607
786 761 2.33922975127
787 738 1.78365764242
788 756 3.11652492915
789 748 0.456827095979
790 756 2.21533436977
791 779 -1.13369677356
792 780 -1.01395045842
793 780 -0.33591248559
794 761 1.58261542439
795 682 -0.0130709694048
796 774 -1.55372801198
797 787 1.10662630988
798 682 -1.714158055
799 676 0.922062410555
800 775 -0.937593769069
801 776 -0.726496028228
802 556 -3.07261200753
803 474 -2.43696325487
804 475 -2.76426592567
805 475 -3.1302925141
806 805 1.95717140345
807 490 -2.93743855788
808 505 -2.98697495795
809 519 -3.10062725441
810 519 2.99270540538
811 534 -2.726355993
812 809 1.44405643106
813 613 -2.31716432195
814 815 1.5933885893
815 814 -1.42731335646
816 814 0.458511987648
817 815 0.465589544071
818 805 2.96402156006
819 804 3.04167176679
820 808 -2.64946729698
821 814 1.55131307743
822 814 0.763629229244
823 809 -2.69447790148
824 821 1.40807024566
825 821 0.78038988992
826 812 -2.87890115435
827 815 -1.00336132533
828 817 -1.11772192981
829 804 -2.71990346564
830 586 3.07521956054
831 601 -2.75036690727
832 829 -1.43161681637
833 828 -1.40941736982
834 827 -1.20049667761
835 830 -2.19446120133
836 831 -2.20103924717
837 833 -1.36814010032
838 611 2.98986071981
839 600 -0.554054631118
840 611 -2.41317409595
841 836 -1.09545776509
842 837 -1.24111080902
843 837 -2.65633999067
844 833 -2.5709283519
845 613 -2.6409347858
846 841 -0.81747547396
847 841 -2.28983631089
848 843 -1.38508131878
849 813 -2.80811381503
850 824 0.641845303627
851 824 1.2379150532
852 678 0.753121600105
853 680 0.0501135665399
854 678 1.27102193096
855 677 0.944063614116
856 682 2.45674077661
857 12 -1.93774718777
858 443 -3.08931629955
859 860 2.9602022708
860 821 2.85161240898
861 824 3.05557214722
862 859 1.24274709458
863 864 3.01519118321
864 815 3.04141512646
865 814 2.98249728778
866 863 1.34065424817
867 863 -1.86943091634
868 827 3.1100625667
869 859 1.65197986683
870 869 2.32132267939
871 869 3.077533465
872 870 3.0421826672
873 874 1.71003172296
874 873 -1.2781679159
875 874 0.247268214204
876 873 0.043855008607
877 873 -1.78458314927
878 874 -2.02092832875
879 877 -0.99290426739
880 878 -1.50309265199
881 877 2.73895796131
882 879 -3.14119769289
883 873 1.41454523524
884 872 -2.60084203239
885 874 -1.42228533901
886 878 -0.532097775381
887 875 -1.58683502714
888 885 -1.19994148276
889 863 -2.91650985079
890 863 3.05484877622
891 881 0.75556550104
892 872 -3.09675117346
893 881 3.02245861107
894 863 2.49690401302
895 814 2.77270113422
896 859 -1.58083388955
897 870 1.10805783065
898 862 1.29289361305
899 872 1.11359708197
900 891 0.594242252153
901 882 -0.797412044814
902 882 -1.17908048364
903 891 1.03068779698
904 897 1.09269252456
905 897 0.835844469842
906 900 0.884051123061
907 900 1.38952966114
908 901 -0.588339322029
909 901 -0.420670461919
910 901 -0.168902516355
911 879 -1.16969557796
912 898 1.03262873009
913 848 3.12970464001
914 848 2.94712465423
915 866 2.63312586003
916 859 2.93794095998
917 888 -1.86755949344
918 867 -3.08771186475
919 867 -1.28517323643
920 885 -1.6625791097
921 878 -1.0934057969
922 910 2.98047761729
923 886 -0.967475740499
924 910 1.55713850112
925 910 0.667282408087
926 888 -2.86107720794
927 904 -0.595106143431
928 919 -2.06805649744
929 904 0.672437345875
930 843 2.76267131859
931 834 -2.90741414311
932 827 -2.94087970063
933 906 0.694953473754
934 907 0.607797074957
935 936 -1.40218998563
936 935 1.8431440274
937 936 1.58699195766
938 937 1.32928717447
939 70 -2.57636229689
940 935 0.187441126045
941 936 0.286896221208
942 936 1.54689532711
943 938 -0.222377836945
944 70 -2.39886843722
945 42 -2.67119626667
946 940 0.210147000288
947 940 1.77647099484
948 942 0.145072824285
949 943 -0.137340139853
950 943 0.432341351508
951 476 -2.64067731369
952 946 0.223341719273
953 947 0.332799765318
954 948 0.201393902211
955 949 -0.0650623273227
956 43 1.51742534827
957 952 0.221413537455
958 953 0.317923925642
959 954 0.184447047628
960 955 -0.0561778613693
961 43 2.59712689869
962 957 0.208327184947
963 958 0.280160880583
964 959 0.0942300544913
965 44 2.87964194528
966 961 -0.63553256471
967 962 0.193148799638
968 963 0.23991933689
969 44 -1.65224909738
970 43 -1.62750438218
971 590 2.88798858869
972 590 2.71474052191
973 592 -2.69714288615
974 592 -2.95586511869
975 594 -2.48212883573
976 594 2.51459464548
977 608 2.539747584
978 590 3.10292257291
979 596 -3.07895644487
980 596 -3.11057980973
981 598 -2.22545138467
982 599 -1.81655615564
983 599 -1.91671913228
984 602 -1.45511210435
985 604 -1.19296285968
986 604 -2.0022544339
987 596 2.92769204
988 971 3.03179564708
989 977 2.23280755984
990 975 1.07076590792
991 975 -2.25117695595
992 973 -2.87772454531
993 973 -2.67073016885
994 971 2.69376315424
995 971 3.04937681807
996 979 -3.06107201345
997 986 1.52160803369
998 985 0.643424128547
999 984 -0.722429788752
1000 983 -1.47576950559
1001 982 -2.06616712658
1002 981 -2.50361046309
1003 980 -2.89152602402
1004 979 3.02519084709
1005 988 2.27741218323
1006 996 2.86665289819
1007 1008 -2.86516625971
1008 1007 0.268078361377
1009 1007 0.0880389875799
1010 1009 -1.15355012686
1011 1007 -0.608479151418
1012 1007 -0.835414876222
1013 1009 0.723312172112
1014 1009 -0.316520588696
1015 1011 -0.637139489142
1016 1011 -1.91709328621
1017 1007 -2.2296507508
1018 1007 3.08307236826
1019 1007 2.10029734943
1020 1007 0.92420426657
1021 1018 -2.54049272888
1022 1016 3.0394006145
1023 1018 1.30117122181
1024 1013 2.53335422985
1025 1013 0.844627298086
1026 1014 -1.01426968334
1027 1016 -0.975345035448
1028 1015 -1.16934513563
1029 1022 -0.969150464855
1030 1021 -0.691337324845
1031 1028 -2.36706852053
1032 1026 -2.31939504445
1033 1024 1.50588754444
1034 1025 1.69988020775
1035 1025 -0.391814847701
1036 1023 1.6351525629
1037 1023 0.983137389964
1038 1021 1.26648314858
1039 1021 1.52922543324
1040 1036 2.51446182895
1041 1033 2.21427223469
1042 1033 1.50644589803
1043 1034 0.980782789001
1044 1034 -0.36398501
1045 1026 0.527552267469
1046 1026 -1.03354327105
1047 1032 -1.66507636118
1048 1029 -1.111844467
1049 1029 -2.29799023251
1050 1021 -1.09772353523
1051 1044 -0.431543481828
1052 1045 -0.274925133583
1053 1045 -1.58163437665
1054 1046 -2.1155637996
1055 1048 -1.91696872192
1056 1049 -1.77502251122
1057 1050 -2.39065398327
1058 1021 -2.19190509795
1059 1042 -0.208335013337
1060 1044 0.935798401338
1061 1041 0.451927869782
1062 1040 0.733855461211
1063 1039 1.01576784488
1064 1039 2.98033492054
1065 1021 2.85190394472
1066 1062 -3.04374961489
1067 1063 -2.46890249296
1068 1061 2.60738302621
1069 1059 2.43135382064
1070 1059 1.31427184915
1071 1060 0.79897118093
1072 1051 0.237133389269
1073 1052 -0.238975607245
1074 1058 1.47659036608
1075 1068 2.08078286192
1076 73 -1.85551379971
1077 71 -2.17226737634
1078 72 -2.44883326738
1079 1071 -0.348609974491
1080 1073 -0.233385800338
1081 1053 -0.615671631711
1082 1053 -1.60585318743
1083 1055 -1.35968269165
1084 1056 -1.36542242321
1085 1056 -1.99560692992
1086 1057 -1.86021290363
1087 1057 -2.73501035145
1088 1074 -2.72851204212
1089 1067 -2.2783878314
1090 1067 -2.89803538456
1091 1066 2.46872677066
1092 1066 -2.94811600013
1093 72 -1.32932195242
1094 74 -1.63395426105
1095 1081 -0.7694586553
1096 1081 -1.45707122136
1097 1086 -2.1949850772
1098 1086 2.95578847646
1099 1087 -2.68462969464
1100 1088 -2.41864416681
1101 1089 -2.65868595307
1102 1089 2.77086639172
1103 1090 2.74878435223
1104 73 3.0773354822
1105 1091 1.53688134002
1106 1091 2.78376480595
1107 1092 2.8083515507
1108 1083 -0.573287179266
1109 1083 -0.968321746934
1110 1085 -0.984271941791
1111 1085 -1.96454938395
1112 74 -1.03648958018
1113 75 -1.52026522836
1114 1094 -0.973539149119
1115 1095 -0.654279850712
1116 1095 -1.32946944777
1117 1108 -0.652976841189
1118 1108 -1.35628046411
1119 1109 -0.874163181958
1120 1110 -1.16642784865
1121 1097 -1.34760553935
1122 1097 -1.90846850103
1123 1098 -2.25723869072
1124 1099 -2.78074579008
1125 1100 -2.93326325262
1126 1100 2.28988882743
1127 1102 -3.03140459249
1128 77 -1.421713862
1129 1113 -0.991795479293
1130 1115 -0.639604429546
1131 1115 -1.24042436767
1132 1117 -0.453041109635
1133 1117 -1.00759907646
1134 1118 -0.52036270109
1135 77 -0.853849721815
1136 81 -1.62252433095
1137 1135 -1.29281279295
1138 1128 -1.02208374997
1139 1130 -0.385815216487
1140 1137 -1.77779821361
1141 1130 -1.05793056771
1142 1140 -1.88294646129
1143 1132 -0.156023453702
1144 1142 -1.68362345014
1145 1132 -0.507000090245
1146 1133 -0.626479336999
1147 81 -1.1620764739
1148 79 -2.21657580583
1149 1147 -1.09845154698
1150 1137 -0.0552329630359
1151 79 -2.4636836233
1152 1149 -1.05458547789
1153 1137 -1.01749869029
1154 1149 -1.78594504667
1155 1149 -1.59657973745
1156 83 2.56132534773
1157 83 -2.97019120606
1158 85 2.3116616982
1159 85 2.8486778796
1160 87 1.94302211754
1161 1157 -2.91120423504
1162 1156 -2.52778431522
1163 1144 -0.627064360378
1164 1162 3.12225848297
1165 1161 3.0127792914
1166 1165 2.95592914192
1167 1163 -2.79533131285
1168 1162 2.58459939309
1169 1156 -2.753881751
1170 1160 3.10179559306
1171 1166 -2.00050997118
1172 1144 -0.10928730392
1173 1142 -0.519571599502
1174 1142 0.0656942819537
1175 1155 -1.9860952052
1176 1155 -2.41370749815
1177 1153 -0.682722796145
1178 1155 -2.56486156765
1179 1166 3.10179615533
1180 1166 -2.44347067547
1181 1179 -2.92048640077
1182 1180 2.2564194372
1183 1144 -1.36216458549
1184 1167 -2.98428457426
1185 1145 -1.28515329832
1186 1146 -1.50414710334
1187 1181 1.70469324937
1188 1134 -1.07076637876
1189 1182 -2.86318816022
1190 1182 -2.26708064686
1191 1119 -0.50462592253
1192 1188 -2.23397867402
1193 1189 -1.66659145569
1194 1170 -2.61910863854
1195 1180 -2.26780651376
1196 1160 -2.90579219718
1197 1190 -1.02822227664
1198 1194 -1.62559358519
1199 89 1.87967836193
1200 1119 -1.6792934445
1201 1191 -2.671838855
1202 1192 -1.93774690995
1203 1201 -1.66973941538
1204 87 2.30318321191
1205 88 2.06868603679
1206 89 3.05697431292
1207 93 1.10575029799
1208 91 1.70045795704
1209 92 1.87262058005
1210 1197 -2.49803820873
1211 1193 -2.49020897474
1212 1202 -2.41530929711
1213 95 1.79292047624
1214 1212 -3.00855221262
1215 1213 3.11398811442
1216 95 3.04677142804
1217 1203 -2.94846359381
1218 1215 1.8171325797
1219 1120 -1.24584112247
1220 1201 -2.96436739883
1221 1121 -1.40695240423
1222 1217 2.99255663816
1223 1122 -2.1278180825
1224 1218 2.39024320953
1225 1218 2.92557938098
1226 1224 -2.61368669391
1227 1215 2.86766552589
1228 1226 -2.27509900754
1229 1 0.891651336705
1230 115 0.176953183828
1231 113 -1.0069963426
1232 1123 -2.14389110132
1233 1223 3.11846950587
1234 113 -0.480629442794
1235 1224 2.8166993394
1236 112 -0.37115574898
1237 1233 2.03302626047
1238 1232 2.39401587408
1239 1124 -2.68395956965
1240 1124 2.08492078646
1241 1126 2.71379591131
1242 1127 2.66532547446
1243 1241 -3.01176400449
1244 1238 1.46427824547
1245 1236 1.12405999139
1246 111 -0.177158981289
1247 1243 2.94875914514
1248 110 -0.336477821324
1249 98 -1.71158746522
1250 99 -2.00567401507
1251 1249 -2.10993903146
1252 1105 2.65378922829
1253 1251 -1.88856100782
1254 1105 2.8086608382
1255 98 -2.49083983445
1256 1251 -3.0973063872
1257 1251 -2.75259013588
1258 1253 -2.74005334982
1259 1253 -2.10434710293
1260 1254 -2.63340449767
1261 1258 -2.09939278614
1262 1259 -2.43609833608
1263 1260 -2.73876256153
1264 1261 -2.35135478003
1265 1262 -2.79875224421
1266 1263 -2.85470219966
1267 1264 -2.83712497707
1268 1265 -3.08391490406
1269 1266 -3.0627602708
1270 1267 3.00856964268
1271 1268 3.01206245602
1272 1268 -2.56581466368
1273 1270 2.81348911152
1274 1270 3.10020273771
1275 1272 2.67584854287
1276 1105 -2.98424203142
1277 1263 -1.18477476443
1278 1266 -1.42492115754
1279 1269 -1.28110413306
1280 1269 -2.28079857974
1281 1275 -1.68949377383
1282 1275 2.71324644827
1283 1275 -2.75608127609
1284 1273 2.78428169834
1285 1273 2.41999023162
1286 1282 2.51719454488
1287 1283 2.591127203
1288 1284 2.4971948024
1289 1285 2.39419909496
1290 1286 2.1842618506
1291 1287 2.24316314565
1292 1288 2.26892684835
1293 1289 2.25219185775
1294 1290 0.557949436119
1295 1106 3.0592008639
1296 1278 -1.29470281249
1297 1279 -1.40920619745
1298 1106 2.95778537562
1299 1296 -2.18446783019
1300 1106 -2.72644467758
1301 1297 -1.20450652623
1302 1280 -1.76302133207
1303 1301 3.09111559626
1304 1281 -1.70040307147
1305 1303 2.52832146786
1306 1283 -1.94518537193
1307 1305 2.70027232893
1308 1287 -2.16761211419
1309 1306 3.11537466283
1310 1287 2.72804569332
1311 1294 -1.04015413711
1312 1305 2.92055358843
1313 1303 3.08224914388
1314 1309 -2.38794193979
1315 1294 -0.774209940284
1316 1301 -2.37853717559
1317 1299 -0.989289480633
1318 1298 0.8496962914
1319 1298 1.81758914539
1320 1298 2.47332400779
1321 1312 3.11700316577
1322 1294 -0.823277017855
1323 1312 -2.03046279845
1324 1313 -2.12118525739
1325 1316 -2.2835552601
1326 1317 -0.479418893838
1327 1318 0.894620596652
1328 1318 1.56851679414
1329 1319 1.8218951963
1330 1326 -0.645614280213
1331 1324 -1.25568880314
1332 1323 -1.29709888297
1333 1321 -1.43527948807
1334 1327 -0.17694016007
1335 1327 1.0432598298
1336 1329 0.396189247281
1337 1336 1.90615513605
1338 1320 1.74749154013
1339 1337 1.98863244179
1340 1338 1.7363977252
1341 1321 -2.66067083119
1342 1294 -0.798313353464
1343 102 -1.5963240509
1344 1256 -2.75561591517
1345 1257 -2.77487113812
1346 1258 -2.69511022926
1347 1261 2.92871292217
1348 1285 0.651360705028
1349 1273 0.706484965792
1350 1267 2.14071483425
1351 1267 1.81768843555
1352 1264 2.42683611989
1353 104 -1.44039332583
1354 102 -1.75854662337
1355 1289 0.818784040697
1356 1293 0.865478217038
1357 104 -2.19804058808
1358 107 -0.636756039882
1359 108 -1.15912744272
1360 1353 -2.17727847728
1361 1338 -2.79831660562
1362 1320 3.07949476719
1363 1358 -0.952291242477
1364 1358 -1.23096944636
1365 1359 -0.653715250066
1366 1362 -1.65057706889
1367 1363 -1.2474952929
1368 1364 -1.16438842739
1369 1364 -1.59292513114
1370 1366 -2.25816964165
1371 1366 -2.64397018433
1372 1368 -1.37154989319
1373 1368 -1.68318925875
1374 1300 2.83132380885
1375 1300 3.00400132401
1376 1300 -3.13197264875
1377 1370 -2.41318688004
1378 1370 3.11199024238
1379 1372 -2.50250194287
1380 1376 -2.68868771568
1381 1376 -2.85723139735
1382 1377 3.06198768064
1383 1379 -2.65574802858
1384 1385 2.49938401435
1385 1382 -2.94333343885
1386 1385 -1.73883846427
1387 1384 -1.90999513499
1388 1381 -2.64990697985
1389 1380 -2.69666798087
1390 1388 -1.40737405748
1391 1386 -0.964749135839
1392 1387 -0.857639913541
1393 1387 -2.33110704664
1394 1384 2.98857163848
1395 1393 0.418402850801
1396 1383 -3.06553696998
1397 1373 -1.92840386537
1398 1383 1.81733090064
1399 1384 0.45714422718
1400 110 0.22769137501
1401 1247 1.97095867968
1402 1401 -3.04355378101
1403 1402 -2.91968914245
1404 1403 -2.9961017633
1405 1394 1.0923998592
1406 1394 1.288150736
1407 1384 0.934448727825
1408 1384 1.43713722098
1409 1397 2.39171235498
1410 109 -0.495841537257
1411 1365 -1.24607500205
1412 1369 -1.05599763428
1413 1373 -0.228427401089
1414 1107 -2.62813172635
1415 1414 -2.88972921916
1416 1415 -2.96846551465
1417 1389 -1.19818624301
1418 1389 -1.44549401424
1419 1390 -0.696616807874
1420 1390 -1.99970127916
1421 1392 -0.919728661725
1422 1393 -0.0395036509711
1423 1393 -0.208276703903
1424 1416 -1.06735737953
1425 1401 1.90808731512
1426 1416 -2.11409750922
1427 1416 -2.62753055825
1428 1416 3.13218951381
1429 1418 -1.58078667992
1430 1419 -1.42597298017
1431 1419 -2.35985548741
1432 1420 -2.2050586408
1433 1421 -1.67369243889
1434 1422 -0.641914197471
1435 1402 1.7402280798
1436 1402 2.88557524182
1437 1403 2.95898809221
1438 1404 3.03204118897
1439 1406 1.46286910687
1440 1406 2.16779062771
1441 1103 2.28160287701
1442 1103 2.77902147676
1443 1433 0.408747794986
1444 1433 -0.74692738347
1445 1439 1.77869242348
1446 1431 -1.54098838135
1447 1300 -2.72342587202
1448 1429 -2.62937513466
1449 1127 2.39324494249
1450 1428 -2.82325595873
1451 1427 -2.74839091958
1452 1426 -3.04156986163
1453 1451 -1.7951180976
1454 1450 -1.59041330491
1455 1446 -0.59901875798
1456 1443 -0.0761202952041
1457 1435 1.95335542518
1458 1436 1.97690818486
1459 1436 2.8769284628
1460 1437 2.8770482465
1461 1241 2.21297968366
1462 0 1.43818718693
1463 1462 1.38645923595
1464 1463 1.471814457
1465 1464 1.66737368008
1466 1465 1.7237082056
1467 1466 2.05893774319
1468 1467 1.69983779516
1469 1468 1.92576100098
1470 1469 2.10128079288
1471 1470 1.9500464097
1472 1 -1.39035100018
1473 2 1.53182310137
1474 1462 2.89174466726
1475 1464 2.94326638581
1476 1464 2.5599258367
1477 1465 2.7764515336
1478 1467 -2.9806181873
1479 1467 2.4928073279
1480 1469 3.06549267883
1481 1469 2.73889324271
1482 1471 -2.8201679087
1483 1472 -2.73888135326
1484 1 -2.4622510107
1485 4 1.75468539014
1486 1473 2.86647502973
1487 1475 3.09161793782
1488 1476 -3.1117623906
1489 1476 2.58337576486
1490 1477 2.3809491281
1491 1479 -3.12904669313
1492 1480 -2.96810823957
1493 1480 2.86967120533
1494 1481 3.10408723106
1495 1482 -3.06004337469
1496 1482 3.04734046967
1497 5 -1.24311888507
1498 6 1.09683116411
1499 1485 2.66340422698
1500 1487 3.08241982195
1501 1487 2.57763899213
1502 1489 -3.11367714879
1503 1489 2.51852787333
1504 1491 -3.06538203017
1505 1491 2.70718556136
1506 1493 -2.96397521688
1507 1493 3.09730118126
1508 1495 -2.94373275544
1509 1495 -3.11583395711
1510 7 -1.09607982472
1511 8 1.67090863862
1512 1499 2.61061477454
1513 1501 3.05737197019
1514 1502 3.01103896041
1515 1502 2.47009042723
1516 1503 2.46775636061
1517 1505 -3.07920897859
1518 1506 -2.96630342616
1519 1506 2.78217301218
1520 1508 3.09883370599
1521 1508 2.87064195265
1522 9 -1.27587644625
1523 10 1.46197833873
1524 1511 2.56089486648
1525 1513 2.97919426496
1526 1513 2.39575249848
1527 1515 2.94786480822
1528 1515 2.16143465998
1529 1517 -2.59118374152
1530 1517 2.90674435738
1531 1517 2.46474544235
1532 1519 3.0491148742
1533 1520 2.91442130777
1534 1520 2.61774660699
1535 9 -2.67231378496
1536 12 1.52144252483
1537 1523 2.42044585617
1538 1525 2.68782307884
1539 1525 2.12296996507
1540 1526 1.83661948552
1541 1528 2.90568270447
1542 1529 2.63079070082
1543 1529 2.03574999044
1544 1530 2.36818064472
1545 1531 2.52811585228
1546 1545 1.69898315423
1547 1546 2.0448280465
1548 1547 1.99133642899
1549 1539 1.35612505867
1550 1541 -2.73176848938
1551 1542 3.06840160654
1552 1543 -3.06919975234
1553 1544 -2.96779913424
1554 1545 2.76936569934
1555 1546 -2.96724757681
1556 1547 -3.08093191529
1557 1548 2.45423867487
1558 1539 1.48637025496
1559 1550 3.08576986516
1560 1550 1.98012457498
1561 1552 3.07950830075
1562 1552 2.40092439453
1563 1554 -2.98928471388
1564 1554 2.53944004767
1565 1556 -2.90819483739
1566 1556 2.11994407117
1567 1537 -2.81661475631
1568 1538 -2.48781746296
1569 1538 1.94419155785
1570 1558 -2.78166152798
1571 1559 -2.948456587
1572 1559 2.29294647613
1573 1561 -2.9016957359
1574 1561 2.41958823767
1575 1563 3.11075269474
1576 1563 2.56476473223
1577 1565 2.97250926523
1578 1565 2.3688943377
1579 1566 2.83603631294
1580 14 0.449905564749
1581 1567 -2.91927425861
1582 1568 -2.6744907229
1583 1568 2.91018838602
1584 1570 -3.07720765985
1585 1570 2.50956050102
1586 1572 -3.13618502002
1587 1573 -3.02851410178
1588 1573 2.53259594022
1589 1575 -2.89155699568
1590 1577 -2.38922015684
1591 1578 -2.90373794374
1592 14 1.4954888223
1593 25 0.303640748579
1594 1582 3.13342326639
1595 1582 2.52017445394
1596 1584 -2.63761999785
1597 1584 2.63793830844
1598 1585 2.99274634523
1599 1586 2.93280625996
1600 1587 3.10879360172
1601 1587 2.6735775254
1602 1589 -3.07326065523
1603 1590 3.06498881521
1604 1590 2.44063417217
1605 1591 2.53941790448
1606 1566 1.99332872173
1607 1566 2.32127179261
1608 1557 1.91454054511
1609 1557 1.53479657976
1610 1548 1.57398688038
1611 1609 0.0030039683074
1612 1608 0.468055907402
1613 1606 0.307316943739
1614 1606 1.42986759457
1615 1612 2.12669700141
1616 1613 2.26566576502
1617 1615 1.09884687917
1618 1615 1.84367702438
1619 1617 0.472784011148
1620 1615 0.0533099317849
1621 1617 -0.211419647976
1622 1620 0.15756885178
1623 1620 -0.455452419436
1624 1612 1.19337376457
1625 1611 1.45240974393
1626 1610 0.681989593438
1627 1611 0.484924202651
1628 1623 -0.719436191155
1629 1623 -0.192706376519
1630 1623 0.0866232766661
1631 1622 -0.267568752106
1632 1621 -0.585167635704
1633 1621 -0.3242438667
1634 1619 -1.03584082982
1635 1619 0.237884018991
1636 1618 0.488626984721
1637 15 -1.80841566479
1638 15 -2.88707287259
1639 16 2.84237490919
1640 18 2.64612210443
1641 19 2.07487400515
1642 19 1.65728566148
1643 20 1.73799258496
1644 21 1.92494226269
1645 22 1.98518595007
1646 1533 3.11993287124
1647 1532 2.85968589454
1648 1533 2.37525994133
1649 1547 0.645314035943
1650 1533 2.15413322499
1651 11 -2.02410210661
1652 25 1.48324975589
1653 1595 -3.10045560387
1654 1597 -2.76057474504
1655 1597 -3.04726919079
1656 1598 3.12119420474
1657 1598 2.60118352279
1658 1600 3.09694614877
1659 1600 2.88332292557
1660 1602 -3.03527425977
1661 1602 2.93845500545
1662 1603 2.83558741458
1663 1662 1.71722400466
1664 1663 1.53678495591
1665 1664 1.40429046095
1666 1665 1.62721827601
1667 1666 1.51279708035
1668 1667 1.54807583696
1669 26 -1.60845875562
1670 1603 2.50205323728
1671 1663 0.747826761532
1672 1665 0.0688894764109
1673 1665 0.603474475868
1674 1666 0.686333221235
1675 1668 0.181679963416
1676 27 -1.3797203422
1677 28 1.59036871031
1678 1652 3.05033522848
1679 1654 -2.51502918227
1680 1654 -2.96879563445
1681 1656 -2.6471666496
1682 1656 3.1106831613
1683 1658 -2.80651003479
1684 1658 2.97331694014
1685 1660 -2.98903041791
1686 1660 2.90937573693
1687 1662 -2.83234878883
1688 1662 3.00684409252
1689 1664 -2.91574168034
1690 1664 2.78725479492
1691 1666 3.06196401477
1692 1666 2.60949550205
1693 1668 3.09595146124
1694 26 -2.70729698945
1695 28 2.7984667094
1696 1678 -3.07780990487
1697 1679 -3.0075340318
1698 1679 2.92009670139
1699 1680 3.03594584551
1700 1682 -2.84035727848
1701 1683 -2.99690108323
1702 1683 2.77013891873
1703 1684 2.85592703533
1704 1686 3.05858339692
1705 1687 2.99981067561
1706 1687 2.61704816624
1707 1688 2.6396998824
1708 1690 3.05898793475
1709 1691 -3.13643876912
1710 1691 2.66977287458
1711 1692 2.8210331137
1712 1693 2.65658427744
1713 29 -2.82904661508
1714 30 2.64019016357
1715 1696 -3.1143986959
1716 1696 2.73504908639
1717 1698 3.02985895945
1718 1698 2.69331560324
1719 1700 -2.68273325496
1720 1700 2.84772461545
1721 1702 -2.80460984137
1722 1702 3.1336118572
1723 1704 -3.02634948541
1724 1704 2.62815490757
1725 1706 3.09105053507
1726 1706 2.64867520044
1727 1708 -3.0742826436
1728 1708 2.86102443686
1729 1710 -3.10672592322
1730 1729 1.66395816444
1731 1712 2.98739596365
1732 31 -2.57121161651
1733 34 1.76193105792
1734 1715 -3.11640913266
1735 1715 2.72472190033
1736 1717 3.03564271633
1737 1717 2.79506556766
1738 1719 2.98336603754
1739 1719 2.33251257152
1740 1721 -2.31775785177
1741 1721 3.13643338607
1742 1723 -2.55920155011
1743 1723 2.79199115589
1744 1725 -3.09161512112
1745 1725 2.70265448213
1746 1727 -2.9210835665
1747 1727 2.89096171732
1748 1729 -3.10499620039
1749 1748 1.4013314673
1750 1731 2.83881554249
1751 34 2.81490490915
1752 1734 -2.99052738737
1753 1734 2.69747522355
1754 1736 -2.75112180881
1755 1736 3.00205449918
1756 1738 -2.6927593178
1757 1738 2.72672203339
1758 1740 -2.89264545648
1759 1740 2.35962380919
1760 1742 -2.73943206575
1761 1742 2.78760319645
1762 1744 -2.73985632877
1763 1744 2.72515636232
1764 1746 -2.77101124305
1765 1746 3.01803945846
1766 1765 1.61680040325
1767 1766 1.36427645126
1768 35 -2.73854504676
1769 36 2.55176444062
1770 1752 -3.00311848298
1771 1752 2.36992521888
1772 1754 -2.83407659321
1773 1754 2.53846776238
1774 1756 3.02996457519
1775 1756 2.11266441796
1776 1758 2.67427205802
1777 1758 2.33650745347
1778 1760 -2.97837449753
1779 1760 2.6112842648
1780 1762 -2.39760411472
1781 1762 -2.99537261243
1782 1764 -2.65570765764
1783 1764 -3.13100602658
1784 1765 -3.05985632914
1785 39 1.66132207458
1786 1770 -2.99333847374
1787 1770 2.83329771145
1788 1772 3.07225491332
1789 1772 2.47721573679
1790 1774 2.46253674644
1791 1774 2.09791467905
1792 1776 2.80497152806
1793 1776 2.40808233722
1794 1778 2.81081602737
1795 1778 1.99476208393
1796 1780 -3.04018798923
1797 1780 2.37823284664
1798 1782 -3.13004262933
1799 1782 2.59288247109
1800 1783 2.99558754623
1801 40 1.74992302474
1802 1785 2.92846032827
1803 1787 -3.05166137348
1804 1788 -3.02278656481
1805 1788 2.27803756458
1806 1790 2.99672203978
1807 1790 2.37137273779
1808 1792 -3.07058177754
1809 1792 2.3130324626
1810 1794 3.02383306537
1811 1794 2.22216581004
1812 1796 2.9036960342
1813 1796 2.40333997139
1814 1798 2.7832747658
1815 1799 2.37089795979
1816 40 3.05085565719
1817 1802 -3.065316084
1818 1803 -3.00322252795
1819 1803 2.91777177177
1820 1805 -2.62365317534
1821 1806 -2.57112134048
1822 1806 2.55232416653
1823 1808 -2.64475179488
1824 1808 -2.97397953653
1825 1810 -2.76191472037
1826 1810 2.91467803757
1827 1812 -2.12399083217
1828 1812 3.05993330917
1829 1814 -2.16709253267
1830 1814 2.6229327285
1831 1830 2.37737815312
1832 41 3.11765370969
1833 1817 -3.09011695148
1834 1817 2.77385379105
1835 1819 -3.00201429427
1836 1820 -2.78975851566
1837 1820 2.8075301624
1838 1822 -2.32688737842
1839 1823 -2.61946625953
1840 1823 2.6862872002
1841 1825 -3.07828867758
1842 1825 2.50852914406
1843 1827 2.82662808556
1844 1827 2.26063325437
1845 1829 3.04818939541
1846 1829 2.42074283583
1847 1831 -2.60398173143
1848 43 0.903873555905
1849 1835 2.98062106503
1850 1835 2.38272809876
1851 1837 -2.93619706056
1852 1838 -2.55179735182
1853 1839 -2.76156440574
1854 1839 2.60721991612
1855 1841 -3.08765909462
1856 1841 2.41467753382
1857 1843 2.96007703048
1858 1843 2.37649628307
1859 1845 2.95577031836
1860 1845 2.5500692931
1861 1860 2.38102094937
1862 43 1.47312031166
1863 1849 2.80037928948
1864 1849 2.20156448219
1865 1851 3.05169753118
1866 1851 2.47396555232
1867 1853 -2.96197501465
1868 1853 2.06856809492
1869 1855 -3.07051594563
1870 1855 2.27949201615
1871 1857 -2.93189519295
1872 1857 2.41046883073
1873 1859 -2.94316711582
1874 1859 2.67729525937
1875 1861 -2.59368631247
1876 520 1.12598555868
1877 1863 3.03930943784
1878 1863 2.50415231789
1879 1865 -3.10823467828
1880 1865 2.5363627776
1881 1867 -2.83400530022
1882 1867 2.19429292432
1883 1869 -2.86052690689
1884 1869 2.33687562514
1885 1871 -3.06840712503
1886 1871 2.3711363394
1887 1873 -2.7326970193
1888 1873 2.7366656012
1889 1875 -2.44005801323
1890 67 0.430544219002
1891 67 0.696920452309
1892 66 0.613406463795
1893 64 0.207827780415
1894 63 0.226235195246
1895 1880 2.55424036191
1896 1882 -2.76207686996
1897 1883 -2.73918184843
1898 1883 2.51188784564
1899 1885 -2.37003284126
1900 1885 2.55914823328
1901 1800 2.01426745097
1902 1784 2.8975596082
1903 1815 2.33836729507
1904 1815 1.73399347504
1905 1815 0.972136142411
1906 1901 1.16044616425
1907 1784 1.49843118591
1908 1784 1.24373641525
1909 1765 2.11897078196
1910 1903 2.00344915629
1911 1903 1.28487737583
1912 1905 1.75472500187
1913 1905 1.08930553681
1914 1906 0.507591337447
1915 1906 0.72103933604
1916 1907 0.933299576816
1917 1909 2.30489171877
1918 1766 1.98185244299
1919 1914 0.531798704047
1920 1747 2.4641903357
1921 1748 2.67927408288
1922 1748 1.8423506408
1923 1767 0.0434508596085
1924 1749 2.559448569
1925 1767 0.816333962925
1926 1729 2.3509830177
1927 1729 2.15088762134
1928 1710 2.74626049438
1929 1750 2.81919614513
1930 1768 -1.19617124066
1931 1767 1.56628561074
1932 1767 2.23717760807
1933 1915 0.612356460887
1934 1932 1.82622494537
1935 1768 -1.98453395653
1936 37 -2.36356167429
1937 33 -2.66803224378
1938 45 -2.43040371769
1939 1913 0.541109777208
1940 1910 1.71985998503
1941 1910 1.02374074728
1942 1912 1.5306198094
1943 1912 0.883303638397
1944 1938 2.58049575051
1945 1938 3.02548653539
1946 1942 0.440863018688
1947 1942 1.06165545644
1948 1947 2.0556029062
1949 49 -1.51989543316
1950 1949 2.80670147085
1951 1941 1.05340061765
1952 1940 0.41099905545
1953 1940 0.558807428053
1954 1953 1.53352437582
1955 1940 1.64789180436
1956 1954 0.404049372868
1957 47 2.75777160849
1958 47 -2.23540665011
1959 48 -2.39496822247
1960 48 -2.12334599487
1961 49 -1.84427122284
1962 46 -2.9491583524
1963 46 -2.82044337849
1964 61 2.05208040347
1965 1964 2.20447237218
1966 60 1.12132221621
1967 1964 0.458019126586
1968 59 0.825973555644
1969 1967 -0.115906377614
1970 57 1.25546453476
1971 1968 -0.224596126733
1972 56 1.21240485793
1973 1971 -1.35215861992
1974 56 0.724077082757
1975 1972 -0.335828956834
1976 55 0.632005328478
1977 1975 -1.10928702014
1978 54 0.633788377774
1979 1976 -0.655987949934
1980 53 0.631313100147
1981 1979 -0.89424076177
1982 51 0.660009721859
1983 1896 2.48444546774
1984 51 -0.0880298384999
1985 1897 2.36243057088
1986 1977 -0.600870035982
1987 1977 0.513781752715
1988 1973 -0.165746922082
1989 1973 0.60008570154
1990 1889 -2.33839053231
1991 1898 2.36541628549
1992 1900 -2.60523457927
1993 1900 2.3740987657
1994 1888 -2.56001294786
1995 1886 2.61583702354
1996 62 0.403825514875
1997 63 0.492732279873
1998 1579 2.01230169725
1999 1998 3.12282940951
2000 1591 1.35289111323
2001 1591 2.00997038389
2002 1591 2.31466711723
2003 1604 1.72073987596
2004 1604 1.95414479797
2005 1670 1.52010030482
2006 1614 -2.94683467264
2007 1998 2.12447818014
2008 2000 1.76329258581
2009 2001 1.60653549374
2010 2002 1.30789797812
2011 2002 1.98938646601
2012 2003 1.94111272392
2013 1671 1.24864990925
2014 1616 3.09433909811
2015 2006 2.25821884255
2016 2007 2.49831007848
2017 2009 1.54570106104
2018 2009 2.26092178679
2019 2011 1.54085212706
2020 2011 1.89466864273
2021 1672 0.972833280063
2022 1616 2.16054828783
2023 2015 1.33420831056
2024 2015 1.87438292339
2025 2017 1.31529178651
2026 2017 1.99308180133
2027 2019 1.13839952232
2028 2019 1.75087707001
2029 1674 -0.137745881041
2030 2031 -0.288042530674
2031 2030 -3.10345238091
2032 2031 -2.60872065794
2033 2032 -2.47209136384
2034 2033 -2.07042525144
2035 1618 1.8421573433
2036 2070 0.511508941787
2037 2030 2.90216631735
2038 2032 1.78451668403
2039 2032 -2.9229773299
2040 2034 2.51886084356
2041 2022 1.8232153252
2042 2037 0.179199770215
2043 2037 1.69419834131
2044 2038 1.55219509257
2045 2038 -2.99859915952
2046 2039 -2.39698256389
2047 2023 1.7905045247
2048 2043 1.47001881867
2049 2044 1.62775817154
2050 2044 -2.75388959141
2051 2045 -2.3559597598
2052 2025 1.19453369881
2053 2048 -0.0573781747469
2054 2048 1.7169463835
2055 2048 -2.98748248414
2056 2050 2.37975936724
2057 2051 2.14857584547
2058 2026 1.00418645293
2059 2053 1.29924223059
2060 2054 1.29050598159
2061 2054 -2.96896974672
2062 2056 2.60226210831
2063 2056 -2.55205485905
2064 2027 1.14373136671
2065 2060 1.48480351087
2066 2061 2.18619274937
2067 2062 2.25860915078
2068 2062 -2.5394660887
2069 2027 1.5732616586
2070 2036 -2.57677852686
2071 2066 1.94264164892
2072 2067 2.20431027848
2073 2067 -2.65769572135
2074 1675 0.517965540844
2075 2042 1.4574563289
2076 2036 -2.88317186415
2077 2071 2.11982608995
2078 2072 2.04931194916
2079 2072 -2.73218334554
2080 27 0.710592604633
2081 2076 -2.96760724403
2082 2077 -3.07789580106
2083 2078 -2.55862743837
2084 23 0.425257769061
2085 2086 -0.0252224411053
2086 2042 -0.158064604295
2087 23 1.96032290262
2088 2059 -0.376180927072
2089 2053 -0.263589245288
2090 2030 1.33803916452
2091 2030 0.167623181309
2092 2030 -0.400068983102
2093 2088 0.00565645091187
2094 2089 0.197337324408
2095 2093 0.00775910647957
2096 2094 0.247083565935
2097 2042 0.177231067602
2098 2085 -0.882182802153
2099 2098 -1.75468626864
2100 2099 -0.940059058445
2101 2098 -0.794963752944
2102 2100 -0.890382466946
2103 2101 -0.783320791555
2104 2102 -0.642581875156
2105 2102 -0.252400310403
2106 2105 2.20855401779
2107 2101 0.306997938173
2108 2098 0.105898195415
2109 2098 0.835301148487
2110 2102 -2.46588179933
2111 2099 -1.70402634846
2112 2099 -2.49912448328
2113 2086 -1.1974773772
2114 2091 -1.33861347592
2115 2111 -3.06880726717
2116 2096 -0.85438803132
2117 2107 2.06066365122
2118 2106 2.34759359235
2119 2085 -2.06846388189
2120 2088 0.885381587469
2121 2093 0.468521274614
2122 2096 0.828016004294
2123 2116 0.751096553117
2124 2118 1.33486949141
2125 2106 1.63322863304
2126 2117 0.981264174909
2127 2120 0.141969907271
2128 2121 0.675705257585
2129 2122 0.127177732872
2130 2126 0.670167970189
2131 2124 1.18096799921
2132 2125 1.49595746354
2133 2104 2.74845415755
2134 2125 1.13583287727
2135 2120 1.08099011739
2136 2036 -1.47297601694
2137 2059 1.21894686745
2138 2085 1.13670750838
2139 2092 -1.28566405136
2140 2114 -1.22747604139
2141 2092 -2.44002688753
2142 2110 2.92191933774
2143 2104 -2.75277237438
2144 2110 -2.23667921832
2145 2104 -2.76173463331
2146 2134 1.05351768285
2147 2134 0.660102166802
2148 2140 -0.881114258746
2149 2036 -0.593262802928
2150 2128 1.18177147923
2151 2036 -0.0291474130428
2152 2036 1.13586953938
2153 2030 -1.58694318316
2154 2129 0.769416760216
2155 2130 0.6111225681
2156 1831 1.98479253183
2157 1830 1.95590567643
2158 1831 2.60190120665
2159 1847 2.71145611494
2160 1847 3.00715235978
2161 1846 2.58166915394
2162 1861 2.7486429953
2163 1875 2.87033846737
2164 1875 2.90518186799
2165 1875 -3.10856300137
2166 1969 2.39850310028
2167 1967 2.17173110291
2168 2169 -1.45383702634
2169 2168 1.57237831176
2170 2168 -0.279973198457
2171 2168 0.022553944315
2172 2160 2.91742325115
2173 2159 2.79644826105
2174 2162 2.63566829769
2175 2168 -1.39401510681
2176 2170 -1.8626892865
2177 2163 2.62025573462
2178 2175 -1.32361953913
2179 2176 -1.53942482561
2180 2166 2.74904892582
2181 2169 1.14559256438
2182 2171 1.34410720242
2183 2158 2.78090162291
2184 1940 3.12344710481
2185 1955 2.82991789265
2186 2182 0.475985917909
2187 2181 0.242709971721
2188 2181 1.35623582059
2189 2185 2.824567837
2190 2189 1.36479144999
2191 2187 1.53087590082
2192 1955 2.2724689916
2193 1954 1.44421633875
2194 1965 2.58090117442
2195 2190 1.10618071762
2196 2191 1.3321559614
2197 2196 3.13358049512
2198 2187 2.69652694512
2199 1965 1.77293556803
2200 2167 2.93034394277
2201 2196 1.13402127497
2202 2197 1.46721072703
2203 2166 3.03548517827
2204 2178 -0.485407998948
2205 2178 -1.16085573694
2206 2031 -2.29027367848
2207 2034 -0.507727517483
2208 2032 -1.81741286409
2209 2030 -2.7938042598
2210 2076 1.21485118396
2211 13 1.43373560106
2212 1798 2.40257763725
2213 2214 -2.70097615591
2214 2168 -2.6326300106
2215 2175 -2.73635443482
2216 2213 -1.08132833204
2217 2218 -2.77151689919
2218 2169 -2.90649466675
2219 2168 -2.89620405437
2220 2217 -1.11588335053
2221 2217 2.10661485083
2222 2169 2.98242281597
2223 2213 -1.43441803855
2224 2223 -2.08719808982
2225 2213 -1.93550220554
2226 2224 -2.75285630924
2227 2228 -0.881425994096
2228 2227 2.35596017941
2229 2227 1.68838321903
2230 2227 0.48459328847
2231 2227 -3.03803141096
2232 2227 -2.75295255852
2233 2231 1.54030783924
2234 2232 -1.01843877088
2235 2227 -2.40486079407
2236 2233 -2.09724008935
2237 2227 -0.932776707134
2238 2230 -1.15814925363
2239 2228 2.39767202373
2240 2232 2.62105546718
2241 2229 2.12578377963
2242 2239 1.66893248651
2243 2217 -3.10461410577
2244 2217 -2.67696642602
2245 2235 -0.271976628608
2246 2226 -2.8823338207
2247 2235 -1.3551222487
2248 2220 -2.76099333871
2249 2168 -2.79349138645
2250 2213 1.73862521499
2251 2223 -1.47150566426
2252 2216 -1.2181442792
2253 2226 -0.956443505661
2254 2245 -0.532891972544
2255 2236 -0.199908160682
2256 2247 -0.95952537687
2257 2245 -1.03815257319
2258 2251 -1.06279204366
2259 2251 -0.761540743534
2260 2253 -1.54868624006
2261 2257 -0.870016718403
2262 2255 0.507931727524
2263 2255 0.425100361693
2264 2255 0.33220234089
2265 2233 1.77132123857
2266 2252 -1.0241981514
2267 2178 -2.78796967841
2268 2202 -2.97870533449
2269 2213 -3.02191837641
2270 2213 -2.56201360415
2271 2242 2.10843617191
2272 2221 -3.02158741677
2273 2221 1.44851845056
2274 2239 2.2669377958
2275 2234 2.85227040728
2276 2234 -3.1150204924
2277 2240 3.04045688238
2278 2264 -0.189605625017
2279 2264 -0.133868051652
2280 2271 -2.28381319998
2281 2258 0.64256284443
2282 2272 1.11022717251
2283 2258 -0.577408648956
2284 2197 -2.72167009864
2285 2188 2.97498547492
2286 2188 -2.91531256198
2287 2260 -0.672505156999
2288 2261 -0.590024818472
2289 2290 2.02197894693
2290 2289 -1.22579857851
2291 2289 -1.38254711391
2292 2289 -1.53636022539
2293 2292 -1.85981847206
2294 2293 -2.20105003249
2295 2294 -1.76652263668
2296 2295 -1.84250420393
2297 2289 0.182886327352
2298 2289 -1.24548099534
2299 2291 -1.35836772781
2300 2292 -1.48503455253
2301 2293 -1.80007737925
2302 2295 -2.17743163456
2303 2297 0.642979274205
2304 2298 0.860203583278
2305 2299 1.03354478954
2306 2299 -0.786708677178
2307 2300 -1.18233075104
2308 2301 -1.43167852472
2309 2302 -1.3634210046
2310 2303 0.663397894759
2311 2303 -1.05269533061
2312 2304 -0.791028965087
2313 2305 -0.982295671529
2314 2306 -1.22599573729
2315 2307 -1.60702439669
2316 2308 -2.07494929939
2317 2310 -0.861977360828
2318 2310 -1.11746392939
2319 2311 -1.01717672887
2320 2313 -0.365859312489
2321 2314 -1.54499422272
2322 2315 -2.27702598627
2323 2317 1.02663174603
2324 2317 -1.12707125705
2325 2318 -0.967929666154
2326 2319 -1.44030665711
2327 2320 -2.21454386459
2328 2321 -2.49627366623
2329 2323 0.0952889454716
2330 2323 -1.29053612687
2331 2324 -0.884606977481
2332 2325 -1.59560278493
2333 2326 -2.5044388609
2334 2327 3.09333998528
2335 2329 0.322812839379
2336 2329 -1.14272481096
2337 2330 -1.13886181769
2338 2331 -0.645641992156
2339 2332 -0.314924022569
2340 2322 3.10174709912
2341 2335 -0.923306851109
2342 2335 -1.4069686213
2343 2336 -1.36471245908
2344 2337 -0.583864899877
2345 2338 -0.544092878333
2346 2322 2.81108410435
2347 2341 -1.00076770984
2348 2341 -1.36270798049
2349 2342 -1.29023002202
2350 2343 -0.759442792619
2351 2344 -0.51774444012
2352 2322 2.70537090913
2353 2294 2.10728913819
2354 2294 2.47949100472
2355 2294 3.01729626138
2356 2349 -1.09178100645
2357 2302 -2.92255415282
2358 2302 -2.03248332285
2359 2316 2.78956615441
2360 2329 1.99666353784
2361 935 -1.38053847851
2362 2329 2.2188521145
2363 935 -1.5497545474
2364 935 -2.98305551761
2365 935 1.92546786963
2366 937 3.08121826445
2367 937 1.45271059923
2368 939 2.13034836638
2369 42 3.02080685307
2370 2310 1.9623729246
2371 2362 2.03321160115
2372 2364 -2.99967350061
2373 2364 1.88997410802
2374 2366 2.95094766294
2375 2366 1.37090501387
2376 2368 2.10203452963
2377 1832 2.97066624085
2378 2303 2.094585117
2379 2371 -3.0140924209
2380 2372 -3.00874734433
2381 2372 1.86014241039
2382 2374 2.84767468867
2383 2374 1.31876534537
2384 43 -0.475953361891
2385 2297 2.20863876936
2386 2379 -2.98317724707
2387 2379 1.88676622912
2388 2381 -3.00171103807
2389 2382 2.83374831454
2390 2382 1.38823444714
2391 970 -0.463613121246
2392 2289 2.26781985673
2393 967 -1.17832698821
2394 967 0.178686703265
2395 968 0.206661889283
2396 969 -0.113115963901
2397 44 -0.237385043067
2398 970 -0.318111328374
2399 2353 1.7539143775
2400 962 -1.1707743158
2401 2353 1.88470703875
2402 957 -1.17812700279
2403 2347 1.78237062348
2404 952 -1.18571001735
2405 2347 1.93179003719
2406 946 -1.18926826755
2407 2335 1.90260836711
2408 940 -1.19208407014
2409 2335 2.1380682561
2410 935 -1.20431523381
2411 2289 -1.93505274277
2412 1944 2.70723242545
2413 1945 2.3654373628
2414 1946 1.91532265199
2415 1947 1.56744002616
2416 1948 1.55337164792
2417 1948 -2.6186235728
2418 1962 -2.93052301697
2419 1963 2.96886201353
2420 1950 2.86076349454
2421 1951 2.36232850839
2422 1952 1.85766171113
2423 1953 1.3870194375
2424 1954 -0.641382295599
2425 1956 -2.07065929056
2426 1958 -2.29985398929
2427 1959 -2.57451980565
2428 1950 2.85017613552
2429 2412 2.65632235062
2430 2418 -2.66403990906
2431 2416 -1.07976374016
2432 2416 0.756660739609
2433 2414 1.89359632594
2434 2413 2.6931322702
2435 2413 2.16325615247
2436 2412 2.57828020037
2437 2420 2.81915677404
2438 2420 2.84394101278
2439 2427 -2.3961176288
2440 2425 -1.50265947213
2441 2424 -1.14541700887
2442 2423 0.0581414084572
2443 2422 1.98323182468
2444 2421 2.62290447668
2445 2421 2.31835827391
2446 2429 -3.01574611169
2447 2437 2.71781437907
2448 2449 -2.92751929208
2449 2448 0.226675416496
2450 2448 0.427131166735
2451 2450 1.68216860488
2452 2448 1.13533505774
2453 2448 1.3495044308
2454 2450 -0.200677913988
2455 2450 0.876203619951
2456 2452 1.1849399051
2457 2452 2.45306207205
2458 2448 2.73718189098
2459 2448 -2.5971919919
2460 2448 -1.63017053649
2461 2449 -0.730935846181
2462 2459 3.02593906725
2463 2457 -2.52116692809
2464 2459 -0.839855546675
2465 2454 -2.04570684414
2466 2454 -0.3252409477
2467 2455 1.58560937326
2468 2457 1.52933505194
2469 2455 2.73376264379
2470 2468 2.95646872651
2471 2462 1.18875183896
2472 2468 1.82057031462
2473 2467 2.92595030054
2474 2465 -1.05777150958
2475 2465 0.122940865488
2476 2466 0.936325026464
2477 2464 -1.23385558617
2478 2464 -0.560961522386
2479 2462 -0.841510453729
2480 2462 -1.12489743438
2481 2477 -2.14536266147
2482 2478 -1.4454522495
2483 2474 -1.15022618758
2484 2475 -0.555048733605
2485 2475 0.90604420857
2486 2467 0.0558267964581
2487 2467 1.63669501698
2488 2472 1.20401692743
2489 2472 2.78460164053
2490 2470 2.81785135309
2491 2462 1.59454330658
2492 2486 -0.504468709739
2493 2486 0.972279105179
2494 2487 1.50813250927
2495 2488 1.31996140661
2496 2489 2.46339691087
2497 2489 -3.09368123463
2498 2490 -2.71019389444
2499 2462 2.68336994322
2500 2483 0.633055825807
2501 2485 -0.408352238189
2502 2482 -0.152843538345
2503 2482 -0.998194882056
2504 2480 -0.646464562429
2505 2480 -2.5827954689
2506 2462 -2.37161354892
2507 2503 -2.95065515668
2508 2504 2.85625527678
2509 2503 -1.78576627325
2510 2502 -1.57429452699
2511 2500 -1.10313867252
2512 2501 -0.42518357408
2513 2492 0.407578021233
2514 2493 0.960805377234
2515 2499 -0.977157806897
2516 2507 -1.59881166758
2517 71 2.1228420969
2518 71 2.07754315547
2519 71 1.83666799204
2520 2512 0.973755895389
2521 2514 1.04303329945
2522 2494 1.32089309243
2523 2495 1.77202103221
2524 2496 2.03612450119
2525 2496 2.3243263667
2526 2497 2.61213631997
2527 2497 2.9585857767
2528 2498 -3.06447958332
2529 2499 -2.47491638479
2530 2508 2.687063575
2531 2508 -3.00898861412
2532 2507 -2.43293052636
2533 2507 -3.03136005312
2534 72 1.68828026208
2535 2520 1.71645884285
2536 2521 2.0851268162
2537 2522 2.26453696049
2538 2527 2.80112151016
2539 2527 -2.41120292599
2540 2528 -3.10157170239
2541 2529 2.86284912359
2542 2530 3.08095343267
2543 2531 2.81757164817
2544 2531 -2.36573451525
2545 73 2.2885772127
2546 2532 -2.00481510351
2547 2532 -2.7420004837
2548 2532 -3.12183452354
2549 2524 1.42480335608
2550 2524 1.87389691233
2551 2525 2.30705561491
2552 2526 2.65690409732
2553 74 2.01752620231
2554 76 3.03588315151
2555 2535 1.92526472876
2556 2536 1.60377425398
2557 2537 1.42178042497
2558 2549 1.5775750783
2559 2549 2.30308837349
2560 2550 1.81135453078
2561 2551 2.01532570589
2562 2552 2.58932332451
2563 2538 2.5829680486
2564 2539 2.82435119208
2565 2540 -3.04423918405
2566 2541 -2.91703080875
2567 2542 -2.73771681282
2568 2543 -2.8701544504
2569 76 2.1241302952
2570 2555 1.74798790173
2571 2556 1.80803168646
2572 2557 1.54806970216
2573 2558 1.50792976761
2574 2559 1.12561512415
2575 2559 1.51264795228
2576 77 2.28015572766
2577 81 3.00772309726
2578 2577 3.12871314753
2579 2570 1.59790065699
2580 2571 1.67551106777
2581 2578 3.10022168116
2582 2572 1.43777630635
2583 2581 3.12031912751
2584 2573 1.32032240514
2585 2583 2.85879688459
2586 2573 1.66071208679
2587 2575 1.12096394444
2588 79 -2.49265304426
2589 79 -2.65208189055
2590 2589 -2.20413226848
2591 2577 2.31699852599
2592 80 -1.62519654698
2593 2590 2.47338566152
2594 2578 2.43787888795
2595 2590 -2.97955143152
2596 2590 2.90377090074
2597 83 -1.24246538173
2598 83 -2.1448716658
2599 85 -1.14857882198
2600 86 -1.09448359997
2601 2599 -2.21969079461
2602 2599 -1.64867021273
2603 2598 -1.78335987599
2604 2585 1.74855002358
2605 2603 -1.98082121846
2606 2602 -1.91126573656
2607 2606 -1.87832074931
2608 2585 1.97597362875
2609 2603 -1.39220725319
2610 2597 -2.43157189754
2611 2601 -1.9994916442
2612 2607 3.06568500582
2613 2604 0.205329124523
2614 2583 1.82615215224
2615 2581 2.29343516401
2616 2596 3.13902607377
2617 2596 -2.62010992138
2618 2594 2.06160482592
2619 2595 2.66282470628
2620 2607 -2.01212852215
2621 2607 -2.74439558679
2622 2620 -2.2745327954
2623 2621 -1.16060104559
2624 2585 2.48373955151
2625 2608 -2.18838684264
2626 2585 -2.86927734026
2627 2587 2.55428317095
2628 2620 -1.67246090705
2629 2575 2.09554882587
2630 2623 -2.38246893916
2631 2621 -1.82502201774
2632 2560 1.51129484738
2633 2629 -3.02815504846
2634 2630 2.70481102745
2635 2612 -3.08338325349
2636 2612 -2.3095349646
2637 2601 -2.29157721298
2638 2634 1.03354898335
2639 2635 2.74228937621
2640 2637 2.77270006839
2641 2560 2.64095086202
2642 2632 -2.64264449275
2643 2633 2.95377704152
2644 2642 2.67503764305
2645 87 -1.17137842249
2646 88 -0.963175251301
2647 89 -1.93130600045
2648 93 -0.0481069183419
2649 91 -0.679750354888
2650 92 -0.843743721454
2651 2638 -2.74833536536
2652 2634 -2.78500964471
2653 2643 -2.85677987054
2654 95 -0.750688343009
2655 2644 -2.78445262664
2656 2654 -2.09576766156
2657 96 -1.04320689172
2658 2644 -2.26948487515
2659 2655 -2.0378753809
2660 2561 2.17065288075
2661 2641 -2.60894302234
2662 2561 -2.69544507092
2663 2658 -2.04961084659
2664 2562 -2.80458211632
2665 2659 -1.71697457624
2666 2656 -1.91190270004
2667 2665 -3.12074258874
2668 2656 -2.22786512296
2669 2666 -2.64382193527
2670 96 -2.26960317201
2671 1471 0.439129503136
2672 1469 1.47575932602
2673 2563 -2.59927139926
2674 2664 -2.56940503028
2675 1469 0.849445271798
2676 2667 -1.25885177784
2677 1467 1.41172600241
2678 2674 -1.71607148928
2679 2673 -2.010850305
2680 2565 3.11179960674
2681 2566 -2.39829364322
2682 2567 -2.34129969056
2683 2568 -2.30627681013
2684 2682 -2.94213634631
2685 2678 -0.880322051167
2686 2677 -0.871650131102
2687 1466 1.29218022991
2688 2684 -2.70780631669
2689 1466 0.50011213175
2690 98 1.26409383505
2691 98 0.56139379077
2692 2690 1.64030403181
2693 2546 -3.13684202012
2694 2692 1.41731873969
2695 2546 2.99158521737
2696 100 1.43837136879
2697 2690 2.40573645306
2698 2694 2.8390081759
2699 2694 2.29200812558
2700 2694 1.49569914854
2701 2694 0.865573569227
2702 2699 1.33874559593
2703 2699 0.814835984754
2704 2701 2.08108059625
2705 2702 1.09316451755
2706 2702 0.713081272095
2707 2704 1.97481798233
2708 2705 1.12167817444
2709 2705 0.902596798805
2710 2707 1.65146465705
2711 2708 0.948594507045
2712 2708 0.558711517809
2713 2710 1.2196081422
2714 2711 0.583756039642
2715 2711 0.264653603337
2716 2713 0.783764349774
2717 2546 2.74627783321
2718 2547 -2.77252455189
2719 2707 0.771833285099
2720 2710 -0.148801364522
2721 2713 -1.07925219404
2722 2713 -1.00071871402
2723 2715 -0.454400398259
2724 2722 -0.138689161978
2725 2714 0.0938803478184
2726 2714 0.459858716828
2727 2723 -0.202554769017
2728 2723 -1.20541644299
2729 2725 0.0506355896938
2730 2726 0.287005709191
2731 2727 -0.328441416216
2732 2727 -1.20015699434
2733 2729 -0.204404703727
2734 2729 0.808575911002
2735 2731 -0.519728946134
2736 2547 -2.93981364449
2737 2719 1.45618926972
2738 2720 -1.47792560644
2739 2547 -2.16616462028
2740 2736 -1.29366146389
2741 2547 3.13413702882
2742 2737 -1.02340143338
2743 2720 -0.870114133315
2744 2742 -0.239118022481
2745 2721 -0.853798562384
2746 2744 0.248987287166
2747 2722 -0.881721151236
2748 2746 -0.48874603908
2749 2724 -1.04707101793
2750 2747 -0.851987577446
2751 2728 -0.862141270955
2752 2735 -3.07119822012
2753 2746 -0.864225053851
2754 2744 -0.842590609742
2755 2750 -1.41422575831
2756 2735 -2.94700911327
2757 2744 -1.67170979977
2758 2740 -0.691944849837
2759 2739 -0.952381558796
2760 2739 -1.50573761116
2761 2739 -2.39435906176
2762 2755 -1.77481084137
2763 2735 -3.03212011839
2764 2753 -1.94124857815
2765 2754 -1.40755573239
2766 2754 -2.17879430857
2767 2758 -1.00795191402
2768 2759 -1.3104719358
2769 2760 -1.27538033352
2770 2760 -1.95684739304
2771 2767 -0.718479994946
2772 2765 -2.33555555748
2773 2765 -0.943575913845
2774 2762 -2.58086597119
2775 2768 -0.528870122512
2776 2769 -0.845199570015
2777 2770 -0.683423490745
2778 2777 -2.12842862166
2779 2761 -1.90065906529
2780 2778 -2.20203887768
2781 2779 -1.90018498923
2782 2762 -1.05484516654
2783 2735 -3.05478078453
2784 100 1.85662108968
2785 2697 2.48943677914
2786 2698 2.49304126924
2787 2698 1.93002101062
2788 2702 2.80118689694
2789 2714 0.975229150091
2790 2711 1.33044180144
2791 2708 1.51841599611
2792 2705 1.52220803514
2793 2705 2.5386158125
2794 104 1.27150634864
2795 102 1.5513783037
2796 2730 1.64258388183
2797 2730 0.891002895367
2798 104 2.04176588537
2799 1463 0.501622012704
2800 1464 1.0692446845
2801 2794 2.03723207803
2802 2761 -2.22190419279
2803 2761 -3.0686488802
2804 2799 0.867518718245
2805 2799 1.12809714306
2806 2800 0.567026297557
2807 2803 1.81232784767
2808 2804 1.28090540632
2809 2805 1.0863523914
2810 2806 0.487262304389
2811 2807 2.64297790487
2812 2808 2.48992751015
2813 2809 1.5269505444
2814 2810 0.787459660689
2815 2741 -2.52202842664
2816 2741 -2.6773847192
2817 2741 -2.85171674023
2818 2811 2.83343218358
2819 2812 2.9068902447
2820 2813 3.03656739396
2821 2817 3.01079130637
2822 2818 2.79879571783
2823 2819 2.78045852394
2824 2820 3.0328046322
2825 2826 -2.10993875383
2826 2823 -3.01535053513
2827 2826 2.02186734504
2828 2825 2.00449968043
2829 2822 3.00851591479
2830 2821 3.01617954129
2831 2827 0.930225680856
2832 2827 1.30800773862
2833 2828 1.01631465642
2834 2833 2.80200789294
2835 2825 -2.78919414131
2836 2834 1.25285992658
2837 2823 -2.01751799754
2838 2814 2.42487899679
2839 2820 -2.32527435759
2840 2825 -0.150097146306
2841 1466 -0.125873966147
2842 2688 -1.79754570173
2843 2842 -3.0437843799
2844 2843 -3.13372915303
2845 2844 -3.0136589408
2846 2845 -3.00322553155
2847 2835 -0.792557496664
2848 2840 -1.50381234158
2849 2825 -0.918457858568
2850 2838 -2.01477574178
2851 1465 0.476470107632
2852 2806 1.23256139255
2853 2810 0.995654837719
2854 2814 0.284193477859
2855 2548 2.98208320993
2856 2855 -3.09087050292
2857 2856 -2.97429399782
2858 2830 1.48833102873
2859 2830 1.75378301378
2860 2831 1.03224447029
2861 2832 1.66842237727
2862 2832 2.45561947176
2863 2833 2.29929400918
2864 2834 1.07455332601
2865 2857 1.39752158435
2866 2842 -1.64500983931
2867 2857 2.46789193581
2868 2857 3.00100560657
2869 2857 -2.81967294474
2870 2858 3.05623838506
2871 2859 2.91817890003
2872 2860 2.7487366743
2873 2862 1.29472954891
2874 2863 0.726603428938
2875 2863 1.33834443647
2876 2843 -1.50123638651
2877 2843 -2.60614427988
2878 2844 -2.60893034261
2879 2846 -1.22952381401
2880 2846 -2.3240158852
2881 2847 -1.61984844123
2882 2544 -1.92820033762
2883 2543 -1.84032428276
2884 2873 1.8023226842
2885 2875 -0.226107606777
2886 2879 -2.05509312269
2887 2871 2.60221651012
2888 2741 3.01653167482
2889 2870 2.9113454742
2890 2568 -2.0755711629
2891 2869 3.13520666697
2892 2869 2.27542624556
2893 2867 -2.8245706053
2894 2891 1.24014643571
2895 2889 1.16326701904
2896 2887 0.966986922434
2897 2884 0.471677371525
2898 2867 -2.8930358043
2899 2876 -2.58347760336
2900 2877 -2.51283639199
2901 2878 -2.43322613305
2902 2682 -1.91591100666
2903 43 2.40411349929
