956 4 0
0 1 0.097056402491 1.66785272929 -3.0445362511 -1.4737399243
1 0 0.0524450039494 1.62324133074 -3.08914764964 -1.51835132285
2 0 0.154365822672 1.72516214947 -2.98722683092 -1.41643050412
3 4 -0.0277798692439 1.54301645755 3.11381278435 -1.59857619604
4 3 -0.353399677088 1.21739664971 2.7881929765 -1.92419600388
5 4 -0.437040368193 1.1337559586 2.7045522854 -2.00783669499
6 2 -0.0151608094714 1.55563551732 3.12643184412 -1.58595713627
7 6 0.0449854108724 1.61578173767 -3.09660724272 -1.52581091592
8 7 0.030608976068 1.60140530286 -3.11098367752 -1.54018735073
9 8 0.072411039439 1.64320736623 -3.06918161415 -1.49838528736
10 9 0.103476510508 1.6742728373 -3.03811614308 -1.46731981629
11 10 0.122050603977 1.69284693077 -3.01954204961 -1.44874572282
12 11 0.120644965167 1.69144129196 -3.02094768842 -1.45015136163
13 12 0.126138208644 1.69693453544 -3.01545444495 -1.44465811815
14 12 -0.516976283051 1.05382004374 2.62461637054 -2.08777260985
15 14 0.724486185882 2.29528251268 -2.41710646771 -0.846310140913
16 15 0.59652169464 2.16731802144 -2.54507095895 -0.974274632155
17 16 0.554328231701 2.1251245585 -2.58726442189 -1.01646809509
18 17 0.233411971761 1.80420829856 -2.90818068183 -1.33738435503
19 18 0.747861641055 2.31865796785 -2.39373101254 -0.82293468574
20 0 -0.496458982492 1.0743373443 2.6451336711 -2.06725530929
21 3 -0.554215591758 1.01658073504 2.58737706183 -2.12501191855
22 3 -0.0751666031103 1.49562972368 3.06642605048 -1.64596292991
23 4 -0.237428485796 1.333367841 2.90416416779 -1.80822481259
24 5 -0.181659610595 1.3891367162 2.959933043 -1.75245593739
25 23 -0.576741127658 0.994055199137 2.56485152593 -2.14753745445
26 25 -0.166265499231 1.40453082756 2.97532715436 -1.73706182603
27 23 -0.168666780427 1.40212954637 2.97292587316 -1.73946310722
28 6 -0.169972691555 1.40082363524 2.97161996203 -1.74076901835
29 21 -0.0925146056548 1.47828172114 3.04907804793 -1.66331093245
30 6 -0.527892889368 1.04290343743 2.61369976422 -2.09868921616
31 28 -0.549858468944 1.02093785785 2.59173418465 -2.12065479574
32 22 -0.114417327418 1.45637899938 3.02717532617 -1.68521365421
33 27 0.419697743756 1.99049407055 -2.72189490983 -1.15109858304
34 27 -0.317844330866 1.25295199593 2.82374832272 -1.88864065766
35 26 -0.191505650128 1.37929067667 2.95008700346 -1.76230197692
36 7 -0.548531944619 1.02226438218 2.59306070897 -2.11932827141
37 8 -0.78187331982 0.788923006975 2.35971933377 -2.35266964661
38 9 -0.389457320911 1.18133900588 2.75213533268 -1.96025364771
39 40 0.708103732746 2.27890005954 -2.43348892084 -0.862692594049
40 39 -0.339808615987 1.23098771081 2.8017840376 -1.91060494278
41 40 -0.377098093848 1.19369823295 2.76449455974 -1.94789442064
42 30 -0.730632072204 0.840164254591 2.41096058139 -2.301428399
43 31 0.385552544473 1.95634887127 -2.75604010912 -1.18524378232
44 39 0.118291139786 1.68908746658 -3.0233015138 -1.45250518701
45 40 0.318241092059 1.88903741885 -2.82335156153 -1.25255523474
46 33 0.556613151331 2.12740947813 -2.58497950226 -1.01418317546
47 44 0.400118483005 1.9709148098 -2.74147417058 -1.17067784379
48 44 -0.362272885039 1.20852344176 2.77931976855 -1.93306921183
49 39 0.314211816014 1.88500814281 -2.82738083758 -1.25658451078
50 48 0.565374998857 2.13617132565 -2.57621765473 -1.00542132794
51 49 0.724167986237 2.29496431303 -2.41742466735 -0.846628340558
52 49 -0.37051012093 1.20028620587 2.77108253266 -1.94130644772
53 51 0.616594641878 2.18739096867 -2.52499801171 -0.954201684917
54 51 -0.645935771687 0.924860555108 2.4956568819 -2.21673209848
55 53 -0.75355089282 0.817245433975 2.38804176077 -2.32434721961
56 53 -0.317851511021 1.25294481577 2.82374114257 -1.88864783782
57 55 -0.298542516728 1.27225381007 2.84305013686 -1.86933884352
58 55 0.445211728005 2.0160080548 -2.69638092559 -1.12558459879
59 34 0.43341327684 2.00420960363 -2.70817937675 -1.13738304995
60 35 -0.137233469874 1.43356285692 3.00435918372 -1.70802979667
61 46 0.398105369813 1.96890169661 -2.74348728378 -1.17269095698
62 60 0.0223536884362 1.59315001523 -3.11923896515 -1.54844263836
63 61 -0.143762755549 1.42703357125 2.99782989804 -1.71455908234
64 48 -0.230463933062 1.34033239373 2.91112872053 -1.80126025986
65 48 0.0664410673084 1.6372373941 -3.07515158628 -1.50435525949
66 63 -0.71552017367 0.855276153125 2.42607247992 -2.28631650047
67 63 -0.392834824446 1.17796150235 2.74875782914 -1.96363115124
68 48 0.764995653918 2.33579198071 -2.37659699967 -0.805800672877
69 50 0.676411675857 2.24720800265 -2.46518097773 -0.894384650938
70 52 0.68074507475 2.25154140154 -2.46084757884 -0.890051252045
71 54 0.478240987952 2.04903731475 -2.66335166564 -1.09255533884
72 56 0.47915741728 2.04995374407 -2.66243523631 -1.09163890952
73 65 -0.556429523915 1.01436680288 2.58516312967 -2.12722585071
74 65 0.539792107658 2.11058843445 -2.60180054593 -1.03100421914
75 68 0.499967405354 2.07076373215 -2.64162524824 -1.07082892144
76 69 0.657409442346 2.22820576914 -2.48418321124 -0.913386884449
77 70 0.597066914483 2.16786324128 -2.54452573911 -0.973729412311
78 71 0.592872617927 2.16366894472 -2.54872003566 -0.977923708868
79 39 -0.725202431722 0.845593895073 2.41639022187 -2.29599875852
80 51 -0.280729703963 1.29006662283 2.86086294963 -1.85152603076
81 53 -0.181921422737 1.38887490406 2.95967123085 -1.75271774953
82 55 -0.417904681646 1.15289164515 2.72368797194 -1.98870100844
83 57 -0.694545102831 0.876251223964 2.44704755076 -2.26534142963
84 83 -0.304749208848 1.26604711795 2.83684344474 -1.87554553564
85 57 -0.562922291078 1.00787403572 2.57867036251 -2.13371861787
86 57 -0.274914514371 1.29588181242 2.86667813922 -1.84571084117
87 57 0.0495462163776 1.62034254317 -3.09204643721 -1.52125011042
88 11 0.253753766994 1.82455009379 -2.8878388866 -1.3170425598
89 88 0.255576803363 1.82637313016 -2.88601585023 -1.31521952343
90 79 -0.252853048883 1.31794327791 2.88873960471 -1.82364937568
91 11 -0.332413233325 1.23838309347 2.80917942027 -1.90320956012
92 88 -0.254592489972 1.31620383682 2.88700016362 -1.82538881677
93 80 -0.280226366331 1.29056996046 2.86136628726 -1.85102269313
94 81 -0.541449510751 1.02934681604 2.60014314284 -2.11224583755
95 82 -0.321057452318 1.24973887448 2.82053520127 -1.89185377911
96 82 0.356399660708 1.9271959875 -2.78519299288 -1.21439666609
97 90 -0.11141422362 1.45938210318 3.03017842997 -1.68221055041
98 93 -0.300610653313 1.27018567348 2.84098200028 -1.87140698011
99 94 0.747101581037 2.31789790783 -2.39449107255 -0.823694745758
100 95 -0.311893001797 1.258903325 2.82969965179 -1.88268932859
101 96 -0.37316994785 1.19762637895 2.76842270574 -1.94396627464
102 16 0.619830816133 2.19062714293 -2.52176183746 -0.950965510662
103 14 -0.237874536794 1.33292179 2.9037181168 -1.80867086359
104 73 -0.534978964518 1.03581736228 2.60661368907 -2.10577529131
105 16 -0.226978159922 1.34381816687 2.91461449367 -1.79777448672
106 18 0.276915280925 1.84771160772 -2.86467737266 -1.29388104587
107 19 0.399967013873 1.97076334067 -2.74162563972 -1.17082931292
108 62 0.023154574567 1.59395090136 -3.11843807902 -1.54764175223
109 58 -0.112328501152 1.45846782564 3.02926415244 -1.68312482795
110 72 0.0646977381651 1.63549406496 -3.07689491542 -1.50609858863
111 78 0.103051201763 1.67384752856 -3.03854145183 -1.46774512503
112 85 0.464416635153 2.03521296195 -2.67717601844 -1.10637969164
113 110 0.020305155261 1.59110148206 -3.12128749833 -1.55049117153
114 111 -0.313178302816 1.25761802398 2.82841435077 -1.88397462961
115 96 -0.438769781555 1.13202654524 2.70282287203 -2.00956610835
116 115 0.2508345294 1.82163085619 -2.89075812419 -1.3199617974
117 78 -0.208728069121 1.36206825767 2.93286458447 -1.77952439592
118 77 -0.487827996113 1.08296833068 2.65376465748 -2.05862432291
119 76 -0.356961675305 1.21383465149 2.78463097828 -1.9277580021
120 73 0.462503891308 2.0333002181 -2.67908876228 -1.10829243549
121 92 -0.112702641315 1.45809368548 3.02889001227 -1.68349896811
122 74 0.431854033111 2.00265035991 -2.70973862048 -1.13894229368
123 98 -0.136639213132 1.43415711366 3.00495344046 -1.70743553993
124 98 -0.569578492699 1.0012178341 2.57201416089 -2.14037481949
125 99 -0.764576911668 0.806219415127 2.37701574192 -2.33537323846
126 101 0.523475417796 2.09427174459 -2.61811723579 -1.047320909
127 1 -0.00304182600634 1.56775450079 3.13855082758 -1.5738381528
128 38 0.372645113521 1.94344144032 -2.76894754007 -1.19815121327
129 37 0.252969191126 1.82376551792 -2.88862346246 -1.31782713567
130 39 0.325640490549 1.89643681734 -2.81595216304 -1.24515583625
131 2 0.552691013251 2.12348734005 -2.58890164034 -1.01810531354
132 0 0.491017700755 2.06181402755 -2.65057495283 -1.07977862604
133 0 0.264380817337 1.83517714413 -2.87721183625 -1.30641550946
134 12 0.66827370315 2.23907002995 -2.47331895044 -0.902522623645
135 11 0.518314281725 2.08911060852 -2.62327837186 -1.05248204507
136 10 0.570347392382 2.14114371918 -2.57124526121 -1.00044893441
137 9 0.533459936095 2.10425626289 -2.6081327175 -1.0373363907
138 8 0.656143463817 2.22693979061 -2.48544918977 -0.914652862977
139 7 0.505487667265 2.07628399406 -2.63610498633 -1.06530865953
140 6 0.362022988128 1.93281931492 -2.77956966546 -1.20877333867
141 138 -0.303699384366 1.26709694243 2.83789326922 -1.87449571116
142 139 -0.162089320882 1.40870700591 2.97950333271 -1.73288564768
143 131 0.686024824562 2.25682115136 -2.45556782903 -0.884771502233
144 131 0.677585195376 2.24838152217 -2.46400745821 -0.893211131419
145 132 0.612754931297 2.18355125809 -2.52883772229 -0.958041395498
146 133 0.538360761744 2.10915708854 -2.60323189185 -1.03243556505
147 134 0.277538330439 1.84833465723 -2.86405432315 -1.29325799636
148 135 0.310110880037 1.88090720683 -2.83148177355 -1.26068544676
149 136 0.115597458438 1.68639378523 -3.02599519515 -1.45519886836
150 137 -0.135150312087 1.43564601471 3.0064423415 -1.70594663888
151 148 0.373220303504 1.9440166303 -2.76837235009 -1.19757602329
152 148 -0.442439807642 1.12835651915 2.69915284595 -2.01323613444
153 141 0.363494741898 1.93429106869 -2.77809791169 -1.2073015849
154 141 -0.472523117029 1.09827320977 2.66906953656 -2.04331944382
155 142 -0.474799065853 1.09599726094 2.66679358774 -2.04559539265
156 143 -0.685587959092 0.885208367703 2.4560046945 -2.25638428589
157 144 -0.737063206756 0.833733120039 2.40452944683 -2.30785953355
158 145 0.734396010848 2.30519233764 -2.40719664274 -0.836400315947
159 146 0.663135989352 2.23393231615 -2.47845666424 -0.907660337443
160 147 0.496709113018 2.06750543981 -2.64488354057 -1.07408721378
161 158 0.681060835986 2.25185716278 -2.4605318176 -0.889735490808
162 159 0.684206007629 2.25500233442 -2.45738664596 -0.886590319165
163 151 -0.229180495072 1.34161583172 2.91241215852 -1.79997682187
164 151 -0.778459155494 0.792337171301 2.3631334981 -2.34925548229
165 156 0.707521216007 2.2783175428 -2.43407143758 -0.863275110788
166 157 0.553207913421 2.12400424022 -2.58838474017 -1.01758841337
167 165 0.525836616665 2.09663294346 -2.61575603692 -1.04495971013
168 167 0.243461139435 1.81425746623 -2.89813151415 -1.32733518736
169 168 0.428129169963 1.99892549676 -2.71346348363 -1.14266715683
170 169 0.613132715634 2.18392904243 -2.52845993796 -0.957663611161
171 163 -0.0444942412149 1.52630208558 3.09709841237 -1.61529056801
172 164 -0.274016855777 1.29677947102 2.86757579781 -1.84481318257
173 171 0.0509179013106 1.62171422811 -3.09067475228 -1.51987842548
174 175 -0.510317160312 1.06047916648 2.63127549328 -2.08111348711
175 152 -0.65791336174 0.912882965054 2.48367929185 -2.22870968854
176 153 -0.310431941458 1.26036438534 2.83116071213 -1.88122826825
177 154 0.0113758176022 1.5821721444 -3.13021683599 -1.55942050919
178 154 0.214565746882 1.78536207368 -2.92702690671 -1.35623057991
179 156 0.111538455352 1.68233478215 -3.03005419824 -1.45925787144
180 167 0.469818789731 2.04061511653 -2.67177386386 -1.10097753706
181 173 -0.0178562408546 1.55294008594 3.12373641274 -1.58865256765
182 195 -0.363863666644 1.20693266015 2.77772898695 -1.93465999344
183 174 -0.147433879307 1.42336244749 2.99415877428 -1.7182302061
184 176 -0.769411340439 0.801384986356 2.37218131315 -2.34020766723
185 174 -0.686656327313 0.884139999482 2.45493632628 -2.25745265411
186 151 0.218101483806 1.7888978106 -2.92349116978 -1.35269484299
187 151 -0.668414730675 0.902381596119 2.47317792291 -2.23921105747
188 152 -0.712722609856 0.858073716938 2.42887004373 -2.28351893665
189 174 0.312409960943 1.88320628774 -2.82918269265 -1.25838636585
190 174 -0.265074665424 1.30572166137 2.87651798817 -1.83587099222
191 173 0.470440959036 2.04123728583 -2.67115169455 -1.10035536776
192 172 0.501740269995 2.07253659679 -2.63985238359 -1.0690560568
193 164 0.139879917766 1.71067624456 -3.00171273582 -1.43091640903
194 171 0.576477747384 2.14727407418 -2.56511490621 -0.994318579411
195 167 -0.220683643225 1.35011268357 2.92090901036 -1.79147997002
196 171 -0.0757074216724 1.49508890512 3.06588523192 -1.64650374847
197 168 -0.444347339228 1.12644898757 2.69724531436 -2.01514366602
198 190 0.587056017526 2.15785234432 -2.55453663606 -0.983740309269
199 186 -0.150863927135 1.41993239966 2.99072872646 -1.72166025393
200 186 -0.719064826024 0.851731500771 2.42252782757 -2.28986115282
201 187 -0.727520604425 0.84327572237 2.41407204917 -2.29831693122
202 188 -0.724187638765 0.84660868803 2.41740501482 -2.29498396556
203 189 -0.722964054218 0.847832272577 2.41862859937 -2.29376038101
204 190 -0.514266946026 1.05652938077 2.62732570756 -2.08506327282
205 202 -0.737939808395 0.8328565184 2.40365284519 -2.30873613519
206 203 0.742256426791 2.31305275359 -2.3993362268 -0.828539900004
207 198 0.0463474552757 1.61714378207 -3.09524519831 -1.52444887152
208 198 0.682872631107 2.2536689579 -2.45872002248 -0.887923695688
209 199 -0.0731645953317 1.49763173146 3.06842805826 -1.64396092213
210 200 -0.139626360235 1.43116996656 3.00196629336 -1.71042268703
211 201 -0.491739934693 1.0790563921 2.6498527189 -2.06253626149
212 192 -0.749002784632 0.821793542163 2.39258986896 -2.31979911143
213 192 -0.256323109597 1.3144732172 2.88526954399 -1.82711943639
214 208 -0.251741712386 1.31905461441 2.8898509412 -1.82253803918
215 199 0.239766060539 1.81056238733 -2.90182659305 -1.33103026626
216 209 0.219062348691 1.78985867549 -2.9225303049 -1.3517339781
217 210 -0.548026419334 1.02276990746 2.59356623426 -2.11882274613
218 205 0.0118319965056 1.5826283233 -3.12976065708 -1.55896433029
219 205 -0.635899422446 0.934896904349 2.50569323114 -2.20669574924
220 206 -0.610025849904 0.960770476891 2.53156680369 -2.1808221767
221 207 -0.637019943332 0.933776383463 2.50457271026 -2.20781627013
222 208 -0.278157826184 1.29263850061 2.86343482741 -1.84895415298
223 214 -0.00161845974938 1.56917786705 3.13997419384 -1.57241478654
224 209 0.579686910194 2.15048323699 -2.5619057434 -0.991109416601
225 161 0.660739008396 2.23153533519 -2.48085364519 -0.910057318399
226 161 -0.582908025009 0.987888301786 2.55868462858 -2.1537043518
227 162 0.694351463027 2.26514778982 -2.44724119056 -0.876444863768
228 86 0.262023221109 1.8328195479 -2.87956943248 -1.30877310569
229 86 0.398152858182 1.96894918498 -2.74343979541 -1.17264346861
230 86 0.345941704938 1.91673803173 -2.79565094865 -1.22485462186
231 109 0.210246854036 1.78104318083 -2.93134579955 -1.36054947276
232 110 -0.478573001996 1.0922233248 2.66301965159 -2.04936932879
233 112 0.650366253475 2.22116258027 -2.49122640011 -0.920430073319
234 109 -0.381263349909 1.18953297689 2.76032930368 -1.9520596767
235 110 0.603423846647 2.17422017344 -2.53816880694 -0.967372480148
236 111 0.640284356127 2.21108068292 -2.50130829746 -0.930511970668
237 113 0.162852229014 1.73364855581 -2.97874042458 -1.40794409778
238 110 -0.0165023115161 1.55429401528 3.12509034207 -1.58729863831
239 111 0.416027886744 1.98682421354 -2.72556476685 -1.15476844005
240 114 0.700391711806 2.2711880386 -2.44120094178 -0.870404614989
241 111 -0.211041795014 1.35975453178 2.93055085858 -1.78183812181
242 111 0.0212608314947 1.59205715829 -3.1203318221 -1.5495354953
243 115 0.550807275168 2.12160360196 -2.59078537842 -1.01998905163
244 58 -0.334413773851 1.23638255294 2.80717887974 -1.90521010065
245 57 0.16003443555 1.73083076235 -2.98155821804 -1.41076189124
246 58 0.381798523545 1.95259485034 -2.75979413004 -1.18899780325
247 58 0.206261795163 1.77705812196 -2.93533085843 -1.36453453163
248 78 -0.197479628296 1.3733166985 2.94411302529 -1.76827595509
249 72 0.306430094527 1.87722642132 -2.83516255906 -1.26436623227
250 116 0.705252853234 2.27604918003 -2.43633980036 -0.86554347356
251 78 0.359095281876 1.92989160867 -2.78249737171 -1.21170104492
252 84 -0.262030311146 1.30876601565 2.87956234244 -1.83282663794
253 96 -0.300891089402 1.26990523739 2.84070156419 -1.8716874162
254 84 0.77734071315 2.34813703994 -2.36425194044 -0.793455613645
255 221 -0.6451094638 0.925686862995 2.49648318979 -2.2159057906
256 220 -0.705545357897 0.865250968898 2.43604729569 -2.27634168469
257 255 0.422256477479 1.99305280427 -2.71933617611 -1.14853984932
258 255 -0.341055040792 1.229741286 2.8005376128 -1.91185136759
259 218 0.508333882632 2.07913020943 -2.63325877096 -1.06246244416
260 256 0.494059114291 2.06485544109 -2.6475335393 -1.0767372125
261 218 -0.712220353003 0.858575973792 2.42937230059 -2.2830166798
262 259 0.547758907517 2.11855523431 -2.59383374607 -1.02303741928
263 222 -0.657661728203 0.913134598592 2.48393092539 -2.228458055
264 258 0.774869462245 2.34566578904 -2.36672319134 -0.79592686455
265 258 -0.62114920648 0.949647120314 2.52044344711 -2.19194553328
266 264 -0.357363139535 1.21343318726 2.78422951405 -1.92815946633
267 258 -0.327602192752 1.24319413404 2.81399046084 -1.89839851955
268 258 0.00194201413404 1.57273834093 -3.13965063946 -1.56885431266
269 263 0.296758058658 1.86755438545 -2.84483459493 -1.27403826814
270 223 -0.645878208644 0.924918118151 2.49571444495 -2.21667453544
271 224 -0.774500909964 0.79629541683 2.36709174363 -2.34529723676
272 269 -0.438746392345 1.13204993445 2.70284626124 -2.00954271914
273 257 -0.615933016 0.954863310795 2.52565963759 -2.1867293428
274 257 0.266698171081 1.83749449788 -2.87489448251 -1.30409815571
275 260 -0.310598834528 1.26019749227 2.83099381906 -1.88139516132
276 260 -0.00314654120838 1.56764978559 3.13844611238 -1.573942868
277 260 0.24313155151 1.81392787831 -2.89846110208 -1.32766477528
278 267 0.311648642053 1.88244496885 -2.82994401154 -1.25914768474
279 267 0.353973217952 1.92476954475 -2.78761943564 -1.21682310884
280 265 0.635465163975 2.20626149077 -2.50612748962 -0.93533116282
281 267 0.330961051647 1.90175737844 -2.81063160194 -1.23983527515
282 278 -0.388183778127 1.18261254867 2.75340887546 -1.95898010492
283 257 -0.0726981125057 1.49809821429 3.06889454108 -1.6434944393
284 274 0.278303357526 1.84909968432 -2.86328929606 -1.29249296927
285 280 0.393212540135 1.96400886693 -2.74838011346 -1.17758378666
286 276 -0.583993628184 0.986802698611 2.55759902541 -2.15478995498
287 274 -0.444771587234 1.12602473956 2.69682106636 -2.01556791403
288 276 -0.0373370075722 1.53345931922 3.10425564602 -1.60813333437
289 276 -0.0692452704444 1.50155105635 3.07234738315 -1.64004159724
290 288 0.0750681527878 1.64586447958 -3.0665245008 -1.49572817401
291 290 -0.725470626939 0.845325699856 2.41612202665 -2.29626695373
292 289 0.297510745097 1.86830707189 -2.84408190849 -1.2732855817
293 262 0.272769977815 1.84356630461 -2.86882267577 -1.29802634898
294 288 -0.589816476591 0.980979850204 2.551776177 -2.16061280339
295 269 -0.436098383663 1.13469794313 2.70549426993 -2.00689471046
296 269 -0.304910105912 1.26588622088 2.83668254768 -1.87570643271
297 293 0.35990062181 1.9306969486 -2.78169203178 -1.21089570499
298 293 -0.42717616416 1.14362016263 2.71441648943 -1.99797249096
299 294 0.681029558178 2.25182588497 -2.46056309541 -0.889766768617
300 295 0.449248867713 2.02004519451 -2.69234378588 -1.12154745908
301 295 0.252606069109 1.8234023959 -2.88898658448 -1.31819025769
302 262 0.526080139302 2.0968764661 -2.61551251429 -1.04471618749
303 262 -0.441762513324 1.12903381347 2.69983014027 -2.01255884012
304 300 -0.0782913856324 1.49250494116 3.06330126796 -1.64908771243
305 217 -0.675807893408 0.894988433387 2.46578476018 -2.2466042202
306 272 0.38608199696 1.95687832375 -2.75551065663 -1.18471432983
307 217 -0.170491543812 1.40030478298 2.97110110978 -1.74128787061
308 257 -0.317575049402 1.25322127739 2.82401760419 -1.8883713762
309 262 -0.105653983703 1.46514234309 3.03593866989 -1.6764503105
310 266 0.699613216743 2.27040954354 -2.44197943685 -0.871183110052
311 265 -0.0715687737507 1.49922755304 3.07002387984 -1.64236510055
312 313 -0.739004404251 0.831791922544 2.40258824934 -2.30980073105
313 312 -0.765679089232 0.805117237562 2.37591356436 -2.33647541603
314 312 -0.557830477794 1.012965849 2.5837621758 -2.12862680459
315 316 0.155275622698 1.72607194949 -2.98631703089 -1.4155207041
316 315 0.531587996869 2.10238432366 -2.61000465672 -1.03920832993
317 315 0.235323934788 1.80612026158 -2.9062687188 -1.33547239201
318 313 0.297355768095 1.86815209489 -2.84423688549 -1.2734405587
319 320 -0.0365687181842 1.53422760861 3.10502393541 -1.60736504498
320 319 -0.0535046884337 1.51729163836 3.08808796516 -1.62430101523
321 319 0.609435733159 2.18023205995 -2.53215692043 -0.961360593636
322 321 -0.0678686456474 1.50292768115 3.07372400794 -1.63866497244
323 322 0.149391333264 1.72018766006 -2.99220132033 -1.42140499353
324 323 -0.0174836121242 1.55331271467 3.12410904147 -1.58827993892
325 314 -0.273429259862 1.29736706693 2.86816339373 -1.84422558666
326 325 -0.357962232093 1.2128340947 2.7836304215 -1.92875855889
327 326 -0.444804776956 1.12599154984 2.69678787663 -2.01560110375
328 324 -0.431133209547 1.13966311725 2.71045944404 -2.00192953634
329 320 0.288858073751 1.85965440055 -2.85273457984 -1.28193825304
330 321 -0.441950689523 1.12884563727 2.69964196407 -2.01274701632
331 323 0.418511554339 1.98930788113 -2.72308109925 -1.15228477246
332 331 -0.521307800945 1.04948852585 2.62028485265 -2.09210412774
333 332 -0.125622704614 1.44517362218 3.01596994898 -1.69641903141
334 335 -0.101884224672 1.46891210212 3.03970842892 -1.67268055147
335 334 0.560552118811 2.13134844561 -2.58104053478 -1.01024420798
336 334 -0.0565891436781 1.51420718312 3.08500350991 -1.62738547047
337 333 -0.0190086822897 1.55178764451 3.1225839713 -1.58980500908
338 339 -0.475648971509 1.09514735529 2.66594368208 -2.0464452983
339 338 0.60629425459 2.17709058138 -2.535298399 -0.964502072205
340 338 -0.596298116078 0.974498210717 2.54529453751 -2.16709444287
341 340 -0.564438115862 1.00635821093 2.57715453773 -2.13523444266
342 316 0.754164869008 2.3249611958 -2.38742778458 -0.816631457787
343 340 0.625404238419 2.19620056521 -2.51618841517 -0.945392088376
344 342 -0.721329028227 0.849467298568 2.42026362536 -2.29212535502
345 5 -0.664580632703 0.906215694092 2.47701202089 -2.2353769595
346 349 -0.166094976142 1.40470135065 2.97549767745 -1.73689130294
347 340 0.049360875105 1.6201572019 -3.09223177848 -1.52143545169
348 338 0.496155642304 2.0669519691 -2.64543701129 -1.07464068449
349 339 -0.318008976844 1.25278734995 2.82358367675 -1.88880530364
350 351 -0.536953100379 1.03384322642 2.60463955321 -2.10774942717
351 350 -0.559956703532 1.01083962326 2.58163595006 -2.13075303033
352 351 0.732784833614 2.30358116041 -2.40880781998 -0.838011493181
353 352 0.0406916553455 1.61148798214 -3.10090099824 -1.53010467145
354 353 0.325192743422 1.89598907022 -2.81639991017 -1.24560358337
355 354 0.246206470813 1.81700279761 -2.89538618278 -1.32458985598
356 312 0.110502251991 1.68129857879 -3.0310904016 -1.4602940748
357 355 0.727961531795 2.29875785859 -2.4136311218 -0.842834795
358 357 0.440456574471 2.01125290127 -2.70113607912 -1.13033975232
359 350 -0.328869200035 1.24192712676 2.81272345356 -1.89966552683
360 350 0.668702826338 2.23949915313 -2.47288982725 -0.902093500457
361 350 0.203866545442 1.77466287224 -2.93772610815 -1.36692978135
362 351 0.781803483667 2.35259981046 -2.35978916992 -0.788992843127
363 352 0.591032599289 2.16182892608 -2.5505600543 -0.979763727506
364 353 -0.0145297561379 1.55626657066 3.12706289745 -1.58532608293
365 353 -0.733575214681 0.837221112114 2.40801743891 -2.30437154148
366 350 -0.136182099765 1.43461422703 3.00541055382 -1.70697842656
367 358 -0.333653378898 1.2371429479 2.80793927469 -1.90444970569
368 358 -0.569425423113 1.00137090368 2.57216723048 -2.14022174991
369 312 -0.643094565293 0.927701761502 2.4984980883 -2.21389089209
370 314 0.522117651982 2.09291397878 -2.61947500161 -1.04867867481
371 370 0.549242099787 2.12003842658 -2.5923505538 -1.02155422701
372 357 -0.637676446862 0.933119879933 2.50391620673 -2.20847277366
373 371 0.739098771746 2.30989509854 -2.40249388184 -0.831697555049
374 371 -0.113944187858 1.45685213894 3.02764846573 -1.68474051465
375 357 0.056904632251 1.62770095905 -3.08468802134 -1.51389169454
376 357 -0.451242527256 1.11955379954 2.69035012633 -2.02203885405
377 359 0.352888709341 1.92368503614 -2.78870394425 -1.21790761745
378 350 0.253911259478 1.82470758627 -2.88768139411 -1.31688506732
379 350 0.0953961728793 1.66619249967 -3.04619648071 -1.47540015392
380 350 0.461090563848 2.03188689064 -2.68050208974 -1.10970576295
381 350 -0.486814614636 1.08398171216 2.65477803895 -2.05761094143
382 378 -0.114492336942 1.45630398985 3.02710031665 -1.68528866374
383 378 -0.208109700272 1.36268662652 2.93348295332 -1.77890602707
384 319 -0.175165623593 1.3956307032 2.96642703 -1.74596195039
385 319 -0.341374311714 1.22942201508 2.80021834188 -1.91217063851
386 320 0.370758108354 1.94155443515 -2.77083454524 -1.20003821844
387 382 0.182778708394 1.75357503519 -2.9588139452 -1.3880176184
388 382 0.712393238034 2.28318956483 -2.42919941556 -0.858403088761
389 379 -0.148200132932 1.42259619386 2.99339252066 -1.71899645973
390 389 -0.204657192876 1.36613913392 2.93693546071 -1.77545351967
391 351 -0.295836491379 1.27495983542 2.84575616221 -1.86663281817
392 316 -0.427540418801 1.14325590799 2.71405223479 -1.9983367456
393 315 -0.593887230745 0.97690909605 2.54770542285 -2.16468355754
394 351 -0.538659841679 1.03213648512 2.60293281191 -2.10945616847
395 315 -0.133504289798 1.437292037 3.00808836379 -1.70430061659
396 317 -0.00327738331012 1.56751894348 3.13831527028 -1.57407371011
397 387 -0.577533043001 0.993263283794 2.56405961059 -2.1483293698
398 386 -0.780638757527 0.790157569268 2.36095389606 -2.35143508432
399 321 0.631921827254 2.20271815405 -2.50967082634 -0.93887449954
400 322 0.542991970125 2.11378829692 -2.59860068347 -1.02780435667
401 374 0.534390629699 2.10518695649 -2.60720202389 -1.0364056971
402 373 -0.065976841562 1.50481948523 3.07561581203 -1.63677316836
403 373 -0.733741494512 0.837054832283 2.40785115908 -2.30453782131
404 324 -0.136303082572 1.43449324422 3.00528957102 -1.70709940937
405 373 0.438997938376 2.00979426517 -2.70259471521 -1.13179838842
406 325 0.00950870374154 1.58030503054 -3.13208394985 -1.56128762305
407 326 -0.237379005266 1.33341732153 2.90421364832 -1.80817533206
408 327 0.750026068378 2.32082239517 -2.39156658521 -0.820770258417
409 371 -0.659016979863 0.911779346931 2.48257567373 -2.22981330666
410 371 0.216660814992 1.78745714179 -2.9249318386 -1.3541355118
411 327 0.371846781119 1.94264310791 -2.76974587247 -1.19894954568
412 320 -0.718281793678 0.852514533117 2.42331085991 -2.28907812047
413 329 -0.592614911193 0.978181415602 2.5489777424 -2.16341123799
414 331 -0.0431896873208 1.52760663947 3.09840296627 -1.61398601412
415 332 0.681242344688 2.25203867148 -2.4603503089 -0.889553982107
416 336 0.648349838707 2.2191461655 -2.49324281488 -0.922446488088
417 334 0.695656470783 2.26645279758 -2.44593618281 -0.875139856012
418 334 -0.231902437373 1.33889388942 2.90969021622 -1.80269876417
419 335 -0.212316229005 1.35848009779 2.92927642458 -1.7831125558
420 397 -0.656052148639 0.914744178156 2.48554050495 -2.22684847543
421 389 -0.524194331958 1.04660199484 2.61739832163 -2.09499065875
422 419 0.568832135801 2.1396284626 -2.57276051779 -1.00196419099
423 19 -0.0589035174453 1.51189280935 3.08268913614 -1.62969984424
424 60 -0.58397950652 0.986816820275 2.55761314707 -2.15477583331
425 26 -0.636057818962 0.934738507833 2.50553483463 -2.20685414576
426 420 -0.177374255904 1.39342207089 2.96421839769 -1.7481705827
427 346 0.687114806975 2.25791113377 -2.45447784662 -0.88368151982
428 338 -0.584300750865 0.98649557593 2.55729190273 -2.15509707766
429 389 -0.753554065941 0.817242260854 2.38803858765 -2.32435039274
430 389 0.316011460942 1.88680778774 -2.82558119265 -1.25478486585
431 389 0.0515802243505 1.62237655115 -3.09001242924 -1.51921610244
432 346 0.0109987911032 1.5817951179 -3.13059386249 -1.55979753569
433 339 0.401603203529 1.97239953032 -2.73998945006 -1.16919312327
434 338 -0.267163268814 1.30363305798 2.87442938478 -1.83795959561
435 341 0.784740047298 2.35553637409 -2.35685260629 -0.786056279497
436 429 0.35873600392 1.92953233072 -2.78285664967 -1.21206032287
437 390 -0.403590816355 1.16720551044 2.73800183724 -1.97438714315
438 343 -0.565503440166 1.00529288663 2.57608921342 -2.13629976696
439 342 -0.682509575741 0.888286751054 2.45908307785 -2.25330590254
440 342 -0.0428632326909 1.5279330941 3.0987294209 -1.61365955949
441 24 -0.686097124154 0.884699202641 2.45549552944 -2.25689345095
442 25 -0.511190810735 1.05960551606 2.63040184286 -2.08198713753
443 346 -0.0754371023211 1.49535922447 3.06615555127 -1.64623342912
444 19 -0.713622736189 0.857173590606 2.4279699174 -2.28441906298
445 343 0.447015634177 2.01781196097 -2.69457701941 -1.12378069262
446 361 0.21805277876 1.78884910556 -2.92353987483 -1.35274354803
447 362 -0.146505530643 1.42429079615 2.99508712295 -1.71730185744
448 327 -0.33728872787 1.23350759892 2.80430392572 -1.90808505466
449 328 0.367503956139 1.93830028293 -2.77408869745 -1.20329237066
450 170 -0.749863100737 0.820933226058 2.39172955285 -2.32065942753
451 169 -0.767511021 0.803285305795 2.37408163259 -2.33830734779
452 168 -0.767390611948 0.803405714847 2.37420204164 -2.33818693874
453 197 0.594122062257 2.16491838905 -2.54747059133 -0.976674264538
454 182 -0.244959688948 1.32583663785 2.89663296464 -1.81575601574
455 450 -0.610830859178 0.959965467617 2.53076179441 -2.18162718597
456 451 -0.763408860665 0.80738746613 2.37818379292 -2.33420518746
457 452 0.704015021395 2.27481134819 -2.43757763219 -0.8667813054
458 453 0.737095205159 2.30789153195 -2.40449744843 -0.833701121636
459 454 -0.62536056739 0.945435759405 2.5162320862 -2.19615689419
460 455 -0.612987505509 0.957808821285 2.52860514808 -2.1837838323
461 456 -0.736487096148 0.834309230647 2.40510555744 -2.30728342294
462 457 0.743413191905 2.3142095187 -2.39817946168 -0.82738313489
463 458 0.784476300718 2.35527262751 -2.35711635287 -0.786320026077
464 459 -0.636532927772 0.934263399022 2.50505972582 -2.20732925457
465 460 -0.628802706399 0.941993620395 2.51278994719 -2.19959903319
466 461 -0.668772212961 0.902024113834 2.47282044063 -2.23956853976
467 462 -0.698426063418 0.872370263377 2.44316659017 -2.26922239021
468 463 -0.686500173136 0.884296153659 2.45509248045 -2.25729649993
469 464 -0.646617346409 0.924178980386 2.49497530718 -2.2174136732
470 465 -0.658411537496 0.912384789299 2.48318111609 -2.22920786429
471 466 -0.669757063513 0.901039263282 2.47183559008 -2.24055339031
472 467 -0.678450478071 0.892345848723 2.46314217552 -2.24924680487
473 468 -0.683342007337 0.887454319458 2.45825064625 -2.25413833413
474 469 -0.673463677484 0.897332649311 2.46812897611 -2.24426000428
475 470 -0.680849115349 0.889947211446 2.46074353824 -2.25164544214
476 471 -0.667142673905 0.90365365289 2.47444997968 -2.2379390007
477 472 -0.651843456637 0.918952870158 2.48974919695 -2.22263978343
478 473 -0.674875698795 0.895920628 2.46671695479 -2.24567202559
479 474 -0.698985572707 0.871810754088 2.44260708088 -2.2697818995
480 475 -0.755305767363 0.815490559432 2.38628688623 -2.32610209416
481 476 -0.702883108675 0.86791321812 2.43870954491 -2.27367943547
482 477 -0.646071615795 0.924724711 2.4955210378 -2.21686794259
483 478 -0.708060868171 0.862735458624 2.43353178542 -2.27885719497
484 479 0.777972853201 2.34876918 -2.36361980039 -0.792823473594
485 480 0.634657239516 2.20545356631 -2.50693541407 -0.936139087279
486 481 0.702766756252 2.27356308305 -2.43882589734 -0.868029570543
487 482 0.775401401367 2.34619772816 -2.36619125222 -0.795394925428
488 483 0.704102457485 2.27489878428 -2.4374901961 -0.866693869309
489 484 0.555342572038 2.12613889883 -2.58625008155 -1.01545375476
490 485 0.436881548373 2.00767787517 -2.70471110522 -1.13391477842
491 486 0.555002910065 2.12579923686 -2.58658974352 -1.01579341673
492 487 0.6552310336 2.22602736039 -2.48636161999 -0.915565293195
493 488 0.603628154878 2.17442448167 -2.53796449871 -0.967168171917
494 489 0.369054902243 1.93985122904 -2.77253775135 -1.20174142455
495 490 0.611927576421 2.18272390322 -2.52966507717 -0.958868750374
496 491 0.661239487799 2.23203581459 -2.48035316579 -0.909556838996
497 492 0.755373850826 2.32617017762 -2.38621880276 -0.815422475969
498 493 0.779688914902 2.3504852417 -2.36190373869 -0.791107411893
499 494 0.737560371266 2.30835669806 -2.40403228232 -0.833235955529
500 495 0.609917841951 2.18071416875 -2.53167481164 -0.960878484844
501 496 0.612677050975 2.18347337777 -2.52891560261 -0.958119275819
502 497 0.671327329028 2.24212365582 -2.47026532456 -0.899468997767
503 498 -0.744392455207 0.826403871588 2.39720019838 -2.315188782
504 499 -0.669303191538 0.901493135256 2.47228946205 -2.24009951833
505 500 -0.645667077337 0.925129249458 2.49592557625 -2.21646340413
506 501 0.761813916008 2.3326102428 -2.37977873758 -0.808982410787
507 502 0.360231214059 1.93102754085 -2.78136143953 -1.21056511274
508 503 -0.694412593877 0.876383732918 2.44718005971 -2.26520892067
509 503 -0.402903214162 1.16789311263 2.73868943943 -1.97369954096
510 505 0.0369891857043 1.6077855125 -3.10460346789 -1.53380714109
511 505 0.234957723839 1.80575405063 -2.90663492975 -1.33583860296
512 502 -0.0481137710387 1.52268255576 3.09347888255 -1.61891009783
513 502 0.0167422248847 1.58753855168 -3.12485042871 -1.55405410191
514 508 -0.330855074015 1.23994125278 2.81073757957 -1.90165140081
515 0 0.010188039607 1.5809843664 -3.13140461398 -1.56060828719
516 515 0.14750748663 1.71830381342 -2.99408516696 -1.42328884017
517 516 0.0936483572786 1.66444468407 -3.04794429631 -1.47714796952
518 517 0.107624378533 1.67842070533 -3.03396827506 -1.46317194826
519 518 0.1070683298 1.67786465659 -3.03452432379 -1.463727997
520 519 0.108305983561 1.67910231036 -3.03328667003 -1.46249034323
521 520 0.107702842538 1.67849916933 -3.03388981105 -1.46309348426
522 13 0.0847289002669 1.65552522706 -3.05686375332 -1.48606742653
523 1 -0.0375314180997 1.5332649087 3.10406123549 -1.60832774489
524 1 0.57770900955 2.14850533634 -2.56388364404 -0.993087317245
525 3 0.0454996535542 1.61629598035 -3.09609300004 -1.52529667324
526 3 0.54194530316 2.11274162996 -2.59964735043 -1.02885102363
527 4 0.315239983437 1.88603631023 -2.82635267015 -1.25555634336
528 526 0.208254720391 1.77905104719 -2.9333379332 -1.3625416064
529 526 0.556281632037 2.12707795883 -2.58531102155 -1.01451469476
530 525 -0.782918665428 0.787877661367 2.35867398816 -2.35371499222
531 515 0.680184619338 2.25098094613 -2.46140803425 -0.890611707457
532 524 0.0776032686713 1.64839959547 -3.06398938492 -1.49319305812
533 517 0.305398110705 1.8761944375 -2.83619454288 -1.26539821609
534 532 0.291064038089 1.86186036488 -2.8505286155 -1.27973228871
535 525 0.100961337404 1.6717576642 -3.04063131619 -1.46983498939
536 534 0.0639277296149 1.63472405641 -3.07766492397 -1.50686859718
537 529 -0.179346531207 1.39144979559 2.96224612238 -1.750142858
538 529 0.280316478478 1.85111280527 -2.86127617511 -1.29047984832
539 518 0.220724502958 1.79152082975 -2.92086815063 -1.35007182384
540 519 0.279289591262 1.85008591806 -2.86230306233 -1.29150673553
541 520 0.112460537901 1.6832568647 -3.02913211569 -1.45833578889
542 543 0.67924484438 2.25004117118 -2.46234780921 -0.891551482415
543 542 0.616813051762 2.18760937856 -2.52477960183 -0.953983275033
544 543 0.496747173981 2.06754350078 -2.64484547961 -1.07404915281
545 534 0.350117305065 1.92091363186 -2.79147534852 -1.22067902173
546 536 0.472782274316 2.04357860111 -2.66881037927 -1.09801405248
547 542 -0.268407774071 1.30238855272 2.87318487952 -1.83920410087
548 544 0.262916232325 1.83371255912 -2.87867642126 -1.30788009447
549 537 0.374041965776 1.94483829257 -2.76755068781 -1.19675436102
550 547 -0.419925728261 1.15087059853 2.72166692533 -1.99072205506
551 547 0.339932301002 1.9107286278 -2.80166035259 -1.23086402579
552 542 -0.451174057961 1.11962226883 2.69041859563 -2.02197038476
553 551 -0.709483065976 0.861313260819 2.43210958761 -2.28027939277
554 552 0.644577518281 2.21537384508 -2.49701513531 -0.926218808514
555 553 -0.761553152596 0.809243174199 2.38003950099 -2.33234947939
556 554 0.615109064401 2.1859053912 -2.52648358919 -0.955687262394
557 555 -0.753203343964 0.817592982831 2.38838930963 -2.32399967076
558 556 0.409300044457 1.98009637125 -2.73229260913 -1.16149628234
559 557 0.510414051948 2.08121037874 -2.63117860164 -1.06038227485
560 558 -0.539988021123 1.03080830567 2.60160463247 -2.11078434792
561 559 0.741615386941 2.31241171374 -2.39997726665 -0.829180939854
562 537 -0.390396916313 1.18039941048 2.75119573728 -1.96119324311
563 538 0.283797076166 1.85459340296 -2.85779557742 -1.28699925063
564 550 0.748023106706 2.3188194335 -2.39356954688 -0.822773220089
565 563 0.120762816496 1.69155914329 -3.02082983709 -1.4500335103
566 564 0.187863299475 1.75865962627 -2.95372935411 -1.38293302732
567 550 -0.426617389812 1.14417893698 2.71497526378 -1.99741371661
568 551 -0.152403258058 1.41839306874 2.98918939553 -1.72319958485
569 567 0.387431966719 1.95822829351 -2.75416068687 -1.18336436008
570 566 0.230650656372 1.80144698317 -2.91094199722 -1.34014567042
571 553 -0.300445297463 1.27035102933 2.84114735613 -1.87124162426
572 555 -0.125626734627 1.44516959217 3.01596591896 -1.69642306142
573 557 -0.347171071634 1.22362525516 2.79442158196 -1.91796739843
574 559 0.28240921744 1.85320554423 -2.85918343615 -1.28838710935
575 561 0.414356675816 1.98515300261 -2.72723597777 -1.15643965098
576 568 0.329611286835 1.90040761363 -2.81198136675 -1.24118503996
577 568 -0.773196463945 0.79759986285 2.36839618965 -2.34399279074
578 572 -0.151115648674 1.41968067812 2.99047700492 -1.72191197547
579 573 -0.333856899144 1.23693942765 2.80773575445 -1.90465322594
580 574 -0.30386929914 1.26692702765 2.83772335445 -1.87466562594
581 574 -0.444547955318 1.12624837148 2.69704469827 -2.01534428211
582 542 0.516973913688 2.08777024048 -2.6246187399 -1.05382241311
583 552 -0.692777222196 0.878019104599 2.44881543139 -2.26357354899
584 554 0.721561818121 2.29235814492 -2.42003083547 -0.849234508674
585 556 0.718415108675 2.28921143547 -2.42317754491 -0.85238121812
586 558 0.727221888364 2.29801821516 -2.41437076523 -0.843574438431
587 560 -0.35879931197 1.21199701483 2.78279334162 -1.92959563876
588 560 0.0763227918829 1.64711911868 -3.06526986171 -1.49447353491
589 588 -0.774764180402 0.796032146393 2.36682847319 -2.3455605072
590 560 -0.731326125203 0.839470201592 2.41026652839 -2.302122452
591 521 0.126365836785 1.69716216358 -3.0152268168 -1.44443049001
592 541 0.569463223835 2.14025955063 -2.57212942975 -1.00133310296
593 582 -0.0412071115684 1.52958921523 3.10038554202 -1.61200343836
594 13 -0.561419689972 1.00937663682 2.58017296362 -2.13221601677
595 14 -0.665574243218 0.905222083577 2.47601841037 -2.23637057001
596 582 0.556544285422 2.12734061222 -2.58504836817 -1.01425204137
597 583 0.442068463873 2.01286479067 -2.69952418972 -1.12872786292
598 584 0.487165181822 2.05796150862 -2.65442747177 -1.08363114497
599 586 -0.310151094079 1.26064523272 2.83144155951 -1.88094742087
600 592 0.434035830794 2.00483215759 -2.7075568228 -1.136760496
601 593 0.460633263045 2.03142958984 -2.68095939055 -1.11016306375
602 596 0.483811870755 2.05460819755 -2.65778078283 -1.08698445604
603 597 0.583326436808 2.1541227636 -2.55826621678 -0.987469889987
604 598 0.78220702801 2.3530033548 -2.35938562558 -0.788589298785
605 15 0.0858347625579 1.65663108935 -3.05575789103 -1.48496156424
606 14 0.237570129448 1.80836645624 -2.90402252414 -1.33322619735
607 576 0.264656373582 1.83545270038 -2.87693628001 -1.30613995321
608 17 -0.108415036025 1.46238129077 3.03317761756 -1.67921136282
609 18 -0.666000734155 0.90479559264 2.47559191944 -2.23679706095
610 19 -0.354945985014 1.21585034178 2.78664666858 -1.92574231181
611 565 0.0601671294059 1.6309634562 -3.08142552418 -1.51062919739
612 561 0.1119675971 1.6827639239 -3.02962505649 -1.45882872969
613 575 0.0556609917762 1.62645731857 -3.08593166181 -1.51513533502
614 581 -0.0209508109807 1.54984551581 3.12064184261 -1.59174713778
615 589 -0.477058397831 1.09373792896 2.66453425576 -2.04785472463
616 613 0.234044130038 1.80484045683 -2.90754852355 -1.33675219676
617 614 -0.254482518126 1.31631380867 2.88711013546 -1.82527884492
618 604 -0.686588411647 0.884207915148 2.45500424194 -2.25738473844
619 618 0.595727882126 2.16652420892 -2.54586477146 -0.975068444669
620 581 0.0314660267844 1.60226235358 -3.11012662681 -1.53933030001
621 580 0.355530017373 1.92632634417 -2.78606263622 -1.21526630942
622 578 0.735539893992 2.30633622079 -2.4060527596 -0.835256432803
623 576 -0.761250832064 0.809545494731 2.38034182153 -2.33204715886
624 600 -0.133189139685 1.43760718711 3.0084035139 -1.70398546648
625 578 0.106401659461 1.67719798626 -3.03519099413 -1.46439466733
626 600 0.555460147056 2.12625647385 -2.58613250653 -1.01533617974
627 601 0.37949402571 1.95029035251 -2.76209862788 -1.19130230108
628 602 0.610757736881 2.18155406368 -2.53083491671 -0.960038589914
629 604 -0.769891944633 0.800904382162 2.37170070896 -2.34068827143
630 540 0.230248689848 1.80104501664 -2.91134396374 -1.34054763695
631 539 0.123227381302 1.6940237081 -3.01836527229 -1.44756894549
632 542 -0.529216056707 1.04158027009 2.61237659688 -2.1000123835
633 516 0.343537875469 1.91433420226 -2.79805477812 -1.22725845133
634 133 0.162990164283 1.73378649108 -2.97860248931 -1.40780616251
635 13 0.660946741622 2.23174306842 -2.48064591197 -0.909849585173
636 521 0.236900508079 1.80769683487 -2.90469214551 -1.33389581872
637 520 0.273822727449 1.84461905424 -2.86776992614 -1.29697359935
638 519 0.315414084279 1.88621041107 -2.82617856931 -1.25538224252
639 518 0.278711747832 1.84950807463 -2.86288090576 -1.29208457896
640 517 0.331836261154 1.90263258795 -2.80975639244 -1.23896006564
641 637 0.724650604076 2.29544693087 -2.41694204951 -0.846145722719
642 638 -0.532052834565 1.03874349223 2.60953981903 -2.10284916136
643 639 -0.72072431403 0.850072012765 2.42086833956 -2.29152064082
644 633 0.443132628621 2.01392895542 -2.69846002497 -1.12766369817
645 146 0.314824897046 1.88562122384 -2.82676775654 -1.25597142975
646 134 -0.77182535371 0.798970973085 2.36976729988 -2.3426216805
647 635 0.646558171853 2.21735449865 -2.49503448174 -0.924238154942
648 636 0.670937643804 2.2417339706 -2.47065500979 -0.899858682991
649 147 -0.727575142224 0.843221184571 2.41401751137 -2.29837146902
650 646 -0.525450800703 1.04534552609 2.61614185289 -2.0962471275
651 647 0.42726573897 1.99806206576 -2.71432691462 -1.14353058783
652 641 0.357513463159 1.92830978995 -2.78407919043 -1.21328286364
653 641 -0.593343506649 0.977452820146 2.54824914694 -2.16413983344
654 642 0.781928003571 2.35272433037 -2.35966465002 -0.788868323224
655 643 0.695176357398 2.26597268419 -2.44641629619 -0.875619969397
656 159 0.369453376515 1.94024970331 -2.77213927707 -1.20134295028
657 162 0.621916376494 2.19271270329 -2.5196762771 -0.948879950301
658 163 -0.481821990915 1.08897433588 2.65977066267 -2.05261831771
659 654 0.728726951933 2.29952327873 -2.41286570166 -0.842069374862
660 655 -0.777326705329 0.793469621466 2.36426594826 -2.34812303212
661 659 -0.737338274112 0.833458052683 2.40425437948 -2.30813460091
662 661 -0.384520459585 1.18627586721 2.75707219401 -1.95531678638
663 170 0.723900560161 2.29469688696 -2.41769209343 -0.846895766634
664 163 0.523068259935 2.09386458673 -2.61852439365 -1.04772806686
665 171 -0.282882913981 1.28791341281 2.85870973961 -1.85367924078
666 667 -0.228628686549 1.34216764025 2.91296396704 -1.79942501334
667 650 -0.0544721185159 1.51632420828 3.08712053507 -1.62526844531
668 651 -0.0956203703927 1.4751759564 3.0459722832 -1.66641669719
669 651 -0.704589554494 0.866206772301 2.4370030991 -2.27538588129
670 652 -0.293867324773 1.27692900202 2.84772532882 -1.86466365157
671 654 0.214537284186 1.78533361098 -2.9270553694 -1.35625904261
672 659 0.271364309538 1.84216063633 -2.87022834405 -1.29943201726
673 665 -0.409392415463 1.16140391133 2.73220023813 -1.98018874226
674 666 -0.599755569084 0.971040757711 2.54183708451 -2.17055189588
675 669 -0.493803141261 1.07699318553 2.64778951233 -2.06459946806
676 665 0.301287642751 1.87208396955 -2.84030501084 -1.26950868404
677 658 -0.778926692996 0.791869633799 2.36266596059 -2.34972301979
678 649 0.737075672511 2.30787199931 -2.40451698108 -0.833720654283
679 649 -0.700968546438 0.869827780357 2.44062410715 -2.27176487323
680 650 0.566985925005 2.1377822518 -2.57460672859 -1.00381040179
681 666 -0.66354721145 0.907249115345 2.47804544214 -2.23434353824
682 666 0.363780052385 1.93457637918 -2.77781260121 -1.20701627441
683 665 -0.693218585845 0.87757774095 2.44837406774 -2.26401491264
684 664 -0.708559099049 0.862237227745 2.43303355454 -2.27935542584
685 171 0.631044465039 2.20184079183 -2.51054818855 -0.939751861756
686 171 0.154572209983 1.72536853678 -2.98702044361 -1.41622411681
687 182 0.294065168186 1.86486149498 -2.8475274854 -1.27673115861
688 681 0.171020677775 1.74181700457 -2.97057197582 -1.39977564902
689 683 0.00623018017554 1.57702650697 -3.13536247341 -1.56456614662
690 677 -0.714094743025 0.85670158377 2.42749791056 -2.28489106982
691 677 0.0860762156728 1.65687254247 -3.05551643792 -1.48472011112
692 678 -0.675053632416 0.895742694379 2.46653902117 -2.24584995921
693 679 0.665368410778 2.23616473757 -2.47622424281 -0.905427916017
694 680 0.385659053268 1.95645538006 -2.75593360032 -1.18513727353
695 691 0.452793038211 2.02358936501 -2.68879961538 -1.11800328858
696 692 0.663096022549 2.23389234934 -2.47849663104 -0.907700304246
697 693 0.612028272946 2.18282459974 -2.52956438064 -0.958768053849
698 688 0.0276134518773 1.59840977867 -3.11397920171 -1.54318287492
699 689 0.62448476025 2.19528108705 -2.51710789334 -0.946311566544
700 689 -0.434224773226 1.13657155357 2.70736788036 -2.00502110002
701 690 0.173221822994 1.74401814979 -2.9683708306 -1.3975745038
702 683 -0.469201527138 1.10159479966 2.67239112645 -2.03999785393
703 683 0.760966611522 2.33176293832 -2.38062604207 -0.809829715272
704 688 0.257586161211 1.82838248801 -2.88400649238 -1.31321016558
705 699 -0.262050260034 1.30874606676 2.87954239356 -1.83284658683
706 699 -0.0656751893224 1.50512113747 3.07591746427 -1.63647151612
707 699 0.409240228147 1.98003655494 -2.73235242544 -1.16155609865
708 700 0.58843568057 2.15923200737 -2.55315697302 -0.982360646225
709 695 -0.34529974958 1.22549657721 2.79629290401 -1.91609607637
710 695 0.374573767426 1.94537009422 -2.76701888616 -1.19622255937
711 696 0.370592660117 1.94138898691 -2.77099999347 -1.20020366668
712 697 -0.523308457524 1.04748786927 2.61828419607 -2.09410478432
713 698 0.549236626596 2.12003295339 -2.59235602699 -1.0215597002
714 704 0.382231680544 1.95302800734 -2.75936097305 -1.18856464625
715 170 -0.656497606226 0.914298720569 2.48509504736 -2.22729393302
716 659 -0.383777219423 1.18701910737 2.75781543417 -1.95457354622
717 589 -0.587053821351 0.983742505443 2.55453883224 -2.15785014815
718 589 0.70855209048 2.27934841727 -2.43304056311 -0.862244236315
719 590 0.625142478773 2.19593880557 -2.51645017482 -0.945653848022
720 612 -0.149475321262 1.42132100553 2.99211733233 -1.72027164806
721 615 -0.43148947421 1.13930685259 2.71010317938 -2.002285801
722 612 0.607832227263 2.17862855406 -2.53376042633 -0.962964099531
723 612 0.196754074642 1.76755040144 -2.94483857895 -1.37404225215
724 613 -0.394107516037 1.17668881076 2.74748513755 -1.96490384283
725 616 -0.597313825211 0.973482501584 2.54427882838 -2.16811015201
726 613 0.287390176922 1.85818650372 -2.85420247667 -1.28340614987
727 613 0.235203999425 1.80600032622 -2.90638865416 -1.33559232737
728 614 -0.242173553066 1.32862277373 2.89941910052 -1.81296987986
729 618 -0.746477966173 0.824318360622 2.39511468742 -2.31727429297
730 617 -0.417475541067 1.15332078573 2.72411711252 -1.98827186786
731 614 0.0359153671403 1.60671169394 -3.10567728645 -1.53488095965
732 619 -0.766470049927 0.804326276868 2.37512260366 -2.33726637672
733 561 0.658743738668 2.22954006546 -2.48284891492 -0.912052588126
734 560 0.597359220124 2.16815554692 -2.54423343347 -0.97343710667
735 561 -0.224026487048 1.34676983975 2.91756616654 -1.79482281384
736 561 0.0597306292678 1.63052695606 -3.08186202432 -1.51106569753
737 581 0.407804672943 1.97860099974 -2.73378798065 -1.16299165385
738 575 -0.00740231769925 1.5633940091 3.13419033589 -1.57819864449
739 581 -0.477922254153 1.09287407264 2.66367039944 -2.04871858095
740 581 -0.204639282689 1.36615704411 2.9369533709 -1.77543560948
741 587 -0.367538229078 1.20325809772 2.77405442451 -1.93833455587
742 599 -0.607559566482 0.963236760313 2.53403308711 -2.17835589328
743 599 0.704234618446 2.27503094524 -2.43735803514 -0.866561708349
744 710 0.348433728656 1.91923005545 -2.79315892493 -1.22236259814
745 709 0.281981480326 1.85277780712 -2.85961117326 -1.28881484647
746 745 -0.774550018 0.796246308795 2.36704263559 -2.34534634479
747 744 -0.713967630462 0.856828696333 2.42762502313 -2.28476395726
748 708 0.286273159348 1.85706948614 -2.85531949424 -1.28452316745
749 746 0.352852659823 1.92364898662 -2.78873999377 -1.21794366697
750 707 0.567134290789 2.13793061758 -2.5744583628 -1.00366203601
751 749 -0.0280362704411 1.54276005635 3.11355638315 -1.59883259724
752 711 0.42412485244 1.99492117924 -2.71746780115 -1.14667147435
753 744 0.489184982476 2.05998130927 -2.65240767111 -1.08161134432
754 747 -0.0190170692048 1.55177925759 3.12257558439 -1.589813396
755 747 -0.514807547627 1.05598877917 2.62678510596 -2.08560387442
756 754 0.73786949788 2.30866582467 -2.40372315571 -0.832926828915
757 747 0.610713739637 2.18151006643 -2.53087891395 -0.960082587158
758 753 -0.701497305016 0.869299021779 2.44009534857 -2.27229363181
759 713 -0.0577379495897 1.51305837721 3.083854704 -1.62853427638
760 713 0.562429989893 2.13322631669 -2.5791626637 -1.0083663369
761 758 0.562435610369 2.13323193716 -2.57915704322 -1.00836071643
762 746 -0.479727176339 1.09106915046 2.66186547725 -2.05052350313
763 746 -0.277835158109 1.29296116869 2.86375749548 -1.8486314849
764 746 -0.415019380122 1.15577694667 2.72657327347 -1.98581570692
765 749 -0.118512114477 1.45228421232 3.02308053911 -1.68930844127
766 749 -0.387224122843 1.18357220395 2.75436853075 -1.95802044964
767 757 0.180118548527 1.75091487532 -2.96147410506 -1.39067777827
768 756 0.710507449182 2.28130377598 -2.43108520441 -0.860288877613
769 756 -0.42621272715 1.14458359964 2.71537992644 -1.99700905394
770 756 -0.570653868353 1.00014245844 2.57093878524 -2.14145019515
771 762 -0.494409210555 1.07638711624 2.64718344303 -2.06520553735
772 746 0.146085549711 1.71688187651 -2.99550710388 -1.42471077708
773 763 -0.38710722034 1.18368910645 2.75448543325 -1.95790354714
774 769 -0.329091710636 1.24170461616 2.81250094295 -1.89988803743
775 769 -0.426834362923 1.14396196387 2.71475829067 -1.99763068972
776 764 -0.242836346875 1.32795997992 2.89875630672 -1.81363267367
777 765 0.17057858822 1.74137491502 -2.97101406537 -1.40021773857
778 765 -0.0127248423056 1.55807148449 3.12886781128 -1.5835211691
779 765 0.320007528172 1.89080385497 -2.82158512542 -1.25078879862
780 777 -0.61344555208 0.957350774715 2.52814710151 -2.18424187888
781 766 0.275340475847 1.84613680264 -2.86625217774 -1.29545585095
782 751 -0.0704948995844 1.50030142721 3.07109775401 -1.64129122638
783 780 -0.0255951922816 1.54520113451 3.11599746131 -1.59639151908
784 761 -0.744355355363 0.826440971432 2.39723729823 -2.31515168216
785 758 -0.494978809792 1.075817517 2.6466138438 -2.06577513659
786 782 -0.0242885307397 1.54650779606 3.11730412285 -1.59508485753
787 783 -0.445189959717 1.12560636708 2.69640269387 -2.01598628651
788 784 0.755697413313 2.32649374011 -2.38589524028 -0.815098913482
789 786 -0.586282008451 0.984514318344 2.55531064514 -2.15707833525
790 784 0.537340244442 2.10813657124 -2.60425240915 -1.03345608235
791 751 -0.314757605703 1.25603872109 2.82683504789 -1.8855539325
792 751 0.070313317129 1.64110964392 -3.07127933646 -1.50048300967
793 751 -0.575201431938 0.995594894857 2.56639122165 -2.14599775873
794 707 0.25166054446 1.82245687126 -2.88993210913 -1.31913578233
795 761 -0.662963369087 0.907832957708 2.4786292845 -2.23375969588
796 706 0.357401434932 1.92819776173 -2.78419121866 -1.21339489186
797 746 0.623665881491 2.19446220829 -2.5179267721 -0.947130445304
798 751 0.350162783074 1.92095910987 -2.79142987052 -1.22063354372
799 758 -0.778538774991 0.792257551804 2.3630538786 -2.34933510179
800 754 -0.739526109063 0.831270217732 2.40206654453 -2.31032243586
801 802 0.678369360713 2.24916568751 -2.46322329288 -0.892426966082
802 801 0.615287634142 2.18608396094 -2.52630501945 -0.955508692653
803 801 -0.125264291273 1.44553203552 3.01632836232 -1.69606061807
804 803 0.585979534667 2.15677586146 -2.55561311892 -0.984816792128
805 804 0.506817555275 2.07761388207 -2.63477509831 -1.06397877152
806 449 0.313557571712 1.88435389851 -2.82803508188 -1.25723875508
807 327 0.514743824416 2.08554015121 -2.62684882917 -1.05605250238
808 801 -0.716083767593 0.854712559202 2.425508886 -2.28688009439
809 803 -0.447461376779 1.12333495002 2.69413127681 -2.01825770357
810 332 -0.171509627545 1.39928669925 2.97008302604 -1.74230595434
811 812 0.31006435906 1.88086068585 -2.83152829453 -1.26073196774
812 811 0.734302496125 2.30509882292 -2.40729015747 -0.83649383067
813 811 0.677090284434 2.24788661123 -2.46450236916 -0.893706042361
814 813 0.64775749927 2.21855382607 -2.49383515432 -0.923038827525
815 813 0.608719407737 2.17951573453 -2.53287324585 -0.962076919058
816 819 0.059750061393 1.63054638819 -3.0818425922 -1.5110462654
817 813 0.0759602041135 1.64675653091 -3.06563244948 -1.49483612268
818 811 -0.62039108268 0.950405244115 2.52120157091 -2.19118740947
819 811 -0.584466174672 0.986330152123 2.55712647892 -2.15526250147
820 821 0.275212249487 1.84600857628 -2.8663804041 -1.29558407731
821 820 0.397987878767 1.96878420556 -2.74360477482 -1.17280844803
822 821 0.679858597521 2.25065492432 -2.46173405607 -0.890937729274
823 822 -0.243147028405 1.32764929839 2.89844562519 -1.8139433552
824 823 -0.531250059505 1.03954626729 2.61034259408 -2.1020463863
825 824 -0.505814827542 1.06498149925 2.63577782605 -2.07661115434
826 313 0.357913331465 1.92870965826 -2.78367932213 -1.21288299533
827 825 -0.577412243534 0.993384083261 2.56418041006 -2.14820857033
828 827 -0.140258972823 1.43053735397 3.00133368077 -1.71105529962
829 820 0.421712076382 1.99250840318 -2.71988057721 -1.14908425041
830 820 0.676010634287 2.24680696108 -2.4655820193 -0.894785692507
831 820 -0.429826804105 1.14096952269 2.71176584948 -2.0006231309
832 820 -0.687772112824 0.883024213971 2.45382054077 -2.25856843962
833 821 0.0884607794159 1.65925710621 -3.05313187417 -1.48233554738
834 823 -0.0437959799645 1.52700034683 3.09779667363 -1.61459230676
835 824 0.0925235766662 1.66331990346 -3.04906907692 -1.47827275013
836 820 -0.0302203149386 1.54057601186 3.11137233865 -1.60101664173
837 829 -0.0875807356758 1.48321559112 3.05401191791 -1.65837706247
838 827 0.174505146352 1.74530147315 -2.96708750724 -1.39629118044
839 312 0.764589986621 2.33538631342 -2.37700266697 -0.806206340174
840 312 -0.107495382056 1.46330094474 3.03409727153 -1.67829170885
841 839 -0.174774121695 1.3960222051 2.96681853189 -1.74557044849
842 827 -0.760317522859 0.810478803936 2.38127513073 -2.33111384965
843 841 -0.575398720083 0.995397606711 2.56619393351 -2.14619504688
844 827 -0.237119663724 1.33367666307 2.90447298987 -1.80791599052
845 827 0.36509183257 1.93588815937 -2.77650082102 -1.20570449422
846 828 0.174078591623 1.74487491842 -2.96751406197 -1.39671773517
847 829 -0.160691618933 1.41010470786 2.98090103466 -1.73148794573
848 829 -0.603220728019 0.967575598775 2.53837192557 -2.17401705481
849 820 -0.424935110288 1.14586121651 2.7166575433 -1.99573143708
850 820 -0.784138625779 0.786657701016 2.35745402781 -2.35493495257
851 848 0.272573299996 1.84336962679 -2.86901935359 -1.2982230268
852 849 -0.551068779777 1.01972754702 2.59052387381 -2.12186510657
853 848 -0.228021219214 1.34277510758 2.91357143438 -1.79881754601
854 803 0.131335127453 1.70213145425 -3.01025752614 -1.43946119934
855 801 -0.345712175618 1.22508415118 2.79588047797 -1.91650850241
856 801 -0.129320849042 1.44147547775 3.01227180455 -1.70011717584
857 853 -0.0466186108375 1.52417771596 3.09497404275 -1.61741493763
858 849 -0.0212763053007 1.54952002149 3.12031634829 -1.5920726321
859 849 -0.143384877025 1.42741144977 2.99820777657 -1.71418120382
860 859 0.0793039077738 1.65010023457 -3.06228874582 -1.49149241902
861 820 0.769277993529 2.34007432032 -2.37231466006 -0.801518333266
862 315 -0.350230819019 1.22056550778 2.79136183457 -1.92102714581
863 315 0.346790982825 1.91758730962 -2.79480167077 -1.22400534397
864 821 0.337725207238 1.90852153403 -2.80386744635 -1.23307111956
865 315 -0.168154052126 1.40264227467 2.97343860146 -1.73895037892
866 313 -0.499142781663 1.07165354513 2.64244987193 -2.06993910846
867 857 0.176133829531 1.74693015633 -2.96545882406 -1.39466249726
868 856 0.695864506487 2.26666083328 -2.4457281471 -0.874931820308
869 804 -0.653613351273 0.917182975522 2.48797930232 -2.22440967807
870 805 -0.529187999554 1.04160832724 2.61240465404 -2.09998432635
871 845 0.16148242645 1.73227875325 -2.98011022714 -1.40931390034
872 844 0.7646838766 2.33548020339 -2.37690877699 -0.806112450195
873 806 0.157991535807 1.7287878626 -2.98360111778 -1.41280479099
874 806 0.753391121226 2.32418744802 -2.38820153236 -0.817405205569
875 807 0.462971277011 2.03376760381 -2.67862137658 -1.10782504978
876 314 0.347253817642 1.91805014444 -2.79433883595 -1.22354250915
877 326 -0.479084588375 1.09171173842 2.66250806521 -2.04988091517
878 327 -0.0611478610867 1.50964846571 3.0804447925 -1.63194418788
879 841 -0.75593683013 0.814859496665 2.38565582346 -2.32673315693
880 841 0.26966594 1.84046226679 -2.87192671359 -1.3011303868
881 327 0.248887218197 1.81968354499 -2.89270543539 -1.3219091086
882 802 -0.588512414357 0.982283912438 2.55308023923 -2.15930874115
883 809 -0.713318785235 0.85747754156 2.42827386836 -2.28411511203
884 332 -0.473381690532 1.09741463626 2.66821096306 -2.04417801733
885 333 -0.303697666184 1.26709866061 2.83789498741 -1.87449399298
886 333 -0.754100524411 0.816695802384 2.38749212918 -2.32489685121
887 336 0.2750877579 1.84588408469 -2.86650489569 -1.2957085689
888 334 0.291289338299 1.86208566509 -2.85030331529 -1.2795069885
889 334 0.710738982887 2.28153530968 -2.4308536707 -0.860057343908
890 868 0.460508664289 2.03130499108 -2.6810839893 -1.11028766251
891 867 0.283238280782 1.85403460758 -2.85835437281 -1.28755804601
892 868 -0.133934817662 1.43686150913 3.00765783593 -1.70473114446
893 335 0.00279836098389 1.57359468778 -3.13879429261 -1.56799796581
894 565 0.684002954974 2.25479928177 -2.45758969862 -0.88679337182
895 529 0.572084990796 2.14288131759 -2.56950766279 -0.998711335999
896 890 0.547111631442 2.11790795824 -2.59448102215 -1.02368469535
897 816 -0.604067262162 0.966729064633 2.53752539143 -2.17486358896
898 812 -0.394187597793 1.176608729 2.7474050558 -1.96498392459
899 859 0.608749963442 2.17954629024 -2.53284269015 -0.962046363352
900 859 -0.477571876742 1.09322445005 2.66402077685 -2.04836820354
901 897 0.382896586302 1.9536929131 -2.75869606729 -1.18789974049
902 816 -0.0761415512841 1.49465477551 3.06545110231 -1.64693787808
903 812 -0.619109890514 0.95168643628 2.52248276308 -2.18990621731
904 811 0.593487170301 2.1642834971 -2.54810548329 -0.977309156494
905 814 0.749401296188 2.32019762298 -2.3921913574 -0.821395030607
906 899 -0.262196604191 1.3085997226 2.8793960494 -1.83299293099
907 860 0.388794628632 1.95959095543 -2.75279802496 -1.18200169816
908 814 0.604183537676 2.17497986447 -2.53740911591 -0.966612789118
909 342 0.695004444042 2.26580077084 -2.44658820955 -0.875791882752
910 344 0.73943778305 2.31023410985 -2.40215487054 -0.831358543745
911 5 0.458599164958 2.02939549175 -2.68299348863 -1.11219716184
912 527 0.600460053485 2.17125638028 -2.5411326001 -0.97033627331
913 816 0.155097430999 1.72589375779 -2.98649522259 -1.4156988958
914 817 0.190626235451 1.76142256225 -2.95096641814 -1.38017009134
915 831 -0.399900424128 1.17089590267 2.74169222946 -1.97069675092
916 833 0.609695034016 2.18049136081 -2.53189761957 -0.961101292779
917 450 -0.698493138186 0.872303188609 2.4430995154 -2.26928946498
918 662 -0.632444692423 0.938351634372 2.50914796117 -2.20324101922
919 182 -0.478113107331 1.09268321946 2.66347954626 -2.04890943413
920 450 0.721761558346 2.29255788514 -2.41983109524 -0.849034768449
921 917 -0.673517942341 0.897278384453 2.46807471125 -2.24431426914
922 459 -0.390401676186 1.18039465061 2.7511909774 -1.96119800298
923 455 0.710282995244 2.28107932204 -2.43130965835 -0.860513331551
924 920 -0.723296204264 0.847500122531 2.41829644933 -2.29409253106
925 464 -0.528469838447 1.04232648835 2.61312281514 -2.09926616524
926 460 0.601781252771 2.17257757957 -2.53981140082 -0.969015074024
927 923 0.673138745461 2.24393507226 -2.46845390813 -0.897657581334
928 469 -0.63331858018 0.937477746615 2.50827407341 -2.20411490697
929 465 0.669041452801 2.2398377796 -2.47255120079 -0.901754873994
930 926 0.712724196487 2.28352052328 -2.4288684571 -0.858072130308
931 474 -0.656603052773 0.914193274022 2.48498960082 -2.22739937957
932 470 0.595986646576 2.16678297337 -2.54560600701 -0.974809680218
933 929 0.625723349858 2.19651967665 -2.51586930373 -0.945072976937
934 479 -0.644281738551 0.926514588244 2.49731091504 -2.21507806535
935 475 0.584822755592 2.15561908239 -2.556769898 -0.985973571203
936 932 0.552006726172 2.12280305297 -2.58958592742 -1.01878960062
937 484 -0.777787798516 0.793008528278 2.36380485507 -2.34858412531
938 480 0.238600966124 1.80939729292 -2.90299168747 -1.33219536067
939 935 -0.204254744565 1.36654158223 2.93733790902 -1.77505107136
940 489 0.309830197331 1.88062652413 -2.83176245626 -1.26096612946
941 485 -0.186731557704 1.38406476909 2.95486109589 -1.7575278845
942 938 -0.276759971118 1.29403635568 2.86483268247 -1.84755629791
943 494 0.217301975249 1.78809830204 -2.92429067834 -1.35349435155
944 490 0.226243238143 1.79703956494 -2.91534941545 -1.34455308865
945 941 0.583421271334 2.15421759813 -2.55817138226 -0.987375055461
946 499 -0.445758768807 1.12503755799 2.69583388478 -2.0165550956
947 495 -0.666718685675 0.90407764112 2.47487396792 -2.23751501247
948 944 -0.604945976978 0.965850349817 2.53664667661 -2.17574230377
949 504 -0.416069837935 1.15472648886 2.72552281566 -1.98686616473
950 500 0.750122749084 2.32091907588 -2.39146990451 -0.820673577711
951 947 -0.455035165997 1.1157611608 2.68655748759 -2.02583149279
952 504 0.330502087654 1.90129841445 -2.81109056594 -1.24029423914
953 510 0.565322318789 2.13611864558 -2.5762703348 -1.00547400801
954 951 0.10842522922 1.67922155602 -3.03316742437 -1.46237109757
955 509 0.700727024854 2.27152335165 -2.44086562874 -0.870069301941
