2278 1 0
0 1 -2.52534140037
1 0 1.71735218748
2 0 -2.70823822626
3 0 -0.781632321675
4 0 -1.29346510985
5 4 3.07285998854
6 4 -1.40227380112
7 6 -2.76229753065
8 6 -1.28273728723
9 8 -2.87544139434
10 8 -1.27032165099
11 10 -2.76325402705
12 10 -1.37370267941
13 12 2.89803221587
14 12 -1.58964660244
15 14 -3.04146819379
16 14 -1.35113887503
17 16 -2.72462870302
18 16 -1.40590777189
19 18 3.02757516021
20 18 -1.58437535655
21 20 -2.73844701684
22 20 -1.33604236611
23 22 -2.95814177151
24 22 -1.35932478641
25 24 -2.53697983473
26 24 -1.21697552443
27 26 2.96981927571
28 26 -1.2775226797
29 28 -2.83538047338
30 28 -1.25849030656
31 30 -2.40299523457
32 30 -1.19308345121
33 32 2.82054232545
34 32 -1.26917144815
35 34 -2.43535828503
36 34 -1.24010537973
37 36 -2.41288589431
38 36 -1.24107800196
39 38 2.36607384683
40 38 -1.42792878287
41 40 -2.44026812409
42 40 -1.08972222453
43 42 -2.50215921433
44 42 -1.16520232145
45 44 2.96732627861
46 44 -1.14891594036
47 46 -2.17935900745
48 46 -1.08027368764
49 48 3.02697427408
50 48 -1.22225991377
51 50 -2.44117183008
52 50 -1.21087110653
53 52 -2.32314243561
54 52 -1.21118187564
55 54 3.12394445147
56 54 -1.19669206503
57 56 -2.9455469646
58 56 -1.20523524705
59 58 -2.76753711805
60 58 -1.16469747135
61 60 -2.65376621522
62 60 -1.16388903261
63 62 -2.85792748428
64 62 -1.29078022795
65 64 -2.98506480178
66 64 -1.32107743492
67 66 -2.58377411823
68 66 -1.12704611339
69 68 -2.79338079519
70 68 -1.23371171987
71 70 2.83775289491
72 70 -1.49150958499
73 72 -2.37187049954
74 72 -1.07293617003
75 74 -2.21809100824
76 74 -0.901212934246
77 76 1.47932844892
78 76 -1.25106256672
79 78 -2.55547392161
80 78 -1.30757462926
81 80 3.05452460149
82 80 -1.16876567319
83 82 -2.26944243639
84 82 -1.02269792928
85 84 -2.73457240337
86 84 -1.09878070549
87 86 -2.84278696898
88 86 -1.11459732929
89 88 -2.42965221976
90 88 -1.02037066931
91 90 -2.76665467318
92 90 -1.17371215103
93 92 -2.77809038521
94 92 -1.10580556939
95 94 -2.66959534134
96 94 -1.05607353003
97 96 -2.43613637392
98 96 -0.999427729794
99 98 -2.88690171281
100 98 -1.04841934604
101 100 -2.55216638938
102 100 -1.09438033038
103 102 -2.76170531588
104 102 -1.07446268389
105 104 -2.6249576025
106 104 -1.11014824022
107 106 2.81718591657
108 106 -1.20375146184
109 108 -2.59735470745
110 108 -1.12265779508
111 110 -2.3786531974
112 110 -1.02967778012
113 112 -2.69943897101
114 112 -1.05863903322
115 114 -1.78348563763
116 114 -1.03399399722
117 116 -2.96013949711
118 116 -1.07809713751
119 118 -2.38100388219
120 118 -1.05752770062
121 120 -3.04167742479
122 120 -1.13445612064
123 122 -2.25077840052
124 122 -1.12662895192
125 124 -2.47804757482
126 124 -1.15000530239
127 126 -2.2976577977
128 126 -1.11322854973
129 128 -2.79136361508
130 128 -1.21847313488
131 130 -2.1481599386
132 130 1.39194196588
133 132 -1.74964981299
134 0 -2.99552777429
135 3 -1.5470226801
136 0 -2.56673729444
137 4 -2.57300872294
138 6 -2.55501641161
139 8 -2.55817564213
140 10 -2.56794951831
141 12 -2.54802314521
142 14 -2.52023041681
143 16 -2.520799088
144 18 -2.47946400433
145 20 -2.44617612052
146 22 -2.46766525286
147 24 -2.45602047205
148 26 -2.44460100271
149 28 -2.40142846517
150 30 -2.38332804605
151 32 -2.34106866674
152 34 -2.24835282827
153 36 -2.22202930121
154 38 -2.31170697264
155 40 -2.38017889267
156 42 -2.39358897178
157 44 -2.33946240959
158 46 -2.27204386996
159 48 -2.18674467757
160 50 -2.18465054392
161 52 -2.04276798147
162 54 -2.24947718464
163 56 -2.0023027942
164 58 -2.33890546131
165 60 -2.23605275691
166 62 -2.19426371381
167 64 -2.13619505038
168 66 -2.34936233049
169 68 -2.32205486667
170 70 -2.2527036238
171 72 -2.24744808893
172 74 -2.22808168686
173 76 -2.29274805951
174 78 -2.28339906613
175 80 -2.24774786337
176 82 -2.17024926208
177 84 -2.26858634745
178 86 -2.2572469504
179 88 -2.25826142097
180 90 -2.32222572943
181 92 -2.36212465928
182 94 -2.36241263217
183 96 -2.3795431357
184 98 -2.39176990954
185 100 -2.39124853451
186 102 -2.35778362861
187 104 -2.34010966743
188 106 -2.34777634745
189 108 -2.32667486737
190 110 -2.29918894617
191 112 -2.28494609823
192 114 -2.28688342702
193 116 -2.2862876582
194 118 -2.27242722398
195 120 -2.2555722903
196 122 -2.24838634327
197 124 -2.24306485907
198 126 -2.22879107264
199 128 -2.23970023238
200 130 2.16214020905
201 134 -2.97774112542
202 135 -1.43603956908
203 134 -2.49380237078
204 136 -2.48178594302
205 137 -2.47387751124
206 138 -2.46281249455
207 139 -2.46238844341
208 140 -2.45475473551
209 141 -2.42714693583
210 142 -2.39276370839
211 143 -2.36689345656
212 144 -2.36288347076
213 145 -2.40141451706
214 146 -2.39635072288
215 147 -2.42135001838
216 148 -2.30657729322
217 149 -2.49413233856
218 150 -2.43112771487
219 151 -2.30667815489
220 152 -2.32177486262
221 153 -2.43910358367
222 154 -2.42865609348
223 155 -2.40766197259
224 156 -2.31955016833
225 157 -2.32262105753
226 158 -2.22462569306
227 159 -2.28121280147
228 160 -2.18174541111
229 161 -2.42415027869
230 162 -2.36273109707
231 163 -2.42691820676
232 164 -2.37875020554
233 165 -2.27150436281
234 166 -2.15876772983
235 167 -2.33814491902
236 168 -2.35897921215
237 169 -2.27239310327
238 170 -2.17536428299
239 171 -2.15303423639
240 172 -2.26081296016
241 173 -2.24733831891
242 174 -2.19059361855
243 175 -2.23890290048
244 176 -2.24029916429
245 177 -2.21441012126
246 178 -2.21759577178
247 179 -2.27612994732
248 180 -2.22158212536
249 181 -2.23072071303
250 182 -2.25605595055
251 183 -2.28082562326
252 184 -2.30486375951
253 185 -2.30594081537
254 186 -2.33243688033
255 187 -2.35998176433
256 188 -2.37336482023
257 189 -2.36211765305
258 190 -2.34314962342
259 191 -2.31531733794
260 192 -2.27957247406
261 193 -2.26454096958
262 194 -2.23784551365
263 195 -2.2107682877
264 196 -2.18957083046
265 197 -2.17848393414
266 198 -2.16486055374
267 199 2.68034524791
268 201 -2.92494290268
269 202 -1.4058262866
270 201 -2.42130709663
271 203 -2.42600117867
272 204 -2.41620578173
273 205 -2.40992970903
274 206 -2.40546738957
275 207 -2.39782996835
276 208 -2.39794705346
277 209 -2.37897952458
278 210 -2.34813414823
279 211 -2.12633956772
280 212 -2.25403718492
281 213 -2.401996856
282 214 -2.36239107242
283 215 -2.33688432531
284 216 -2.44834995604
285 217 -2.42964345756
286 218 -2.43868152822
287 219 -2.42867634955
288 220 -2.4578859763
289 221 -2.43862771357
290 222 -2.41919734162
291 223 -2.38156113559
292 224 -2.39507907688
293 225 -2.38045510235
294 226 -2.42978857718
295 227 -2.42708848898
296 228 -2.42036252402
297 229 -2.39772093564
298 230 -2.3632613844
299 231 -2.32789140677
300 232 -2.29160572114
301 233 -2.27562485239
302 234 -2.27578673914
303 235 -2.27155086239
304 236 -2.24632211426
305 237 -2.29203131136
306 238 -2.21232176519
307 239 -2.13287519426
308 240 -2.06296609723
309 241 -2.16574149881
310 242 -2.23835117221
311 243 -2.30448482837
312 244 -2.4447445724
313 245 -2.43753813675
314 246 -2.34503199731
315 247 -2.20185646531
316 248 -2.29146558755
317 249 -2.32754465551
318 250 -2.32739753803
319 251 -2.32310265283
320 252 -2.310029945
321 253 -2.29004060502
322 254 -2.27506001496
323 255 -2.2615321164
324 256 -2.24807938513
325 257 -2.26139708602
326 258 -2.259260614
327 259 -2.27106203103
328 260 -2.25695432096
329 261 -2.22022885333
330 262 -2.18701300961
331 263 -2.16983065906
332 264 -2.15044130898
333 265 -2.11968899244
334 266 2.60187868228
335 268 -2.93779092494
336 269 -1.425676572
337 268 -2.42262969787
338 270 -2.40888161083
339 271 -2.39161095763
340 272 -2.38408277074
341 273 -2.37033879031
342 274 -2.36094676406
343 275 -2.3756576862
344 276 -2.21994084365
345 277 -2.15082741767
346 278 -2.37007332407
347 279 -2.40376588471
348 280 -2.46615607617
349 281 -2.43445970358
350 282 -2.4321794201
351 283 -2.4201220414
352 284 -2.4045608394
353 285 -2.38787487008
354 286 -2.39194335903
355 287 -2.39015428092
356 288 -2.38694791582
357 289 -2.38234801105
358 290 -2.38086365896
359 291 -2.38278875067
360 292 -2.38197662334
361 293 -2.37329681748
362 294 -2.36253447093
363 295 -2.34653612206
364 296 -2.33662936223
365 297 -2.3260693446
366 298 -2.31712780824
367 299 -2.31861157746
368 300 -2.3138461034
369 301 -2.28321859856
370 302 -2.25117738409
371 303 -2.23891476554
372 304 -2.22837650063
373 305 -2.21344894727
374 306 -2.32975515718
375 307 -2.34240435285
376 308 -2.38676308298
377 309 -2.39217273975
378 310 -2.35713344699
379 311 -2.29398684306
380 312 -2.20761739469
381 313 -2.29291245201
382 314 -2.26226947163
383 315 -2.35271836521
384 316 -2.32520316527
385 317 -2.25319775243
386 318 -2.27961228091
387 319 -2.28748658589
388 320 -2.28571858023
389 321 -2.27403339797
390 322 -2.26596147469
391 323 -2.25734205654
392 324 -2.24542560989
393 325 -2.23244225673
394 326 -2.22306744842
395 327 -2.20052972748
396 328 -2.1796412592
397 329 -2.16639130263
398 330 -2.15329181144
399 331 -2.12887922702
400 332 -2.10109087611
401 333 2.62440068437
402 335 -2.97771273794
403 336 -1.48530852467
404 335 -2.43855732685
405 337 -2.41539095564
406 338 -2.39250412542
407 339 -2.36934237651
408 340 -2.3440707429
409 341 -2.31490951723
410 342 -2.25286633008
411 343 -2.15773026077
412 344 -2.29172366489
413 345 -2.47823431114
414 346 -2.44032322491
415 347 -2.4422560099
416 348 -2.41843125557
417 349 -2.40942016412
418 350 -2.39868062958
419 351 -2.3850285456
420 352 -2.36956998928
421 353 -2.36283433537
422 354 -2.35364333233
423 355 -2.34284862569
424 356 -2.33238373873
425 357 -2.33136772457
426 358 -2.33618570742
427 359 -2.33413832162
428 360 -2.32330521491
429 361 -2.31331467232
430 362 -2.30172108855
431 363 -2.2970998572
432 364 -2.29692650015
433 365 -2.28930669809
434 366 -2.29423244967
435 367 -2.29440927107
436 368 -2.28391125225
437 369 -2.26976896069
438 370 -2.28056129259
439 371 -2.28697589146
440 372 -2.29552122049
441 373 -2.29986784965
442 374 -2.30034883142
443 375 -2.27967192831
444 376 -2.2623191912
445 377 -2.26323689352
446 378 -2.28493707483
447 379 -2.29451354099
448 380 -2.26753074664
449 381 -2.16035150307
450 382 -2.26813407791
451 383 -2.39587688317
452 384 -2.27183058027
453 385 -2.28309106689
454 386 -2.29815316752
455 387 -2.29531474685
456 388 -2.28250770146
457 389 -2.26819895705
458 390 -2.25378308511
459 391 -2.25710072944
460 392 -2.26569362106
461 393 -2.25897892702
462 394 -2.24171039521
463 395 -2.20156974159
464 396 -2.15353135509
465 397 -2.12271939026
466 398 -2.11718702891
467 399 -2.09556086647
468 400 2.54666763929
469 402 -2.98425725312
470 403 -1.46987139119
471 402 -2.43705674213
472 404 -2.41085528259
473 405 -2.39873598299
474 406 -2.30502965477
475 407 -2.27863904704
476 408 -2.3322055297
477 409 -2.25526676829
478 410 -2.32227664152
479 411 -2.43117523191
480 412 -2.41852464712
481 413 -2.41502565472
482 414 -2.3964222072
483 415 -2.38599393423
484 416 -2.38274826782
485 417 -2.37459580734
486 418 -2.36829996724
487 419 -2.35717754536
488 420 -2.34924589506
489 421 -2.3384641536
490 422 -2.32678640086
491 423 -2.31967284846
492 424 -2.32260923562
493 425 -2.32732115
494 426 -2.32204604535
495 427 -2.31208966241
496 428 -2.29894248383
497 429 -2.28508451914
498 430 -2.28122347318
499 431 -2.27667589093
500 432 -2.26858208386
501 433 -2.27182603493
502 434 -2.26347854758
503 435 -2.24209642702
504 436 -2.22428829153
505 437 -2.23956267142
506 438 -2.24598392181
507 439 -2.24600172816
508 440 -2.25654697838
509 441 -2.25913822704
510 442 -2.24433828334
511 443 -2.23902065675
512 444 -2.25290677444
513 445 -2.26817245414
514 446 -2.27168839166
515 447 -2.27600584674
516 448 -2.2997451737
517 449 -2.30829336621
518 450 -2.2792999942
519 451 -2.16600031633
520 452 -2.26859474877
521 453 -2.30445141369
522 454 -2.32032257898
523 455 -2.3232598396
524 456 -2.29677142126
525 457 -2.23633027909
526 458 -2.21513265115
527 459 -2.21010308211
528 460 -2.20546631395
529 461 -2.19104551866
530 462 -2.15795355383
531 463 -2.12656173537
532 464 -2.11849038466
533 465 -2.11220340195
534 466 -2.09170325591
535 467 2.36296521061
536 469 -2.94996034062
537 470 -1.45491684355
538 469 -2.36232208373
539 471 -2.39411576959
540 472 -2.40663130302
541 473 -2.34298132204
542 474 -2.29688041175
543 475 -2.39197733868
544 476 -2.37315862433
545 477 -2.41633176017
546 478 -2.40220400035
547 479 -2.38670737439
548 480 -2.37047483355
549 481 -2.35292784856
550 482 -2.34815571388
551 483 -2.35310296311
552 484 -2.3519755856
553 485 -2.35333079148
554 486 -2.34596166596
555 487 -2.33987676137
556 488 -2.33037440868
557 489 -2.33004813853
558 490 -2.32983866133
559 491 -2.33353131998
560 492 -2.33392830922
561 493 -2.32858898129
562 494 -2.31864729426
563 495 -2.30058224108
564 496 -2.28486894485
565 497 -2.27768213641
566 498 -2.2695814665
567 499 -2.26071856629
568 500 -2.26440930322
569 501 -2.26185124566
570 502 -2.24512099433
571 503 -2.22840239879
572 504 -2.24624081987
573 505 -2.25904633564
574 506 -2.27139564931
575 507 -2.28798566915
576 508 -2.27898117345
577 509 -2.26001127668
578 510 -2.24845658199
579 511 -2.26681954509
580 512 -2.28435965027
581 513 -2.29266807125
582 514 -2.28694332782
583 515 -2.29290918702
584 516 -2.28360148371
585 517 -2.2759350563
586 518 -2.26966995497
587 519 -2.27253509999
588 520 -2.25531564572
589 521 -2.24249934542
590 522 -2.225969229
591 523 -2.1995294229
592 524 -2.2070491561
593 525 -2.19655054882
594 526 -2.18990389325
595 527 -2.17459168506
596 528 -2.15359910614
597 529 -2.14038051165
598 530 -2.12090528653
599 531 -2.12140323058
600 532 -2.11588898418
601 533 -2.09213333798
602 534 2.20911942986
603 536 -2.94998204657
604 537 -1.42970171129
605 536 -2.37566658876
606 538 -2.41587652248
607 539 -2.31913059447
608 540 -2.2898561588
609 541 -2.29004330582
610 542 -2.39018663
611 543 -2.37708110911
612 544 -2.35827950636
613 545 -2.35284795465
614 546 -2.34578947527
615 547 -2.33047329031
616 548 -2.32662426989
617 549 -2.32547793953
618 550 -2.32903387914
619 551 -2.32729019188
620 552 -2.32942402539
621 553 -2.32662631238
622 554 -2.32737864496
623 555 -2.3241405284
624 556 -2.33086872003
625 557 -2.33213753295
626 558 -2.33415000842
627 559 -2.33739042378
628 560 -2.33957813617
629 561 -2.33234287132
630 562 -2.3104117604
631 563 -2.28628310537
632 564 -2.27612439228
633 565 -2.26624729194
634 566 -2.25250027718
635 567 -2.24727917392
636 568 -2.24792387106
637 569 -2.2577171064
638 570 -2.26557637251
639 571 -2.29515403389
640 572 -2.31704584652
641 573 -2.32171882885
642 574 -2.31663528227
643 575 -2.30167479968
644 576 -2.28397593893
645 577 -2.26736092811
646 578 -2.27370597403
647 579 -2.28735052544
648 580 -2.2923838789
649 581 -2.2741347607
650 582 -2.26765160907
651 583 -2.25189423398
652 584 -2.24434525891
653 585 -2.24388056959
654 586 -2.24797406928
655 587 -2.25070330933
656 588 -2.21850314026
657 589 -2.20523183242
658 590 -2.19151633774
659 591 -2.19670187532
660 592 -2.18658531154
661 593 -2.18102290711
662 594 -2.16870165175
663 595 -2.15026459706
664 596 -2.13229008758
665 597 -2.11540546992
666 598 -2.11925009368
667 599 -2.11407025392
668 600 -2.09992946669
669 601 2.09260669274
670 603 -2.92741116367
671 604 -1.37325367607
672 603 -2.32974127052
673 605 -2.31638324575
674 606 -2.2920885518
675 607 -2.35911032001
676 608 -2.3526671837
677 609 -2.34617428174
678 610 -2.32126765532
679 611 -2.30803839708
680 612 -2.30704382177
681 613 -2.29794877912
682 614 -2.28979174209
683 615 -2.28822986769
684 616 -2.28713644776
685 617 -2.29169522031
686 618 -2.29106959739
687 619 -2.289548761
688 620 -2.2845639914
689 621 -2.30096688955
690 622 -2.31670408621
691 623 -2.3187578439
692 624 -2.31103328361
693 625 -2.28984026183
694 626 -2.28283806188
695 627 -2.29805655213
696 628 -2.30547079171
697 629 -2.29212774369
698 630 -2.27275272694
699 631 -2.25641994061
700 632 -2.23886927666
701 633 -2.21443320216
702 634 -2.1917567149
703 635 -2.18170013252
704 636 -2.19356500105
705 637 -2.19764895045
706 638 -2.22029400311
707 639 -2.24487223383
708 640 -2.2611276847
709 641 -2.26611189198
710 642 -2.28099690121
711 643 -2.28125049065
712 644 -2.27112457446
713 645 -2.28561080021
714 646 -2.30216841084
715 647 -2.28765778136
716 648 -2.26001064369
717 649 -2.25142698798
718 650 -2.23403529974
719 651 -2.22317220315
720 652 -2.22220764382
721 653 -2.22811350288
722 654 -2.23362851044
723 655 -2.2190757375
724 656 -2.14818893064
725 657 -2.18051258076
726 658 -2.21889819586
727 659 -2.19844295482
728 660 -2.18574213371
729 661 -2.17512997891
730 662 -2.1589704049
731 663 -2.13642853646
732 664 -2.12953629825
733 665 -2.12859918308
734 666 -2.12464530698
735 667 -2.11387282515
736 668 1.99288163667
737 670 -2.86677413347
738 671 -1.30280410579
739 670 -2.25140451165
740 672 -2.25096178447
741 673 -2.2444454085
742 674 -2.20363602458
743 675 -2.20950452437
744 676 -2.25522664955
745 677 -2.28588866636
746 678 -2.2825503316
747 679 -2.28047497765
748 680 -2.274834663
749 681 -2.26793415873
750 682 -2.26218109145
751 683 -2.25648992335
752 684 -2.24927772759
753 685 -2.23447865432
754 686 -2.23087890334
755 687 -2.23435731149
756 688 -2.24775376112
757 689 -2.24571340612
758 690 -2.21838451733
759 691 -2.2073550352
760 692 -2.21453769042
761 693 -2.22846884442
762 694 -2.25832459675
763 695 -2.27836610845
764 696 -2.28356722053
765 697 -2.2690058054
766 698 -2.2471570261
767 699 -2.21982356057
768 700 -2.17901408679
769 701 -2.13871049939
770 702 -2.11182288239
771 703 -2.14328919065
772 704 -2.16003839436
773 705 -2.17251908989
774 706 -2.1892507745
775 707 -2.18908997371
776 708 -2.18853099667
777 709 -2.19451630224
778 710 -2.22765782123
779 711 -2.27887264615
780 712 -2.31803253391
781 713 -2.30710223013
782 714 -2.28420672217
783 715 -2.25521336383
784 716 -2.23492407876
785 717 -2.22134416959
786 718 -2.2146264413
787 719 -2.2170035179
788 720 -2.22338474381
789 721 -2.22474497319
790 722 -2.2272395875
791 723 -2.20883878781
792 724 -2.2113554913
793 725 -2.18437410714
794 726 -2.19607269405
795 727 -2.19610996182
796 728 -2.19875283535
797 729 -2.17867097366
798 730 -2.1608425451
799 731 -2.14756688313
800 732 -2.14165621495
801 733 -2.14366433353
802 734 -2.13013208778
803 735 1.92296695163
804 737 -2.81033493542
805 738 -1.22085304044
806 737 -2.21101948697
807 739 -2.23169288513
808 740 -2.20611507638
809 741 -2.18005847614
810 742 -2.25765542774
811 743 -2.26842805794
812 744 -2.26748966524
813 745 -2.26660363144
814 746 -2.26265467022
815 747 -2.25555691524
816 748 -2.24551204579
817 749 -2.23523057644
818 750 -2.21945105018
819 751 -2.20564045307
820 752 -2.19607857579
821 753 -2.18641783542
822 754 -2.19104183831
823 755 -2.22331581308
824 756 -2.22855393003
825 757 -2.19189589375
826 758 -2.20634535306
827 759 -2.2655855895
828 760 -2.31606732382
829 761 -2.35805119971
830 762 -2.38344859204
831 763 -2.38631350333
832 764 -2.33433867687
833 765 -2.27587561006
834 766 -2.2306333281
835 767 -2.15955668552
836 768 -2.09896260813
837 769 -2.09053826087
838 770 -2.14878022266
839 771 -2.21093516817
840 772 -2.2605216644
841 773 -2.30248959036
842 774 -2.28298576296
843 775 -2.22231816462
844 776 -2.16701417381
845 777 -2.17837464773
846 778 -2.19711329239
847 779 -2.20663264893
848 780 -2.24727355967
849 781 -2.27791281887
850 782 -2.25764843079
851 783 -2.23291358494
852 784 -2.22570391141
853 785 -2.21572252353
854 786 -2.22227893402
855 787 -2.22452508303
856 788 -2.22903338026
857 789 -2.23097900193
858 790 -2.23057483171
859 791 -2.2225146909
860 792 -2.20112614731
861 793 -2.21210752762
862 794 -2.21166709233
863 795 -2.2084404992
864 796 -2.18858815032
865 797 -2.17690648755
866 798 -2.18399960534
867 799 -2.19953455096
868 800 -2.2005346732
869 801 -2.17282013348
870 802 2.06729045606
871 804 -2.81368806598
872 805 -1.24864959008
873 804 -2.21420655037
874 806 -2.1818390855
875 807 -2.17456610216
876 808 -2.23709559207
877 809 -2.2659244015
878 810 -2.26196624533
879 811 -2.26157338073
880 812 -2.258354816
881 813 -2.25239246406
882 814 -2.24579962979
883 815 -2.23292759934
884 816 -2.212615645
885 817 -2.19512010505
886 818 -2.19347943848
887 819 -2.20793100671
888 820 -2.23336731682
889 821 -2.22974526225
890 822 -2.22558746772
891 823 -2.17699834184
892 824 -2.11739777127
893 825 -2.15211752521
894 826 -2.2444303881
895 827 -2.34780166007
896 828 -2.42750641177
897 829 -2.51454440788
898 830 -2.57660120084
899 831 -2.46231430243
900 832 -2.32771571974
901 833 -2.25473837764
902 834 -2.14561719481
903 835 -2.00466488874
904 836 -2.01011236036
905 837 -2.12071698019
906 838 -2.23660715696
907 839 -2.32834748113
908 840 -2.36258637564
909 841 -2.30056128562
910 842 -2.27594398374
911 843 -2.2446373697
912 844 -2.25379580752
913 845 -2.23297723985
914 846 -2.19982396015
915 847 -2.20493274356
916 848 -2.21560592265
917 849 -2.22431173849
918 850 -2.22004300209
919 851 -2.22433338165
920 852 -2.21708574321
921 853 -2.22708676187
922 854 -2.23720616444
923 855 -2.23956513624
924 856 -2.23826439461
925 857 -2.23846969851
926 858 -2.23572241203
927 859 -2.22440961907
928 860 -2.23764560343
929 861 -2.20787819695
930 862 -2.23354805404
931 863 -2.23205709395
932 864 -2.22662618847
933 865 -2.23503818346
934 866 -2.23764169094
935 867 -2.23826107279
936 868 -2.24220222375
937 869 2.23976368467
938 871 -2.77208882566
939 872 -1.21205511143
940 871 -2.14992549451
941 873 -2.17930448763
942 874 -2.22495623647
943 875 -2.2497677409
944 876 -2.24961311296
945 877 -2.25017244521
946 878 -2.25094085374
947 879 -2.24818173786
948 880 -2.24495157865
949 881 -2.23884204959
950 882 -2.22353172359
951 883 -2.20049490578
952 884 -2.18492482267
953 885 -2.20016396223
954 886 -2.243811142
955 887 -2.30330320107
956 888 -2.30257489412
957 889 -2.27973570554
958 890 -2.27570846958
959 891 -2.35785485314
960 892 -2.14486524383
961 893 -2.18116799008
962 894 -2.32982050569
963 895 -2.40589490895
964 896 -2.4489490489
965 897 -2.50228081516
966 898 -2.35411273862
967 899 -2.30643074504
968 900 -2.30532670673
969 901 -2.18484376645
970 902 -1.81241207728
971 903 -1.8618003536
972 904 -2.13167491407
973 905 -2.19591336083
974 906 -2.26789772578
975 907 -2.26407157946
976 908 -2.14578504155
977 909 -2.15400544635
978 910 -2.17195861054
979 911 -2.21682595557
980 912 -2.24159974993
981 913 -2.28850154662
982 914 -2.26960231222
983 915 -2.25008873771
984 916 -2.23022183807
985 917 -2.21397465701
986 918 -2.21955662326
987 919 -2.221883426
988 920 -2.23697581249
989 921 -2.24767703322
990 922 -2.24495832553
991 923 -2.24512398293
992 924 -2.24660869383
993 925 -2.24016353897
994 926 -2.23491198002
995 927 -2.24197701428
996 928 -2.27244325502
997 929 -2.28792717291
998 930 -2.2486579868
999 931 -2.23334132954
1000 932 -2.24024696848
1001 933 -2.25361762207
1002 934 -2.2652075984
1003 935 -2.28264772927
1004 936 2.02499985382
1005 938 -2.83837309552
1006 939 -1.16328761256
1007 938 -2.13989459776
1008 940 -2.22043613268
1009 941 -2.23590373316
1010 942 -2.2357241781
1011 943 -2.23485835453
1012 944 -2.23711072288
1013 945 -2.23699713435
1014 946 -2.23667065394
1015 947 -2.23985103833
1016 948 -2.23671435792
1017 949 -2.21004051161
1018 950 -2.16549236616
1019 951 -2.13607871606
1020 952 -2.17502970053
1021 953 -2.23155372254
1022 954 -2.27718431522
1023 955 -2.22761700672
1024 956 -2.22279966224
1025 957 -2.25896608226
1026 958 -2.28265282199
1027 959 -2.21776932013
1028 960 -2.43031875362
1029 961 -2.42463617802
1030 962 -2.36243290185
1031 963 -2.32063715054
1032 964 -2.28431238605
1033 965 -2.22707220172
1034 966 -2.299571286
1035 967 -2.37755765436
1036 968 -2.294377489
1037 969 -1.76766543558
1038 970 -1.93764993209
1039 971 -2.26601234197
1040 972 -2.23058928875
1041 973 -2.16782127296
1042 974 -2.12090925921
1043 975 -2.09379787338
1044 976 -2.21968270744
1045 977 -2.23290644121
1046 978 -2.24216000708
1047 979 -2.21325791976
1048 980 -2.19418211171
1049 981 -2.25000984378
1050 982 -2.30858988414
1051 983 -2.28563431195
1052 984 -2.24620506993
1053 985 -2.22298791621
1054 986 -2.22087786246
1055 987 -2.23473271791
1056 988 -2.24476670225
1057 989 -2.24368505241
1058 990 -2.24289786811
1059 991 -2.24772734537
1060 992 -2.24024824671
1061 993 -2.22994553315
1062 994 -2.2193142964
1063 995 -2.2196787419
1064 996 -2.17383039724
1065 997 -2.22677809363
1066 998 -2.23034641534
1067 999 -2.22481017394
1068 1000 -2.2605586497
1069 1001 -2.30294300165
1070 1002 -2.3357379514
1071 1003 2.31796700081
1072 1005 -2.63293743919
1073 1006 -0.89842968361
1074 1005 -2.12379058064
1075 1007 -2.21280906356
1076 1008 -2.21221935773
1077 1009 -2.21323140374
1078 1010 -2.21471958603
1079 1011 -2.21837454676
1080 1012 -2.22058172708
1081 1013 -2.22349598981
1082 1014 -2.22958359009
1083 1015 -2.23902071594
1084 1016 -2.24215757116
1085 1017 -2.24298396491
1086 1018 -2.26598213022
1087 1019 -2.30845441857
1088 1020 -2.29942445241
1089 1021 -2.27375880131
1090 1022 -2.23120245014
1091 1023 -2.19438005269
1092 1024 -2.14013302361
1093 1025 -2.07624258619
1094 1026 -2.04650953902
1095 1027 -2.12589973243
1096 1028 -2.2470816989
1097 1029 -2.3011168359
1098 1030 -2.29197930067
1099 1031 -2.22078601374
1100 1032 -2.18461231146
1101 1033 -2.26630625946
1102 1034 -2.39028175656
1103 1035 -2.35789561537
1104 1036 -1.77484518682
1105 1037 -1.95644907668
1106 1038 -2.26941870414
1107 1039 -2.2717039083
1108 1040 -2.25451601433
1109 1041 -2.27013247813
1110 1042 -2.26190259161
1111 1043 -2.27920720057
1112 1044 -2.24188509583
1113 1045 -2.21563758361
1114 1046 -2.21007889014
1115 1047 -2.2221612808
1116 1048 -2.24371877418
1117 1049 -2.23476897437
1118 1050 -2.23450747707
1119 1051 -2.23787489737
1120 1052 -2.23711329245
1121 1053 -2.22867626028
1122 1054 -2.23060764121
1123 1055 -2.2357529129
1124 1056 -2.23210909593
1125 1057 -2.23699042612
1126 1058 -2.24405079408
1127 1059 -2.24303576695
1128 1060 -2.236517505
1129 1061 -2.23606192473
1130 1062 -2.23919929292
1131 1063 -2.20881647017
1132 1064 -2.2424994709
1133 1065 -2.27086153474
1134 1066 -2.35876774924
1135 1067 -2.39254888925
1136 1068 -2.44960196744
1137 1069 -2.3924653453
1138 1070 2.53972728477
1139 1072 -2.73140543636
1140 1073 -1.13432441736
1141 1072 -2.18588704185
1142 1074 -2.18776420143
1143 1075 -2.18428372573
1144 1076 -2.189000498
1145 1077 -2.190507975
1146 1078 -2.19477941991
1147 1079 -2.19355151779
1148 1080 -2.19606856531
1149 1081 -2.19945146548
1150 1082 -2.20760168607
1151 1083 -2.21861770949
1152 1084 -2.22842276712
1153 1085 -2.24618632752
1154 1086 -2.25360278054
1155 1087 -2.2586991766
1156 1088 -2.27179474616
1157 1089 -2.28855136241
1158 1090 -2.2753472825
1159 1091 -2.23064588163
1160 1092 -2.22075853471
1161 1093 -2.23488005256
1162 1094 -2.28974781627
1163 1095 -2.29763646149
1164 1096 -2.27257404803
1165 1097 -2.21831362791
1166 1098 -2.15609537984
1167 1099 -2.12539544939
1168 1100 -2.19541044398
1169 1101 -2.4015530874
1170 1102 -2.38988262604
1171 1103 -1.72867853981
1172 1104 -1.9632753194
1173 1105 -2.30618424596
1174 1106 -2.32704985959
1175 1107 -2.31479377534
1176 1108 -2.28545957196
1177 1109 -2.2631415023
1178 1110 -2.26163888609
1179 1111 -2.25476424811
1180 1112 -2.25077172002
1181 1113 -2.2498746062
1182 1114 -2.24992672657
1183 1115 -2.24898713314
1184 1116 -2.2495130603
1185 1117 -2.25285611619
1186 1118 -2.25463448299
1187 1119 -2.2520366786
1188 1120 -2.23900916491
1189 1121 -2.22870419668
1190 1122 -2.22822178513
1191 1123 -2.22730969418
1192 1124 -2.23709931744
1193 1125 -2.24377701733
1194 1126 -2.25353937795
1195 1127 -2.25795837637
1196 1128 -2.27187673093
1197 1129 -2.2773831044
1198 1130 -2.28051367482
1199 1131 -2.30776023891
1200 1132 -2.34650664323
1201 1133 -2.40032021489
1202 1134 -2.37891189361
1203 1135 -2.33948442637
1204 1136 -2.26919505702
1205 1137 2.31310269083
1206 1139 -2.71758546315
1207 1140 -1.15087852573
1208 1139 -2.16940746172
1209 1141 -2.17186780384
1210 1142 -2.17398459321
1211 1143 -2.17759618274
1212 1144 -2.17675025515
1213 1145 -2.17510954318
1214 1146 -2.17220780505
1215 1147 -2.17214127795
1216 1148 -2.16988603376
1217 1149 -2.17336456044
1218 1150 -2.17922915497
1219 1151 -2.1836884834
1220 1152 -2.19275438326
1221 1153 -2.19958298905
1222 1154 -2.20886009439
1223 1155 -2.21421131268
1224 1156 -2.22312034103
1225 1157 -2.22510171279
1226 1158 -2.22668269522
1227 1159 -2.24327004795
1228 1160 -2.25453857689
1229 1161 -2.26756710099
1230 1162 -2.25450479304
1231 1163 -2.22516517629
1232 1164 -2.17335656354
1233 1165 -2.09189634962
1234 1166 -1.92153311773
1235 1167 -1.947812343
1236 1168 -2.25541205561
1237 1169 -2.28599236659
1238 1170 -1.57069289118
1239 1171 -1.80965462224
1240 1172 -2.13119690742
1241 1173 -2.25068594258
1242 1174 -2.28027623779
1243 1175 -2.28182453108
1244 1176 -2.27735436804
1245 1177 -2.26986493095
1246 1178 -2.25765008678
1247 1179 -2.24621548056
1248 1180 -2.23639946014
1249 1181 -2.22483813641
1250 1182 -2.2174012352
1251 1183 -2.21591560248
1252 1184 -2.21619183582
1253 1185 -2.21473077309
1254 1186 -2.21136513667
1255 1187 -2.20454633948
1256 1188 -2.20832944595
1257 1189 -2.21970867669
1258 1190 -2.22192637119
1259 1191 -2.23097712108
1260 1192 -2.24239703226
1261 1193 -2.25333458309
1262 1194 -2.25468589407
1263 1195 -2.27010727597
1264 1196 -2.28636939783
1265 1197 -2.30782820298
1266 1198 -2.32287671482
1267 1199 -2.33434336867
1268 1200 -2.33777175926
1269 1201 -2.32675507938
1270 1202 -2.31160090968
1271 1203 -2.35888386822
1272 1204 1.46996836356
1273 1206 -2.69807112569
1274 1207 -1.11577366865
1275 1206 -2.15287117017
1276 1208 -2.15670499426
1277 1209 -2.15812527533
1278 1210 -2.16033339455
1279 1211 -2.15876342438
1280 1212 -2.15396939917
1281 1213 -2.15316774057
1282 1214 -2.14913543495
1283 1215 -2.14904500101
1284 1216 -2.14951385266
1285 1217 -2.15534110353
1286 1218 -2.15809071237
1287 1219 -2.16129952417
1288 1220 -2.16557793696
1289 1221 -2.17163376729
1290 1222 -2.1757595584
1291 1223 -2.18007520532
1292 1224 -2.1810262152
1293 1225 -2.17580094974
1294 1226 -2.18330873878
1295 1227 -2.20210686912
1296 1228 -2.20974091353
1297 1229 -2.20494895949
1298 1230 -2.1907311814
1299 1231 -2.10560149275
1300 1232 -1.78880456618
1301 1233 -1.60147256059
1302 1234 -1.63338308305
1303 1235 -1.99954002801
1304 1236 -2.10076018372
1305 1237 -1.77823019268
1306 1238 -2.12901978806
1307 1239 -2.06530774251
1308 1240 -2.18112004283
1309 1241 -2.22974831215
1310 1242 -2.25367959459
1311 1243 -2.2560945072
1312 1244 -2.24983420543
1313 1245 -2.24004141008
1314 1246 -2.23195682733
1315 1247 -2.22129419508
1316 1248 -2.20742359762
1317 1249 -2.20110814173
1318 1250 -2.19740935332
1319 1251 -2.19580732563
1320 1252 -2.19385916871
1321 1253 -2.19274798857
1322 1254 -2.189308698
1323 1255 -2.194368427
1324 1256 -2.20243434773
1325 1257 -2.2118067139
1326 1258 -2.22996387008
1327 1259 -2.24739343669
1328 1260 -2.2563956613
1329 1261 -2.25835463372
1330 1262 -2.27567905245
1331 1263 -2.2965889394
1332 1264 -2.32165656433
1333 1265 -2.33832368232
1334 1266 -2.34472855715
1335 1267 -2.33226836449
1336 1268 -2.30129716023
1337 1269 -2.29904596068
1338 1270 -2.30700667841
1339 1271 2.3471733112
1340 1273 -2.6775281193
1341 1274 -1.07825916568
1342 1273 -2.12915397133
1343 1275 -2.1303068435
1344 1276 -2.13151535803
1345 1277 -2.13158378387
1346 1278 -2.13039818618
1347 1279 -2.12945606244
1348 1280 -2.13125354068
1349 1281 -2.13479809839
1350 1282 -2.13293209468
1351 1283 -2.13168250995
1352 1284 -2.13820798173
1353 1285 -2.14230986186
1354 1286 -2.14500418109
1355 1287 -2.14901887365
1356 1288 -2.15237641035
1357 1289 -2.15335450042
1358 1290 -2.1499630263
1359 1291 -2.1500526675
1360 1292 -2.14802467697
1361 1293 -2.15152045594
1362 1294 -2.14427371297
1363 1295 -2.12191472255
1364 1296 -2.1054111593
1365 1297 -2.15680674619
1366 1298 -1.8970361018
1367 1299 -1.79799784643
1368 1300 -2.17053421207
1369 1301 -1.81036575509
1370 1302 -2.09675108664
1371 1303 -2.0012514292
1372 1304 -1.87458439429
1373 1305 -1.99771400352
1374 1306 -1.80440768634
1375 1307 -2.24177775381
1376 1308 -2.23958764519
1377 1309 -2.22555695876
1378 1310 -2.22316024629
1379 1311 -2.22288082283
1380 1312 -2.21627764742
1381 1313 -2.20883644758
1382 1314 -2.20522644868
1383 1315 -2.19934955849
1384 1316 -2.1953074865
1385 1317 -2.19216800869
1386 1318 -2.19299056363
1387 1319 -2.1907748963
1388 1320 -2.19270061098
1389 1321 -2.19078933365
1390 1322 -2.19541751805
1391 1323 -2.20839808627
1392 1324 -2.21866078392
1393 1325 -2.24075720296
1394 1326 -2.26543142443
1395 1327 -2.27306746481
1396 1328 -2.2798637595
1397 1329 -2.30404617436
1398 1330 -2.32819012783
1399 1331 -2.34576719375
1400 1332 -2.36136859014
1401 1333 -2.366139965
1402 1334 -2.36133788372
1403 1335 -2.34933665845
1404 1336 -2.34006980628
1405 1337 -2.43939124841
1406 1338 2.03826532515
1407 1340 -2.64544577807
1408 1341 -1.04805471316
1409 1340 -2.10612640573
1410 1342 -2.10749389531
1411 1343 -2.10590447919
1412 1344 -2.10135263621
1413 1345 -2.10009274251
1414 1346 -2.10297659875
1415 1347 -2.10550726649
1416 1348 -2.11168137049
1417 1349 -2.11105883376
1418 1350 -2.11590247038
1419 1351 -2.12452631152
1420 1352 -2.12971044887
1421 1353 -2.1344075278
1422 1354 -2.13912872829
1423 1355 -2.1402482048
1424 1356 -2.1365479901
1425 1357 -2.12817718365
1426 1358 -2.1261819035
1427 1359 -2.12448806757
1428 1360 -2.1170086631
1429 1361 -2.08366507049
1430 1362 -2.06097617636
1431 1363 -2.09796917958
1432 1364 -2.0997352652
1433 1365 -2.03889894498
1434 1366 -2.25752975896
1435 1367 -2.33405041391
1436 1368 -2.06784250103
1437 1369 -2.21978413207
1438 1370 -2.02364166078
1439 1371 -1.89175247204
1440 1372 -1.84416554981
1441 1373 -1.7587301923
1442 1374 -2.24798613209
1443 1375 -2.25380444534
1444 1376 -2.2249643341
1445 1377 -2.21336017562
1446 1378 -2.21099365018
1447 1379 -2.20668809356
1448 1380 -2.20488977852
1449 1381 -2.2012840355
1450 1382 -2.19816639725
1451 1383 -2.19802499276
1452 1384 -2.19866649591
1453 1385 -2.20114115404
1454 1386 -2.20380808019
1455 1387 -2.20844900231
1456 1388 -2.20873106688
1457 1389 -2.22078835993
1458 1390 -2.23759808153
1459 1391 -2.25339899272
1460 1392 -2.28050851581
1461 1393 -2.30368490368
1462 1394 -2.31163101819
1463 1395 -2.31950596209
1464 1396 -2.33961886773
1465 1397 -2.36011140596
1466 1398 -2.37555312597
1467 1399 -2.39291091002
1468 1400 -2.40303828117
1469 1401 -2.41214697377
1470 1402 -2.43069429761
1471 1403 -2.41410306033
1472 1404 -2.29556801159
1473 1405 1.70115059551
1474 1407 -2.61587283851
1475 1408 -1.02381236179
1476 1407 -2.08243211294
1477 1409 -2.07883574665
1478 1410 -2.07837962173
1479 1411 -2.07533029746
1480 1412 -2.07698610025
1481 1413 -2.07788915251
1482 1414 -2.08258538233
1483 1415 -2.08942796027
1484 1416 -2.09214983366
1485 1417 -2.09655785203
1486 1418 -2.10878819144
1487 1419 -2.1159195365
1488 1420 -2.12238047531
1489 1421 -2.12639447616
1490 1422 -2.12408590025
1491 1423 -2.113688419
1492 1424 -2.10205778197
1493 1425 -2.1060724171
1494 1426 -2.10924565953
1495 1427 -2.09885474813
1496 1428 -2.08716953243
1497 1429 -2.10255233767
1498 1430 -2.11467966777
1499 1431 -2.08439516504
1500 1432 -2.06909987801
1501 1433 -2.07998317392
1502 1434 -2.11368214356
1503 1435 -2.13686457132
1504 1436 -2.17943820184
1505 1437 -2.23151343547
1506 1438 -2.20898253421
1507 1439 -2.24415486525
1508 1440 -2.25425578252
1509 1441 -2.29306249786
1510 1442 -2.26296232512
1511 1443 -2.21930374922
1512 1444 -2.20668373162
1513 1445 -2.20457599146
1514 1446 -2.20375857242
1515 1447 -2.20176778894
1516 1448 -2.20139859729
1517 1449 -2.20136416148
1518 1450 -2.20376669061
1519 1451 -2.20999207877
1520 1452 -2.21495509395
1521 1453 -2.22391197044
1522 1454 -2.23223278906
1523 1455 -2.23568859185
1524 1456 -2.24989587052
1525 1457 -2.27024314779
1526 1458 -2.29190410697
1527 1459 -2.3094349304
1528 1460 -2.3334119107
1529 1461 -2.3407836655
1530 1462 -2.34731332339
1531 1463 -2.37148203702
1532 1464 -2.39063885888
1533 1465 -2.40649439364
1534 1466 -2.42315699259
1535 1467 -2.44016449648
1536 1468 -2.4547987243
1537 1469 -2.46108527786
1538 1470 -2.36105349327
1539 1471 -2.46381312171
1540 1472 2.7100141086
1541 1474 -2.58530469294
1542 1475 -1.00469694188
1543 1474 -2.05703205444
1544 1476 -2.05159167795
1545 1477 -2.05082994969
1546 1478 -2.04871335523
1547 1479 -2.0516234221
1548 1480 -2.05708152591
1549 1481 -2.0657095905
1550 1482 -2.07331314193
1551 1483 -2.07887561023
1552 1484 -2.08552839112
1553 1485 -2.09705106314
1554 1486 -2.10482287254
1555 1487 -2.11078659399
1556 1488 -2.11546990637
1557 1489 -2.10778604329
1558 1490 -2.09392834706
1559 1491 -2.08696821989
1560 1492 -2.10005030422
1561 1493 -2.10983116868
1562 1494 -2.11236758002
1563 1495 -2.11863036693
1564 1496 -2.12711973581
1565 1497 -2.08947712182
1566 1498 -2.0101768249
1567 1499 -1.97404753855
1568 1500 -2.02769553924
1569 1501 -2.09247668207
1570 1502 -2.13446150145
1571 1503 -2.23286351671
1572 1504 -2.28170196127
1573 1505 -2.26081050164
1574 1506 -2.33544383387
1575 1507 -2.31315021719
1576 1508 -2.21685690878
1577 1509 -2.21088944382
1578 1510 -2.2156924285
1579 1511 -2.20182894465
1580 1512 -2.20202158221
1581 1513 -2.20626435691
1582 1514 -2.20496466313
1583 1515 -2.20519155728
1584 1516 -2.20695152822
1585 1517 -2.2150601071
1586 1518 -2.22200091413
1587 1519 -2.22817046937
1588 1520 -2.23811248814
1589 1521 -2.24518034643
1590 1522 -2.25404408426
1591 1523 -2.27361101598
1592 1524 -2.29202571948
1593 1525 -2.31004584837
1594 1526 -2.32765881033
1595 1527 -2.35759395001
1596 1528 -2.36285594376
1597 1529 -2.37623270214
1598 1530 -2.39847043988
1599 1531 -2.41398434417
1600 1532 -2.43071336729
1601 1533 -2.44795944662
1602 1534 -2.46881136933
1603 1535 -2.48674607717
1604 1536 -2.48917068174
1605 1537 -2.47172645075
1606 1538 -2.40438742151
1607 1539 -2.68502262066
1608 1541 -2.55530311353
1609 1542 -0.980361627431
1610 1541 -2.03433603375
1611 1543 -2.03354023232
1612 1544 -2.0241025685
1613 1545 -2.02398575706
1614 1546 -2.02772573907
1615 1547 -2.03585366815
1616 1548 -2.04459091204
1617 1549 -2.05673181044
1618 1550 -2.06370629686
1619 1551 -2.07191651892
1620 1552 -2.08315213929
1621 1553 -2.09152433999
1622 1554 -2.09735268587
1623 1555 -2.09885308086
1624 1556 -2.09509503192
1625 1557 -2.08749277822
1626 1558 -2.0823238724
1627 1559 -2.09693581644
1628 1560 -2.11102497065
1629 1561 -2.11464006115
1630 1562 -2.12952488705
1631 1563 -2.1589986686
1632 1564 -2.1388492091
1633 1565 -2.12368417774
1634 1566 -2.13404669531
1635 1567 -2.18009416468
1636 1568 -2.21766983678
1637 1569 -2.20334754798
1638 1570 -2.13871818158
1639 1571 -2.09226150228
1640 1572 -2.11448295659
1641 1573 -2.08981477873
1642 1574 -1.9952524335
1643 1575 -2.00773771615
1644 1576 -2.09934773957
1645 1577 -2.16643720228
1646 1578 -2.19734458091
1647 1579 -2.20893108779
1648 1580 -2.21369230571
1649 1581 -2.2162166434
1650 1582 -2.21679384834
1651 1583 -2.21902436466
1652 1584 -2.22792385415
1653 1585 -2.23736093091
1654 1586 -2.24501722891
1655 1587 -2.25302631814
1656 1588 -2.26125463095
1657 1589 -2.27302781261
1658 1590 -2.290682468
1659 1591 -2.31175704852
1660 1592 -2.33138743167
1661 1593 -2.34861450179
1662 1594 -2.37045349365
1663 1595 -2.38167220148
1664 1596 -2.39460905851
1665 1597 -2.4155520942
1666 1598 -2.43435976735
1667 1599 -2.4526371197
1668 1600 -2.47191413083
1669 1601 -2.48966157524
1670 1602 -2.5002814375
1671 1603 -2.51961468398
1672 1604 -2.548303226
1673 1605 -2.55435997516
1674 1606 1.24255690816
1675 1608 -2.51394546174
1676 1609 -0.962074386866
1677 1608 -1.99668999735
1678 1610 -1.99270882286
1679 1611 -1.98149281922
1680 1612 -1.99880409339
1681 1613 -2.00704081186
1682 1614 -2.01961040627
1683 1615 -2.02671926332
1684 1616 -2.03872867399
1685 1617 -2.04803900531
1686 1618 -2.0568856889
1687 1619 -2.07050503432
1688 1620 -2.08050658329
1689 1621 -2.08550831155
1690 1622 -2.08657227296
1691 1623 -2.08553351
1692 1624 -2.07818037621
1693 1625 -2.07263097832
1694 1626 -2.08839953123
1695 1627 -2.10396023679
1696 1628 -2.10210801006
1697 1629 -2.10721703641
1698 1630 -2.20660578599
1699 1631 -2.22162565453
1700 1632 -2.15950315415
1701 1633 -2.05755185853
1702 1634 -2.05979997023
1703 1635 -2.11455916268
1704 1636 -2.17445548346
1705 1637 -2.2192152161
1706 1638 -2.25607977788
1707 1639 -2.2951743358
1708 1640 -2.28102372119
1709 1641 -2.17161421189
1710 1642 -2.05258077192
1711 1643 -2.06126646358
1712 1644 -2.19491796159
1713 1645 -2.24374161834
1714 1646 -2.2296737753
1715 1647 -2.22784283479
1716 1648 -2.23175670024
1717 1649 -2.23042513122
1718 1650 -2.23263728064
1719 1651 -2.24112952463
1720 1652 -2.25201356379
1721 1653 -2.26047462263
1722 1654 -2.2718676834
1723 1655 -2.28421575917
1724 1656 -2.29658774154
1725 1657 -2.31197515512
1726 1658 -2.33129993343
1727 1659 -2.34407812034
1728 1660 -2.35973451276
1729 1661 -2.38012234989
1730 1662 -2.39229617377
1731 1663 -2.4112028676
1732 1664 -2.44111054145
1733 1665 -2.46517654567
1734 1666 -2.48719331971
1735 1667 -2.5104708837
1736 1668 -2.52965137471
1737 1669 -2.54823602817
1738 1670 -2.57945898495
1739 1671 -2.62209518095
1740 1672 -2.66803774922
1741 1673 1.52792718117
1742 1675 -2.48086231571
1743 1676 -0.921283173423
1744 1675 -1.9744964404
1745 1677 -1.96971262644
1746 1678 -1.96573351488
1747 1679 -1.97905747075
1748 1680 -1.9874579799
1749 1681 -1.99776760602
1750 1682 -2.00689312201
1751 1683 -2.02526552663
1752 1684 -2.03630282071
1753 1685 -2.04407359384
1754 1686 -2.06201131671
1755 1687 -2.07324347362
1756 1688 -2.07686258414
1757 1689 -2.07594615492
1758 1690 -2.07364550265
1759 1691 -2.0655229162
1760 1692 -2.05844904395
1761 1693 -2.07457652415
1762 1694 -2.08870118427
1763 1695 -2.08757537597
1764 1696 -2.0712865672
1765 1697 -2.07451565681
1766 1698 -2.02169776901
1767 1699 -1.9715737909
1768 1700 -1.98101244719
1769 1701 -2.05684190773
1770 1702 -2.10205021389
1771 1703 -2.11110717075
1772 1704 -2.09850637232
1773 1705 -2.08362518577
1774 1706 -2.0728323274
1775 1707 -2.06083685307
1776 1708 -2.05313889305
1777 1709 -2.08672305449
1778 1710 -2.21272506841
1779 1711 -2.29701128821
1780 1712 -2.27439908973
1781 1713 -2.24252474538
1782 1714 -2.23452891067
1783 1715 -2.23436941625
1784 1716 -2.23344917902
1785 1717 -2.23853789513
1786 1718 -2.24992203267
1787 1719 -2.26598019901
1788 1720 -2.27493484997
1789 1721 -2.28509189152
1790 1722 -2.29688861752
1791 1723 -2.30872088465
1792 1724 -2.32038907206
1793 1725 -2.33744286058
1794 1726 -2.3538833373
1795 1727 -2.37341265565
1796 1728 -2.39743094669
1797 1729 -2.42003748935
1798 1730 -2.44048003508
1799 1731 -2.46092103313
1800 1732 -2.48509646216
1801 1733 -2.50840867866
1802 1734 -2.53052703913
1803 1735 -2.55427079091
1804 1736 -2.5791726856
1805 1737 -2.61524073517
1806 1738 -2.66281509976
1807 1739 -2.7067174927
1808 1740 1.59002509333
1809 1742 -2.4474391223
1810 1743 -0.920046905421
1811 1742 -1.96188486255
1812 1744 -1.96140596198
1813 1745 -1.96173903125
1814 1746 -1.96431696334
1815 1747 -1.97575171024
1816 1748 -1.99299526799
1817 1749 -2.00492358007
1818 1750 -2.02354665188
1819 1751 -2.03188381712
1820 1752 -2.04260886091
1821 1753 -2.06160853803
1822 1754 -2.07312668893
1823 1755 -2.07830655078
1824 1756 -2.07574379109
1825 1757 -2.07865836171
1826 1758 -2.06812275764
1827 1759 -2.05683401338
1828 1760 -2.06491304429
1829 1761 -2.07616727787
1830 1762 -2.07447447765
1831 1763 -2.06847720617
1832 1764 -2.05092509608
1833 1765 -2.03676467323
1834 1766 -2.03406107152
1835 1767 -2.06016603048
1836 1768 -2.09135982464
1837 1769 -2.11424921209
1838 1770 -2.12799125464
1839 1771 -2.11814329338
1840 1772 -2.10635364528
1841 1773 -2.11914065417
1842 1774 -2.14105349338
1843 1775 -2.14625347535
1844 1776 -2.17441777443
1845 1777 -2.21783434714
1846 1778 -2.2456682664
1847 1779 -2.26246125008
1848 1780 -2.25531984506
1849 1781 -2.23945677139
1850 1782 -2.23170602409
1851 1783 -2.22925367007
1852 1784 -2.23627164302
1853 1785 -2.2509516506
1854 1786 -2.26631343594
1855 1787 -2.2778887262
1856 1788 -2.29361852554
1857 1789 -2.30699637999
1858 1790 -2.31929540308
1859 1791 -2.33232769427
1860 1792 -2.34639634335
1861 1793 -2.36194100961
1862 1794 -2.38114189581
1863 1795 -2.39902904214
1864 1796 -2.43159743639
1865 1797 -2.46614042742
1866 1798 -2.49099367413
1867 1799 -2.51790921085
1868 1800 -2.5443485958
1869 1801 -2.56886587592
1870 1802 -2.5945624268
1871 1803 -2.62103773605
1872 1804 -2.6637499363
1873 1805 -2.7070120895
1874 1806 -2.73310341359
1875 1807 1.83865981595
1876 1809 -2.45041312906
1877 1810 -0.941610234366
1878 1809 -1.98230103459
1879 1811 -1.97275328066
1880 1812 -1.96001061475
1881 1813 -1.96158948452
1882 1814 -1.97513921981
1883 1815 -1.99641181737
1884 1816 -2.00785060091
1885 1817 -2.02819562627
1886 1818 -2.03847302858
1887 1819 -2.04821739891
1888 1820 -2.06772219631
1889 1821 -2.07477123309
1890 1822 -2.0779375441
1891 1823 -2.07245421704
1892 1824 -2.07072593013
1893 1825 -2.05906660168
1894 1826 -2.0462133876
1895 1827 -2.04850511022
1896 1828 -2.05411652713
1897 1829 -2.04550761988
1898 1830 -2.03111957031
1899 1831 -2.01251452082
1900 1832 -2.00029718407
1901 1833 -1.98951512698
1902 1834 -1.9989195055
1903 1835 -2.02387681788
1904 1836 -2.05704291798
1905 1837 -2.11240061592
1906 1838 -2.17195266999
1907 1839 -2.21826291839
1908 1840 -2.2556597485
1909 1841 -2.28216053644
1910 1842 -2.28403288783
1911 1843 -2.26128906014
1912 1844 -2.25769412355
1913 1845 -2.25227709643
1914 1846 -2.25519987887
1915 1847 -2.26002699243
1916 1848 -2.24559748864
1917 1849 -2.23097602453
1918 1850 -2.22994548228
1919 1851 -2.23796068651
1920 1852 -2.24973510479
1921 1853 -2.26664029859
1922 1854 -2.28650755639
1923 1855 -2.30614731558
1924 1856 -2.32326804286
1925 1857 -2.33742771732
1926 1858 -2.34739215244
1927 1859 -2.36205532947
1928 1860 -2.38380073445
1929 1861 -2.40540131198
1930 1862 -2.43572346207
1931 1863 -2.46504986721
1932 1864 -2.48952385595
1933 1865 -2.51743286912
1934 1866 -2.5492029255
1935 1867 -2.58437118052
1936 1868 -2.63225762527
1937 1869 -2.67211156625
1938 1870 -2.68441374837
1939 1871 -2.70048549437
1940 1872 -2.71309133938
1941 1873 -2.70493791209
1942 1874 1.99846212856
1943 1876 -2.44688604541
1944 1877 -0.885296207533
1945 1876 -2.03269671721
1946 1878 -2.02976958926
1947 1879 -2.02298131821
1948 1880 -2.02784261151
1949 1881 -2.04444081165
1950 1882 -2.06806225592
1951 1883 -2.07533972999
1952 1884 -2.08580776793
1953 1885 -2.0836929383
1954 1886 -2.0809153862
1955 1887 -2.09509973244
1956 1888 -2.09552347688
1957 1889 -2.0944682234
1958 1890 -2.0804387045
1959 1891 -2.06588988378
1960 1892 -2.04442613041
1961 1893 -2.01512089782
1962 1894 -2.01537107472
1963 1895 -2.01698655613
1964 1896 -2.00184701503
1965 1897 -1.97408920628
1966 1898 -1.9561523603
1967 1899 -1.93903691915
1968 1900 -1.91766851437
1969 1901 -1.90941625621
1970 1902 -1.92946320057
1971 1903 -1.98967070775
1972 1904 -2.04663529352
1973 1905 -2.07586161798
1974 1906 -2.09373230375
1975 1907 -2.12711778379
1976 1908 -2.19118114836
1977 1909 -2.22920105528
1978 1910 -2.21871431766
1979 1911 -2.21941414035
1980 1912 -2.21549638333
1981 1913 -2.22952505989
1982 1914 -2.22940393539
1983 1915 -2.22145219859
1984 1916 -2.22435299442
1985 1917 -2.22339308487
1986 1918 -2.22415332317
1987 1919 -2.23583841557
1988 1920 -2.25697217402
1989 1921 -2.28859989905
1990 1922 -2.30758151124
1991 1923 -2.34241984833
1992 1924 -2.37544174964
1993 1925 -2.38752793144
1994 1926 -2.39642982655
1995 1927 -2.41126155695
1996 1928 -2.44944291465
1997 1929 -2.48949104825
1998 1930 -2.52071574134
1999 1931 -2.54751287426
2000 1932 -2.59877869391
2001 1933 -2.64909793496
2002 1934 -2.68656829138
2003 1935 -2.73127130869
2004 1936 -2.73720925354
2005 1937 -2.71318762998
2006 1938 -2.68218068626
2007 1939 -2.67312956608
2008 1940 -2.64486632512
2009 1941 2.08073873921
2010 1943 -2.35428098293
2011 1944 -0.702514663149
2012 1943 -2.02709241266
2013 1945 -2.06846627255
2014 1946 -2.11745653383
2015 1947 -2.16047111821
2016 1948 -2.19334424752
2017 1949 -2.21110914401
2018 1950 -2.20341257943
2019 1951 -2.19651988145
2020 1952 -2.1779611873
2021 1953 -2.15322188838
2022 1954 -2.16267122992
2023 1955 -2.15447780498
2024 1956 -2.14442761744
2025 1957 -2.12239542672
2026 1958 -2.10416771125
2027 1959 -2.06884653445
2028 1960 -2.03742937544
2029 1961 -2.02733754699
2030 1962 -2.02380071255
2031 1963 -2.00468135597
2032 1964 -1.96556341087
2033 1965 -1.93091964444
2034 1966 -1.90496455722
2035 1967 -1.85686801758
2036 1968 -1.83893630724
2037 1969 -1.88288412367
2038 1970 -1.97128947473
2039 1971 -2.03880171292
2040 1972 -2.06755450496
2041 1973 -2.04953194914
2042 1974 -2.04994572641
2043 1975 -2.09983043156
2044 1976 -2.15062555777
2045 1977 -2.17477646926
2046 1978 -2.17993578274
2047 1979 -2.17987213546
2048 1980 -2.16024893261
2049 1981 -2.14025060561
2050 1982 -2.1536161656
2051 1983 -2.21167209813
2052 1984 -2.26396324274
2053 1985 -2.27974457475
2054 1986 -2.27871333529
2055 1987 -2.30464932617
2056 1988 -2.31700003278
2057 1989 -2.32439413384
2058 1990 -2.36393385152
2059 1991 -2.3548621916
2060 1992 -2.42515051058
2061 1993 -2.4693764025
2062 1994 -2.50469016173
2063 1995 -2.55333448535
2064 1996 -2.58966185949
2065 1997 -2.61415259969
2066 1998 -2.6388880651
2067 1999 -2.67246882372
2068 2000 -2.69894089213
2069 2001 -2.71307291081
2070 2002 -2.70791623529
2071 2003 -2.68215833227
2072 2004 -2.64492644976
2073 2005 -2.62124083735
2074 2006 -2.62700128647
2075 2007 -2.59016436201
2076 2008 2.07621715618
2077 2010 -2.3470041302
2078 2011 -0.785678367861
2079 2010 -2.00032925128
2080 2012 -2.02816289017
2081 2013 -2.05754142819
2082 2014 -2.09165613941
2083 2015 -2.13319919655
2084 2016 -2.18761575093
2085 2017 -2.23758172351
2086 2018 -2.29359004575
2087 2019 -2.33764770861
2088 2020 -2.36316424509
2089 2021 -2.4015235764
2090 2022 -2.41884820785
2091 2023 -2.42888180446
2092 2024 -2.44505420794
2093 2025 -2.45226248392
2094 2026 -2.37584037983
2095 2027 -2.31198054441
2096 2028 -2.24456434218
2097 2029 -2.18444231598
2098 2030 -2.17075991673
2099 2031 -2.1289116383
2100 2032 -2.16481373696
2101 2033 -2.07478857166
2102 2034 -1.96351642707
2103 2035 -1.9368967435
2104 2036 -1.97806551016
2105 2037 -2.07527052163
2106 2038 -2.15434588147
2107 2039 -2.17750620017
2108 2040 -2.11168764228
2109 2041 -2.07480265729
2110 2042 -2.16706296407
2111 2043 -2.2289370936
2112 2044 -2.21987578389
2113 2045 -2.22140421742
2114 2046 -2.2321171504
2115 2047 -2.25192399664
2116 2048 -2.26999316067
2117 2049 -2.27050943763
2118 2050 -2.28314168378
2119 2051 -2.3190772432
2120 2052 -2.36189518165
2121 2053 -2.36982364679
2122 2054 -2.36881295391
2123 2055 -2.38601234971
2124 2056 -2.39475870655
2125 2057 -2.44543504826
2126 2058 -2.45885171395
2127 2059 -2.5167792427
2128 2060 -2.55510969892
2129 2061 -2.58904525297
2130 2062 -2.62130586636
2131 2063 -2.64666813693
2132 2064 -2.66875800028
2133 2065 -2.68696947455
2134 2066 -2.7054411518
2135 2067 -2.72365403426
2136 2068 -2.72641121395
2137 2069 -2.71192541023
2138 2070 -2.66285059482
2139 2071 -2.59286283652
2140 2072 -2.56918962876
2141 2073 -2.58632511194
2142 2074 -2.56093653245
2143 2075 2.0959552586
2144 2077 -2.39312425886
2145 2078 -0.914442677655
2146 2077 -2.01015232923
2147 2079 -2.04289072784
2148 2080 -2.06575815964
2149 2081 -2.09140362587
2150 2082 -2.11854389429
2151 2083 -2.15183425522
2152 2084 -2.17915569737
2153 2085 -2.21749118344
2154 2086 -2.25071128149
2155 2087 -2.28583404097
2156 2088 -2.32727806174
2157 2089 -2.36007562932
2158 2090 -2.40687333411
2159 2091 -2.44594050238
2160 2092 -2.47643825218
2161 2093 -2.50128824969
2162 2094 -2.56650963416
2163 2095 -2.58739971018
2164 2096 -2.57326833147
2165 2097 -2.60353395908
2166 2098 -2.5832529894
2167 2099 -2.54908979638
2168 2100 -2.55029607477
2169 2101 -2.55668267429
2170 2102 -2.5572243812
2171 2103 -2.53272647097
2172 2104 -2.50876510082
2173 2105 -2.46580375442
2174 2106 -2.42234725602
2175 2107 -2.40401202924
2176 2108 -2.36598777398
2177 2109 -2.29869393351
2178 2110 -2.19376339069
2179 2111 -2.22243911332
2180 2112 -2.24332595045
2181 2113 -2.29113834592
2182 2114 -2.30840101897
2183 2115 -2.33322185396
2184 2116 -2.33104563018
2185 2117 -2.32855178983
2186 2118 -2.34578448897
2187 2119 -2.38476497297
2188 2120 -2.41714457396
2189 2121 -2.43381191703
2190 2122 -2.45366437566
2191 2123 -2.48099732882
2192 2124 -2.51087092752
2193 2125 -2.53775805913
2194 2126 -2.57211920886
2195 2127 -2.60316367272
2196 2128 -2.62952332734
2197 2129 -2.65860187704
2198 2130 -2.68152158156
2199 2131 -2.69418770716
2200 2132 -2.70470234198
2201 2133 -2.72169890461
2202 2134 -2.73254160242
2203 2135 -2.71305028891
2204 2136 -2.66205952706
2205 2137 -2.60053075255
2206 2138 -2.55589083255
2207 2139 -2.55530256882
2208 2140 -2.57228156956
2209 2141 -2.5366666015
2210 2142 2.11147418423
2211 2144 0.564377739736
2212 2145 2.22715160692
2213 2144 1.02357596608
2214 2146 0.792163864713
2215 2147 0.871135181872
2216 2148 0.672039402523
2217 2149 0.754869332165
2218 2150 0.743378193254
2219 2151 0.662356008524
2220 2152 0.652837379442
2221 2153 0.726230984097
2222 2154 0.729932079075
2223 2155 0.746196993388
2224 2156 0.554566399546
2225 2157 0.511598809418
2226 2158 0.470957895383
2227 2159 0.33479330659
2228 2160 0.523761795021
2229 2161 0.509092396563
2230 2162 1.20746381219
2231 2163 0.459273801946
2232 2164 0.628829588082
2233 2165 1.99215156314
2234 2166 -0.566030027074
2235 2167 1.61906163002
2236 2168 0.936319625397
2237 2169 2.17896505477
2238 2170 1.92807531457
2239 2171 -0.311478223076
2240 2172 0.018751830719
2241 2173 0.113108926674
2242 2174 -1.13850583791
2243 2175 1.14548232215
2244 2176 0.405621764086
2245 2177 0.200133431378
2246 2178 0.519602660749
2247 2179 0.115289472673
2248 2180 0.939672187758
2249 2181 0.133408062205
2250 2182 0.869550242812
2251 2183 0.584859048429
2252 2184 0.194567492022
2253 2185 0.468710387281
2254 2186 -0.305897846454
2255 2187 0.701340056287
2256 2188 0.345594874829
2257 2189 0.34478342262
2258 2190 0.359992272026
2259 2191 -0.039616612294
2260 2192 0.233042612409
2261 2193 -0.292592833967
2262 2194 0.0926135822281
2263 2195 0.140551335962
2264 2196 0.0509889764651
2265 2197 0.248021198786
2266 2198 0.235133117285
2267 2199 0.255960482705
2268 2200 0.136203416714
2269 2201 0.267938991807
2270 2202 0.284250309495
2271 2203 0.337799191854
2272 2204 0.351493252579
2273 2205 0.407916885109
2274 2206 0.377271850585
2275 2207 0.285081604385
2276 2208 0.352526174539
2277 2209 -2.10254893123
