1198 4 0
0 1 -0.209782273412 1.36101405338 2.93181038018 -1.78057860021
1 0 -0.23705642523 1.33373990156 2.90453622836 -1.80785275203
2 0 0.783410551865 2.35420687866 -2.35818210172 -0.787385774929
3 4 -0.540053789932 1.03074253686 2.60153886366 -2.11085011673
4 3 -0.695431551108 0.875364775686 2.44616110248 -2.2662278779
5 3 0.0495588120091 1.6203551388 -3.09203384158 -1.52123751479
6 3 -0.449952650011 1.12084367678 2.69164000358 -2.02074897681
7 5 0.143596910372 1.71439323717 -2.99799574322 -1.42719941642
8 5 -0.096045581106 1.47475074569 3.04554707248 -1.6668419079
9 7 0.411199470065 1.98199579686 -2.73039318353 -1.15959685673
10 11 -0.129420481207 1.44137584559 3.01217217238 -1.700216808
11 10 -0.0442934425831 1.52650288421 3.09729921101 -1.61508976938
12 10 0.546425561403 2.1172218882 -2.59516709219 -1.02437076539
13 10 0.196262816299 1.76705914309 -2.94532983729 -1.3745335105
14 15 0.235884581775 1.80668090857 -2.90570807181 -1.33491174502
15 14 0.241440477359 1.81223680415 -2.90015217623 -1.32935584944
16 14 -0.240440729435 1.33035559736 2.90115192415 -1.81123705623
17 14 -0.647471350673 0.923324976122 2.49412130292 -2.21826767747
18 17 -0.781650342245 0.78914598455 2.35994231135 -2.35244666904
19 16 0.472019777222 2.04281610402 -2.66957287637 -1.09877654957
20 18 -0.486827340626 1.08396898617 2.65476531296 -2.05762366742
21 18 0.406879817802 1.9776761446 -2.73471283579 -1.16391650899
22 21 0.197538767823 1.76833509462 -2.94405388577 -1.37325755897
23 20 0.154061392872 1.72485771967 -2.98753126072 -1.41673493392
24 22 0.0442912865948 1.61508761339 -3.097301367 -1.5265050402
25 22 -0.155880860931 1.41491546586 2.98571179266 -1.72667718773
26 22 0.367168706801 1.9379650336 -2.77442394679 -1.20362761999
27 21 0.420389066192 1.99118539299 -2.7212035874 -1.1504072606
28 18 0.436682859957 2.00747918675 -2.70490979363 -1.13411346684
29 17 0.411922038477 1.98271836527 -2.72967061511 -1.15887428832
30 15 -0.324303436239 1.24649289056 2.81728921735 -1.89509976303
31 16 -0.453166274662 1.11763005213 2.68842637893 -2.02396260146
32 19 -0.45677853944 1.11401778735 2.68481411415 -2.02757486623
33 20 0.771797563209 2.34259389 -2.36979509038 -0.798998763586
34 1 -0.447484913726 1.12331141307 2.69410773986 -2.01828124052
35 34 -0.694513334918 0.876282991876 2.44707931867 -2.26530966171
36 0 0.163651733577 1.73444806037 -2.97794092001 -1.40714459322
37 35 0.356803805154 1.92760013195 -2.78478884844 -1.21399252164
38 35 -0.339688925519 1.23110740128 2.80190372807 -1.91048525231
39 37 0.473833116771 2.04462944357 -2.66775953682 -1.09696321002
40 39 0.25354933539 1.82434566218 -2.8880433182 -1.31724699141
41 37 -0.764522711378 0.806273615417 2.37706994221 -2.33531903817
42 0 -0.61514246437 0.955653862425 2.52645018922 -2.18593879116
43 23 0.329484966167 1.90028129296 -2.81210768742 -1.24131136063
44 14 -0.69487849016 0.875917836635 2.44671416343 -2.26567481695
45 25 0.149246826916 1.72004315371 -2.99234582667 -1.42154949988
46 10 -0.165798661155 1.40499766564 2.97579399243 -1.73659498795
47 10 0.664559557879 2.23535588467 -2.47703309571 -0.906236768916
48 11 -0.564227641493 1.0065686853 2.5773650121 -2.13502396829
49 12 -0.579820643688 0.990975683107 2.5617720099 -2.15061697048
50 0 -0.284874519062 1.28592180773 2.85671813453 -1.85567084586
51 52 -0.764539945521 0.806256381274 2.37705270807 -2.33533627232
52 51 0.7590442466 2.32984057339 -2.38254840699 -0.811752080195
53 51 0.587538884452 2.15833521125 -2.55405376914 -0.983257442343
54 51 0.534784866493 2.10558119329 -2.6068077871 -1.0360114603
55 51 0.505255587041 2.07605191384 -2.63633706655 -1.06554073975
56 51 0.444366463408 2.0151627902 -2.69722619018 -1.12642986339
57 2 -0.393318631212 1.17747769558 2.74827402238 -1.96411495801
58 0 -0.741523161139 0.829273165656 2.40006949245 -2.31231948793
59 60 0.0227568801187 1.59355320691 -3.11883577347 -1.54803944668
60 59 0.0120735354134 1.58286986221 -3.12951911818 -1.55872279138
61 59 0.736199265791 2.30699559259 -2.4053933878 -0.834597061004
62 63 0.522096610654 2.09289293745 -2.61949604294 -1.04869971614
63 62 0.588445476175 2.15924180297 -2.55314717741 -0.98235085062
64 62 -0.126578059259 1.44421826754 3.01501459433 -1.69737438605
65 62 0.109529815659 1.68032614245 -3.03206283793 -1.46126651114
66 67 -0.212690682345 1.35810564445 2.92890197124 -1.78348700914
67 66 -0.209913654357 1.36088267244 2.93167899923 -1.78070998115
68 66 -0.24313795359 1.32765837321 2.8984547 -1.81393428038
69 66 -0.337673861148 1.23312246565 2.80391879244 -1.90847018794
70 51 0.266841715238 1.83763804203 -2.87475093835 -1.30395461156
71 68 -0.624431936021 0.946364390774 2.51716071757 -2.19522826282
72 51 0.360178178921 1.93097450572 -2.78141447467 -1.21061814787
73 51 0.289870242651 1.86066656945 -2.85172241094 -1.28092608414
74 70 0.685961295626 2.25675762242 -2.45563135796 -0.884835031169
75 70 0.720691928432 2.29148825523 -2.42090072516 -0.850104398363
76 66 -0.0521522576587 1.51864406914 3.08944039593 -1.62294858445
77 10 0.29260179719 1.86339812398 -2.8489908564 -1.2781945296
78 77 0.114854865646 1.68565119244 -3.02673778794 -1.45594146115
79 77 -0.147221194953 1.42357513184 2.99437145864 -1.71801752175
80 81 -0.19177555394 1.37902077286 2.94981709965 -1.76257188073
81 80 -0.362324087547 1.20847223925 2.77926856604 -1.93312041434
82 80 0.680151109253 2.25094743605 -2.46144154434 -0.890645217541
83 59 -0.00655108465266 1.56424524214 3.13504156894 -1.57734741145
84 60 0.111118176442 1.68191450324 -3.03047447715 -1.45967815035
85 51 0.33050197175 1.90129829854 -2.81109068184 -1.24029435504
86 51 -0.305615830952 1.26518049584 2.83597682264 -1.87641215775
87 85 -0.0469451635876 1.52385116321 3.09464749 -1.61774149038
88 85 0.139840890829 1.71063721762 -3.00175176276 -1.43095543597
89 88 0.0885178455432 1.65931417234 -3.05307480805 -1.48227848125
90 87 0.3679364225 1.9387327493 -2.77365623109 -1.20285990429
91 89 0.457569348409 2.0283656752 -2.68402330518 -1.11322697839
92 90 0.655452394439 2.22624872123 -2.48614025915 -0.915343932356
93 91 0.0217505170943 1.59254684389 -3.1198421365 -1.5490458097
94 91 -0.450095139552 1.12070118724 2.69149751404 -2.02089146635
95 93 -0.659911611416 0.910884715379 2.48168104217 -2.23070793821
96 93 0.158580615466 1.72937694226 -2.98301203812 -1.41221571133
97 95 0.276281186677 1.84707751347 -2.86531146691 -1.29451514012
98 97 0.018915786631 1.58971211343 -3.12267686696 -1.55188054016
99 95 0.615161527921 2.18595785472 -2.52643112567 -0.955634798874
100 98 0.438159894166 2.00895622096 -2.70343275942 -1.13263643263
101 98 -0.177947130195 1.3928491966 2.96364552339 -1.74874345699
102 100 -0.749278534415 0.821517792379 2.39231411917 -2.32007486121
103 100 -0.140198251326 1.43059807547 3.00139440226 -1.71099457812
104 102 0.123619736656 1.69441606345 -3.01797291693 -1.44717659014
105 9 0.126584492705 1.6973808195 -3.01500816089 -1.44421183409
106 103 0.441594449579 2.01239077637 -2.69999820401 -1.12920187722
107 103 -0.137098230186 1.43369809661 3.0044944234 -1.70789455698
108 107 0.736688014737 2.30748434153 -2.40490463885 -0.834108312058
109 103 0.0526815902172 1.62347791701 -3.08891106337 -1.51811473658
110 99 -0.373562460798 1.197233866 2.76803019279 -1.94435878759
111 99 0.0305294081279 1.60132573492 -3.11106324546 -1.54026691867
112 96 -0.0863028375051 1.48449348929 3.05528981608 -1.6570991643
113 93 0.0544174296994 1.62521375649 -3.08717522389 -1.5163788971
114 89 0.466463930856 2.03726025765 -2.67512872273 -1.10433239594
115 88 0.119972701898 1.69076902869 -3.02161995169 -1.4508236249
116 51 -0.742965902149 0.827830424646 2.39862675144 -2.31376222894
117 110 0.467680163483 2.03847649028 -2.67391249011 -1.10311616331
118 109 0.528485531964 2.09928185876 -2.61310712163 -1.04231079483
119 108 0.431025004425 2.00182133122 -2.71056764916 -1.13977132237
120 108 -0.537310177696 1.0334861491 2.60428247589 -2.10810650449
121 119 -0.0259521197449 1.54484420705 3.11564053384 -1.59674844654
122 118 -0.108790484129 1.46200584267 3.03280216946 -1.67958681092
123 117 0.00142839594809 1.57222472274 -3.14016425764 -1.56936793085
124 112 -0.0574357081721 1.51336061862 3.08415694542 -1.62823203497
125 113 -0.527938301633 1.04285802516 2.61365435196 -2.09873462843
126 112 -0.506621531344 1.06417479545 2.63497112225 -2.07741785814
127 114 -0.35566977332 1.21512655348 2.78592288027 -1.92646610011
128 74 -0.182181745064 1.38861458173 2.95941090853 -1.75297807186
129 74 0.64044856846 2.21124489526 -2.50114408513 -0.930347758335
130 124 0.479298040593 2.05009436739 -2.662294613 -1.0914982862
131 123 0.61516194494 2.18595827174 -2.52643070865 -0.955634381855
132 122 0.6881973571 2.25899368389 -2.45339529649 -0.882598969695
133 121 0.585179292535 2.15597561933 -2.55641336106 -0.98561703426
134 75 -0.761865895822 0.808930430973 2.37972675777 -2.33266222262
135 131 -0.138204728382 1.43259159841 3.00338792521 -1.70900105518
136 132 0.0759321018634 1.64672842866 -3.06566055173 -1.49486422493
137 133 -0.00118301097175 1.56961331582 3.14040964262 -1.57197933777
138 66 0.363614052239 1.93441037903 -2.77797860135 -1.20718227456
139 66 -0.167682253627 1.40311407317 2.97391039996 -1.73847858042
140 134 0.688396653602 2.2591929804 -2.45319599999 -0.882399673193
141 138 -0.19608733703 1.37470898976 2.94550531656 -1.76688366383
142 138 0.634626951686 2.20542327848 -2.5069657019 -0.936169375109
143 141 -0.309137307663 1.26165901913 2.83245534593 -1.87993363446
144 140 -0.670280758631 0.900515568164 2.47131189496 -2.24107708543
145 135 0.632857663515 2.20365399031 -2.50873499007 -0.93793866328
146 136 0.761258120887 2.33205444768 -2.3803345327 -0.809538205908
147 144 -0.194747760837 1.37604856596 2.94684489275 -1.76554408763
148 143 -0.176550693331 1.39424563346 2.96504196026 -1.74734702013
149 148 0.7110067713 2.28180309809 -2.43058588229 -0.859789555495
150 148 -0.158792680582 1.41200364621 2.98279997301 -1.72958900738
151 147 -0.728830208038 0.841966118757 2.41276244555 -2.29962653483
152 146 0.755925737087 2.32672206388 -2.3856669165 -0.814870589707
153 137 0.581000662893 2.15179698969 -2.5605919907 -0.989795663902
154 137 -0.163986102237 1.40681022456 2.97760655135 -1.73478242903
155 154 -0.230326428005 1.34046989879 2.91126622558 -1.8011227548
156 153 -0.263887762607 1.30690856419 2.87770489098 -1.8346840894
157 152 -0.247690588674 1.32310573812 2.89390206492 -1.81848691547
158 149 0.352256588914 1.92305291571 -2.78933606468 -1.21853973788
159 160 -0.584369254592 0.986427072203 2.557223399 -2.15516558139
160 149 -0.266686280522 1.30411004627 2.87490637307 -1.83748260732
161 158 -0.753972831173 0.816823495622 2.38761982242 -2.32476915797
162 157 -0.720828056164 0.849968270631 2.42076459743 -2.29162438296
163 156 -0.742691310685 0.82810501611 2.3989013429 -2.31348763748
164 155 0.702533362714 2.27332968951 -2.43905929088 -0.868262964081
165 155 -0.19465224908 1.37614407771 2.94694040451 -1.76544857588
166 163 -0.238834688283 1.33196163851 2.90275796531 -1.80963101508
167 162 -0.206512441677 1.36428388512 2.93508021191 -1.77730876847
168 159 0.670560325676 2.24135665247 -2.47103232791 -0.900236001119
169 61 0.764005868189 2.33480219498 -2.3775867854 -0.806790458606
170 166 0.413106003115 1.98390232991 -2.72848665047 -1.15769032368
171 59 0.694266875482 2.26506320228 -2.44732577811 -0.876529451313
172 59 -0.0564140633844 1.51438226341 3.08517859021 -1.62721039018
173 59 0.166796547872 1.73759287467 -2.97479610572 -1.40399977892
174 166 -0.674200894663 0.896595432132 2.46739175893 -2.24499722146
175 166 -0.0703823610971 1.5004139657 3.07121029249 -1.64117868789
176 164 -0.0399695315051 1.53082679529 3.10162312208 -1.6107658583
177 165 -0.105316375614 1.46547995118 3.03627627798 -1.67611270241
178 176 0.194892427407 1.7656887542 -2.94670022618 -1.37590389939
179 175 0.0839378784888 1.65473420528 -3.0576547751 -1.48685844831
180 174 -0.195011702216 1.37578462458 2.94658095137 -1.76580802901
181 59 -0.613515657392 0.957280669403 2.5280769962 -2.18431198419
182 83 0.291779302754 1.86257562955 -2.84981335084 -1.27901702404
183 180 -0.578654173816 0.992142152979 2.56293847977 -2.14945050061
184 179 -0.774697060177 0.796099266618 2.36689559341 -2.34549338697
185 178 0.76518828815 2.33598461494 -2.37640436544 -0.805608038645
186 178 0.113223953987 1.68402028078 -3.0283686996 -1.45757237281
187 177 -0.0633997714369 1.50739655536 3.07819288215 -1.63419609823
188 186 -0.12927963437 1.44151669242 3.01231301922 -1.70007596116
189 190 -0.300342179627 1.27045414717 2.84125047396 -1.87113850642
190 189 -0.166210987328 1.40458533947 2.97538166626 -1.73700731412
191 189 -0.759644000358 0.811152326437 2.38194865323 -2.33044032715
192 189 0.461654271342 2.03245059814 -2.67993838225 -1.10914205545
193 190 0.59159767332 2.16239400011 -2.54999498027 -0.979198653475
194 190 0.597849065936 2.16864539273 -2.54374358765 -0.972947260859
195 193 0.645522420117 2.21631874691 -2.49607023347 -0.925273906678
196 3 0.566577364528 2.13737369132 -2.57501528906 -1.00421896227
197 3 -0.355869100648 1.21492722615 2.78572355294 -1.92666542744
198 186 0.595889924803 2.1666862516 -2.54570272879 -0.974906401991
199 185 0.421912731294 1.99270905809 -2.7196799223 -1.1488835955
200 184 0.430612547213 2.00140887401 -2.71098010638 -1.14018377958
201 182 -0.618479406353 0.952316920441 2.52311324724 -2.18927573315
202 203 -0.0856055938439 1.48519073295 3.05598705975 -1.65640192064
203 182 0.27512677817 1.84592310497 -2.86646587542 -1.29566954862
204 202 -0.445190317371 1.12560600942 2.69640233622 -2.01598664417
205 202 0.365739839192 1.93653616599 -2.7758528144 -1.2050564876
206 200 -0.0764284186461 1.49436790815 3.06516423494 -1.64722474544
207 199 -0.120208156747 1.45058817005 3.02138449684 -1.69100448354
208 194 -0.663804218818 0.906992107977 2.47778843477 -2.23460054561
209 194 -0.127538013089 1.44325831371 3.0140546405 -1.69833433988
210 190 -0.485725987695 1.0850703391 2.65586666589 -2.05652231449
211 206 0.39572060757 1.96651693437 -2.74587204602 -1.17507571922
212 204 0.438289878278 2.00908620507 -2.70330277531 -1.13250644852
213 212 0.20641650372 1.77721283052 -2.93517614987 -1.36437982307
214 212 -0.267198555982 1.30359777081 2.87439409761 -1.83799488278
215 211 -0.115499056971 1.45529726982 3.02609359662 -1.68629538377
216 205 0.359457527004 1.9302538538 -2.78213512659 -1.21133879979
217 192 0.39414088804 1.96493721483 -2.74745176555 -1.17665543876
218 189 0.491199595253 2.06199592205 -2.65039305834 -1.07959673154
219 215 -0.0607521366363 1.51004419016 3.08084051695 -1.63154846343
220 213 0.576984190047 2.14778051684 -2.56460846354 -0.993812136748
221 215 0.592320683436 2.16311701023 -2.54927197015 -0.978475643359
222 219 0.484447375843 2.05524370264 -2.65714527775 -1.08634895095
223 218 -0.0956003780262 1.47519594877 3.04599227556 -1.66639670482
224 189 -0.466544041628 1.10425228517 2.67504861196 -2.03734036842
225 191 0.366842968352 1.93763929515 -2.77474968524 -1.20395335844
226 190 -0.145257379759 1.42553894704 2.99633527383 -1.71605370655
227 225 -0.638731292638 0.932065034157 2.50286136095 -2.20952761943
228 225 -0.480405597575 1.09039072922 2.66118705602 -2.05120192437
229 225 -0.0559648629625 1.51483146383 3.08562779063 -1.62676118976
230 189 0.298726566609 1.8695228934 -2.84286608698 -1.27206976019
231 223 -0.111782371454 1.45901395534 3.02981028214 -1.68257869825
232 223 0.623115566305 2.1939118931 -2.51847708728 -0.94768076049
233 231 0.0991864875949 1.66998281439 -3.04240616599 -1.4716098392
234 229 0.133413727156 1.70421005395 -3.00817892643 -1.43738259964
235 228 0.319066567588 1.88986289438 -2.822526086 -1.25172975921
236 228 -0.4777497442 1.09304658259 2.66384290939 -2.048546071
237 236 -0.235239909884 1.33555641691 2.90635274371 -1.80603623668
238 237 -0.0294301918667 1.54136613493 3.11216246172 -1.60022651866
239 236 0.126640381831 1.69743670863 -3.01495227176 -1.44415594496
240 235 0.16941431271 1.7402106395 -2.97217834088 -1.40138201409
241 233 0.5534159376 2.1242122644 -2.58817671599 -1.01738038919
242 240 -0.600483189507 0.970313137288 2.54110946408 -2.1712795163
243 239 -0.721342320827 0.849454005968 2.42025033276 -2.29213864762
244 238 -0.723994613257 0.846801713538 2.41759804033 -2.29479094005
245 238 0.0495787195367 1.62037504633 -3.09201393405 -1.52121760726
246 244 0.297188333344 1.86798466014 -2.84440432025 -1.27360799345
247 243 0.379127309936 1.94992363673 -2.76246534365 -1.19166901686
248 8 0.141782504355 1.71257883115 -2.99981014923 -1.42901382244
249 4 -0.324565296988 1.24623102981 2.8170273566 -1.89536162378
250 242 0.44163260695 2.01242893374 -2.69996004664 -1.12916371985
251 4 0.449510595203 2.020306922 -2.69208205839 -1.12128573159
252 242 -0.293284591979 1.27751173482 2.84830806161 -1.86408091877
253 8 -0.462694475316 1.10810185148 2.67889817827 -2.03349080211
254 245 0.429636892992 2.00043321979 -2.7119557606 -1.1411594338
255 253 0.172078818766 1.74287514556 -2.96951383482 -1.39871750803
256 3 -0.711843234579 0.858953092216 2.42974941901 -2.28263956137
257 9 0.207735498204 1.778531825 -2.93385715539 -1.36306082859
258 106 -0.151446813862 1.41934951293 2.99014583973 -1.72224314066
259 121 -0.198739101673 1.37205722512 2.94285355192 -1.76953542847
260 121 0.720214121677 2.29101044847 -2.42137853191 -0.850582205118
261 121 -0.413863486365 1.15693284043 2.72772916722 -1.98465981316
262 261 -0.309699934085 1.26109639271 2.8318927195 -1.88049626088
263 262 -0.589714059906 0.981082266889 2.55187859368 -2.1605103867
264 155 0.351935241021 1.92273156782 -2.78965741257 -1.21886108577
265 165 0.413469141113 1.98426546791 -2.72812351248 -1.15732718568
266 187 0.426714000422 1.99751032722 -2.71487865317 -1.14408232637
267 187 -0.180976119706 1.38982020709 2.96061653388 -1.7517724465
268 188 0.199860913414 1.77065724021 -2.94173174018 -1.37093541338
269 195 -0.215060865564 1.35573546123 2.92653178803 -1.78585719236
270 195 0.320322935175 1.89111926197 -2.82126971841 -1.25047339162
271 193 0.754834004165 2.32563033096 -2.38675864943 -0.81596232263
272 226 0.272800550465 1.84359687726 -2.86879210312 -1.29799577633
273 227 -0.562391192073 1.00840513472 2.57920146152 -2.13318751887
274 237 -0.136470599283 1.43432572751 3.00512205431 -1.70726692608
275 237 0.389102299277 1.95989862607 -2.75249035431 -1.18169402752
276 238 -0.604622608045 0.96617371875 2.53697004554 -2.17541893484
277 245 -0.731407276376 0.839389050419 2.41018537721 -2.30220360317
278 255 0.34648891814 1.91728524493 -2.79510373545 -1.22430740865
279 276 -0.585411263654 0.985385063141 2.55618138994 -2.15620759045
280 275 -0.407786604447 1.16300972235 2.73380604914 -1.97858293124
281 279 -0.609096201981 0.961700124814 2.53249645161 -2.17989252878
282 279 -0.156299938919 1.41449638788 2.98529271467 -1.72709626571
283 277 -0.272072783128 1.29872354367 2.86951987046 -1.84286910992
284 120 -0.472833877454 1.09796244934 2.66875877614 -2.04363020425
285 261 0.539207365627 2.11000369242 -2.60238528796 -1.03158896117
286 263 0.72862903128 2.29942535807 -2.41296362231 -0.842167295515
287 263 -0.422394949026 1.14840137777 2.71919770456 -1.99319127582
288 187 -0.715825952184 0.854970374611 2.42576670141 -2.28662227898
289 267 -0.695397335234 0.875398991561 2.44619531836 -2.26619366203
290 269 0.00815421869287 1.57895054549 -3.1334384349 -1.5626421081
291 269 -0.445712197182 1.12508412961 2.69588045641 -2.01650852398
292 270 -0.273781551952 1.29701477484 2.86781110164 -1.84457787875
293 272 -0.486704539145 1.08409178765 2.65488811444 -2.05750086594
294 107 0.634547906065 2.20534423286 -2.50704474752 -0.936248420729
295 284 0.53851300247 2.10930932926 -2.60307965112 -1.03228332433
296 285 0.585692881234 2.15648920803 -2.55589977236 -0.985103445561
297 286 -0.270274696042 1.30052163075 2.87131795755 -1.84107102284
298 286 -0.538517136197 1.0322791906 2.60307551739 -2.10931346299
299 289 -0.370583058422 1.20021326837 2.77100959517 -1.94137938522
300 281 0.122982192521 1.69377851932 -3.01861046107 -1.44781413427
301 256 -0.573466349615 0.997329977179 2.56812630397 -2.14426267641
302 3 -0.23350832808 1.33728799871 2.90808432551 -1.80430465487
303 301 -0.186963452471 1.38383287432 2.95462920112 -1.75775977927
304 197 0.593874907188 2.16467123398 -2.5477177464 -0.976921419607
305 197 -0.394882062738 1.17591426406 2.74671059085 -1.96567838953
306 7 0.0113119541929 1.58210828099 -3.1302806994 -1.5594843726
307 196 -0.25537478494 1.31542154185 2.88621786865 -1.82617111173
308 107 0.0957039628134 1.66650028961 -3.04588869078 -1.47509236398
309 278 -0.302016018565 1.26878030823 2.83957663503 -1.87281234536
310 282 0.700604569126 2.27140089592 -2.44098808446 -0.870191757669
311 281 0.586458014917 2.15725434171 -2.55513463867 -0.984338311877
312 67 0.108380470761 1.67917679756 -3.03321218283 -1.46241585603
313 69 0.386811330198 1.95760765699 -2.75478132339 -1.1839849966
314 142 -0.403339779346 1.16745654745 2.73825287424 -1.97413610614
315 312 0.205022857094 1.77581918389 -2.9365697965 -1.3657734697
316 142 0.436072602052 2.00686892885 -2.70552005154 -1.13472372474
317 315 -0.498476090166 1.07232023663 2.64311656342 -2.06927241696
318 150 -0.301778899747 1.26901742705 2.83981375384 -1.87257522654
319 141 0.512596739392 2.08339306619 -2.6289959142 -1.0581995874
320 149 -0.13915290793 1.43164341887 3.00243974566 -1.70994923472
321 150 0.494125083721 2.06492141052 -2.64746756987 -1.07667124307
322 321 0.369042938182 1.93983926498 -2.77254971541 -1.20175338861
323 321 -0.321219347732 1.24957697906 2.82037330586 -1.89201567453
324 321 -0.471549463744 1.09924686305 2.67004318985 -2.04234579054
325 159 0.267573591705 1.8383699185 -2.87401906188 -1.30322273509
326 159 -0.171619700476 1.39917662632 2.96997295311 -1.74241602727
327 324 0.0130290066929 1.58382533349 -3.1285636469 -1.5577673201
328 322 0.634565766877 2.20536209367 -2.50702688671 -0.936230559918
329 322 -0.525003202364 1.04579312443 2.61658945123 -2.09579952916
330 328 0.458547011598 2.02934333839 -2.68304564199 -1.1122493152
331 328 0.671242884501 2.2420392113 -2.47034976909 -0.899553442294
332 327 -0.748135565883 0.822660760912 2.39345708771 -2.31893189268
333 326 0.742481466482 2.31327779328 -2.39911118711 -0.828314860312
334 61 -0.016737370839 1.55405895596 3.12485528275 -1.58753369763
335 61 0.170394300294 1.74119062709 -2.9711983533 -1.4004020265
336 332 -0.299150496417 1.27164583038 2.84244215717 -1.86994682321
337 331 -0.290654954933 1.28014137186 2.85093769866 -1.86145128173
338 329 -0.510185511692 1.0606108151 2.6314071419 -2.08098183849
339 330 -0.261913718303 1.30888260849 2.87967893529 -1.8327100451
340 338 -0.26761633305 1.30317999374 2.87397632054 -1.83841265984
341 339 -0.184703882231 1.38609244456 2.95688877136 -1.75550020903
342 336 0.44617469515 2.01697102194 -2.69541795844 -1.12462163165
343 335 0.641366313776 2.21216264057 -2.50022633981 -0.929430013019
344 60 0.133187357007 1.7039836838 -3.00840529658 -1.43760896979
345 60 -0.762568782359 0.808227544436 2.37902387123 -2.33336510915
346 343 0.0540763345762 1.62487266137 -3.08751631901 -1.51671999222
347 342 0.0334589363131 1.60425526311 -3.10813371728 -1.53733739048
348 339 0.53298734561 2.10378367241 -2.60860530798 -1.03780898118
349 341 -0.14868394294 1.42211238385 2.99290871065 -1.71948026974
350 348 0.0558669935295 1.62666332032 -3.08572566006 -1.51492933327
351 347 -0.664533412265 0.90626291453 2.47705924132 -2.23532973906
352 346 -0.739403645117 0.831392681678 2.40218900847 -2.31019997191
353 345 0.651920687506 2.2227170143 -2.48967196608 -0.918875639289
354 84 -0.66019840835 0.910597918445 2.48139424524 -2.23099473514
355 83 -0.42467086248 1.14612546432 2.71692179111 -1.99546718927
356 182 -0.287825660852 1.28297066594 2.85376699274 -1.85862198765
357 354 0.188538142413 1.75933446921 -2.95305451118 -1.38225818438
358 353 0.0975735041226 1.66836983092 -3.04401914947 -1.47322282267
359 352 0.0679204562344 1.63871678303 -3.07367219736 -1.50287587056
360 349 -0.651794942211 0.919001384584 2.48979771138 -2.22259126901
361 351 0.190798804392 1.76159513119 -2.9507938492 -1.3799975224
362 360 0.0707052966533 1.64150162345 -3.07088735694 -1.50009103014
363 98 -0.623771065313 0.947025261482 2.51782158828 -2.19456739211
364 97 -0.74648233222 0.824313994575 2.39511032137 -2.31727865901
365 95 -0.560588687398 1.0102076394 2.58100396619 -2.13138501419
366 94 -0.743924738752 0.826871588043 2.39766791484 -2.31472106555
367 92 -0.533581737943 1.03721458885 2.60801091565 -2.10437806474
368 90 -0.0276901765101 1.54310615028 3.11390247708 -1.5984865033
369 87 -0.0155427498468 1.55525357695 3.12604990374 -1.58633907664
370 86 -0.0157861505681 1.55501017623 3.12580650302 -1.58658247736
371 55 0.618893122332 2.18968944913 -2.52269953126 -0.951903204463
372 54 0.765842123351 2.33663845015 -2.37575053024 -0.804954203444
373 370 0.502081786306 2.0728781131 -2.63951086728 -1.06871454049
374 369 0.635307728036 2.20610405483 -2.50628492555 -0.935488598759
375 368 0.315205082606 1.8860014094 -2.82638757098 -1.25559124419
376 367 0.322064756302 1.8928610831 -2.81952789729 -1.24873157049
377 366 0.141243355725 1.71203968252 -3.00034929786 -1.42955297107
378 365 0.0537522489404 1.62454857574 -3.08784040465 -1.51704407785
379 364 -0.00176633304092 1.56902999375 3.13982632055 -1.57256265984
380 101 -0.695269038199 0.875527288596 2.44632361539 -2.26606536499
381 363 0.00843363216596 1.57922995896 -3.13315902142 -1.56236269463
382 380 -0.110884442886 1.45991188391 3.0307082107 -1.68168076968
383 102 -0.674986857407 0.895809469388 2.46660579618 -2.2457831842
384 304 0.334472042668 1.90526836946 -2.80712061092 -1.23632428413
385 374 -0.0574425290935 1.5133537977 3.0841501245 -1.62823885589
386 373 0.459147906633 2.02994423343 -2.68244474696 -1.11164842016
387 372 0.30223455034 1.87303087713 -2.83935810325 -1.26856177646
388 53 -0.566498745892 1.0042975809 2.5750939077 -2.13729507269
389 52 -0.448604098486 1.12219222831 2.6929885551 -2.01940042528
390 387 -0.409871881552 1.16092444524 2.73172077204 -1.98066820835
391 386 -0.404369598224 1.16642672857 2.73722305537 -1.97516592502
392 385 -0.239634721288 1.33116160551 2.9019579323 -1.81043104808
393 375 -0.103042338061 1.46775398873 3.03855031553 -1.67383866486
394 392 -0.442452479716 1.12834384708 2.69914017387 -2.01324880651
395 379 -0.58170385472 0.989092472075 2.55988879887 -2.15250018151
396 378 -0.618003101751 0.952793225044 2.52358955184 -2.18879942855
397 395 -0.0713877987399 1.49940852805 3.07020485485 -1.64218412553
398 397 0.626880300781 2.19767662758 -2.51471235281 -0.943916026013
399 377 -0.322746913461 1.24804941333 2.81884574013 -1.89354324026
400 393 0.754136262217 2.32493258901 -2.38745639137 -0.816660064578
401 376 -0.58120863329 0.989587693505 2.5603840203 -2.15200496008
402 381 -0.693184645994 0.877611680801 2.4484080076 -2.26398097279
403 402 -0.469524525452 1.10127180134 2.67206812814 -2.04032085225
404 384 -0.161621624526 1.40917470227 2.97997102906 -1.73241795132
405 402 0.40057665914 1.97137298593 -2.74101599445 -1.17021966766
406 395 0.545325303518 2.11612163031 -2.59626735007 -1.02547102328
407 398 0.122891528339 1.69368785513 -3.01870112525 -1.44790479846
408 398 0.555568170646 2.12636449744 -2.58602448294 -1.01522815615
409 407 0.739754516704 2.3105508435 -2.40183813689 -0.83104181009
410 405 0.157133591761 1.72792991856 -2.98445906183 -1.41366273503
411 403 0.476709986071 2.04750631287 -2.66488266752 -1.09408634072
412 50 -0.49244581913 1.07835050767 2.64914683446 -2.06324214592
413 403 0.427640369222 1.99843669602 -2.71395228437 -1.14315595757
414 304 -0.00800292430743 1.56279340249 3.13358972928 -1.5787992511
415 202 -0.385119324876 1.18567700192 2.75647332871 -1.95591565167
416 356 -0.149315427246 1.42148089955 2.99227722634 -1.72011175404
417 357 -0.406398706394 1.1643976204 2.7351939472 -1.97719503319
418 358 -0.188172040557 1.38262428624 2.95342061303 -1.75896836735
419 359 -0.172800719368 1.39799560743 2.96879193422 -1.74359704616
420 361 -0.648269807336 0.922526519459 2.49332284625 -2.21906613413
421 419 0.0526832403667 1.62347956716 -3.08890941322 -1.51811308643
422 205 -0.0796816626208 1.49111466417 3.06191099097 -1.65047798942
423 415 0.0200613697618 1.59085769656 -3.12153128383 -1.55073495703
424 416 -0.355946015399 1.2148503114 2.78564663819 -1.92674234219
425 417 -0.125353097472 1.44544322932 3.01623955612 -1.69614942427
426 418 -0.150483691982 1.42031263481 2.99110896161 -1.72128001878
427 421 0.231866735536 1.80266306233 -2.90972591805 -1.33892959126
428 65 0.718634013156 2.28943033995 -2.42295864043 -0.852162313639
429 424 -0.197077096208 1.37371923059 2.94451555738 -1.767873423
430 423 -0.317671887932 1.25312443886 2.82392076566 -1.88846821473
431 422 -0.0187601629021 1.55203616389 3.12283249069 -1.5895564897
432 214 -0.0626721638013 1.50812416299 3.07892048979 -1.6334684906
433 219 -0.638532508622 0.932263818173 2.50306014497 -2.20932883542
434 431 0.456052225588 2.02684855238 -2.685540428 -1.11474410121
435 430 0.395578704348 1.96637503114 -2.74601394924 -1.17521762245
436 429 0.329888376541 1.90068470334 -2.81170427705 -1.24090795025
437 62 0.399483288803 1.9702796156 -2.74210936479 -1.17131303799
438 62 0.101693951542 1.67249027834 -3.03989870205 -1.46910237525
439 435 0.749510120396 2.32030644719 -2.39208253319 -0.821286206399
440 434 -0.497854462406 1.07294186439 2.64373819118 -2.0686507892
441 433 -0.316324861474 1.25447146532 2.82526779212 -1.88712118827
442 219 -0.402258235 1.16853809179 2.73933441859 -1.9730545618
443 222 -0.47310205157 1.09769427522 2.66849060202 -2.04389837836
444 221 -0.0223388757711 1.54845745102 3.11925377782 -1.59313520257
445 441 -0.528245911735 1.04255041506 2.61334674185 -2.09904223853
446 440 -0.510928220586 1.05986810621 2.630664433 -2.08172454738
447 439 0.01178296094 1.58257928773 -3.12980969265 -1.55901336585
448 62 -0.441653536567 1.12914279023 2.69993911702 -2.01244986336
449 63 0.667808602195 2.23860492899 -2.4737840514 -0.9029877246
450 62 0.222666204899 1.79346253169 -2.91892644869 -1.3481301219
451 447 0.661516076613 2.23231240341 -2.48007657698 -0.909280250182
452 446 0.375423088495 1.94621941529 -2.76616956509 -1.1953732383
453 445 0.231047058272 1.80184338507 -2.91054559532 -1.33974926852
454 443 0.342606194912 1.91340252171 -2.79898645868 -1.22819013188
455 443 -0.674776918285 0.89601940851 2.4668157353 -2.24557324508
456 223 -0.0386971140776 1.53209921272 3.10289553951 -1.60949344087
457 232 0.429085812223 1.99988213902 -2.71250684137 -1.14171051457
458 455 -0.624175028949 0.946621297845 2.51741762464 -2.19497135574
459 454 -0.508151711871 1.06264461492 2.63344094172 -2.07894803867
460 453 -0.480616510456 1.09017981634 2.66097614313 -2.05141283725
461 452 -0.368669632581 1.20212669421 2.77292302101 -1.93946595938
462 449 0.641771440896 2.21256776769 -2.49982121269 -0.929024885898
463 462 -0.653975857307 0.916820469488 2.48761679628 -2.2247721841
464 63 0.209303837504 1.7801001643 -2.93228881609 -1.36149248929
465 461 -0.706381504329 0.864414822466 2.43521114926 -2.27717783112
466 460 0.701647270487 2.27244359728 -2.4399453831 -0.869149056308
467 459 0.57658691444 2.14738324124 -2.56500573915 -0.994209412354
468 457 -0.037610733366 1.53318559343 3.10398192022 -1.60840706016
469 46 -0.369289920248 1.20150640655 2.77230273334 -1.94008624704
470 13 0.193142495727 1.76393882252 -2.94845015786 -1.37765383107
471 13 0.574443978487 2.14524030528 -2.5671486751 -0.996352348308
472 12 0.168742191058 1.73953851785 -2.97285046253 -1.40205413574
473 12 0.099045818982 1.66984214578 -3.04254683461 -1.47175050781
474 12 0.693263015991 2.26405934279 -2.4483296376 -0.877533310804
475 467 -0.187998236088 1.38279809071 2.9535944175 -1.75879456288
476 466 -0.262398136328 1.30839819047 2.87919451726 -1.83319446312
477 463 0.488211030333 2.05900735713 -2.65338162326 -1.08258529646
478 463 -0.143887569486 1.42690875731 2.9977050841 -1.71468389628
479 476 0.645720786218 2.21651711301 -2.49587186737 -0.925075540577
480 475 0.36454132823 1.93533765502 -2.77705132536 -1.20625499857
481 78 -0.148219665605 1.42257666119 2.99337298798 -1.7190159924
482 479 -0.216373817223 1.35442250957 2.92521883637 -1.78717014402
483 57 -0.361148676183 1.20964765061 2.78044397741 -1.93194500298
484 482 -0.0522202521636 1.51857607463 3.08937240143 -1.62301657896
485 10 0.553023915155 2.12382024195 -2.58856873843 -1.01777241164
486 10 -0.639392753468 0.931403573327 2.50219990012 -2.21018908026
487 79 -0.0218158737897 1.54898045301 3.1197767798 -1.59261220058
488 77 -0.42712629862 1.14367002817 2.71446635497 -1.99792262542
489 50 -0.449694165811 1.12110216098 2.69189848778 -2.02049049261
490 50 0.176806259132 1.74760258593 -2.96478639446 -1.39399006766
491 412 -0.754648504484 0.816147822311 2.38694414911 -2.32544483128
492 414 -0.727358374454 0.843437952341 2.41423427914 -2.29815470125
493 301 -0.394026473149 1.17676985365 2.74756618044 -1.96482279994
494 495 0.414784936587 1.98558126338 -2.726807717 -1.15601139021
495 494 0.419765076387 1.99056140318 -2.7218275772 -1.15103125041
496 494 -0.766509318492 0.804287008303 2.3750833351 -2.33730564529
497 494 0.314066427577 1.88486275437 -2.82752622601 -1.25672989922
498 497 0.0577553349781 1.62855166177 -3.08383731861 -1.51304099182
499 496 0.110851547977 1.68164787477 -3.03074110561 -1.45994477882
500 498 0.649229499954 2.22002582675 -2.49236315364 -0.921566826841
501 498 -0.153451013588 1.41734531321 2.98814164 -1.72424734038
502 503 -0.530805171191 1.0399911556 2.6107874824 -2.10160149799
503 502 -0.555711843487 1.01508448331 2.5858808101 -2.12650817028
504 502 0.204385944281 1.77518227108 -2.93720670931 -1.36641038251
505 503 0.286612605817 1.85740893261 -2.85498004777 -1.28418372098
506 503 -0.387173206027 1.18362312077 2.75441944756 -1.95796953282
507 502 0.407505723032 1.97830204983 -2.73408693056 -1.16329060376
508 507 -0.299940959743 1.27085536705 2.84165169385 -1.87073728654
509 507 0.224448353651 1.79524468045 -2.91714429994 -1.34634797314
510 502 0.186873864493 1.75767019129 -2.9547187891 -1.3839224623
511 508 0.0570291289357 1.62782545573 -3.08456352465 -1.51376719786
512 511 0.209328710154 1.78012503695 -2.93226394344 -1.36146761664
513 508 -0.743090892801 0.827705433993 2.39850176079 -2.3138872196
514 512 0.0294367498166 1.60023307661 -3.11215590377 -1.54135957698
515 514 -0.109967687844 1.46082863895 3.03162496575 -1.68076401464
516 513 0.0414521178602 1.61224844466 -3.10014053573 -1.52934420893
517 516 0.209340674658 1.78013700145 -2.93225197893 -1.36145565214
518 515 -0.113224778704 1.45757154809 3.02836787489 -1.6840211055
519 51 -0.724660177323 0.846136149472 2.41693247627 -2.29545650412
520 51 0.783034546026 2.35383087282 -2.35855810756 -0.787761780769
521 517 0.413555234794 1.98435156159 -2.7280374188 -1.157241092
522 516 0.342367482286 1.91316380908 -2.7992251713 -1.22842884451
523 509 -0.700187572513 0.870608754282 2.44140508108 -2.27098389931
524 509 0.308906779523 1.87970310632 -2.83268587407 -1.26188954727
525 507 0.40701640262 1.97781272941 -2.73457625097 -1.16377992417
526 507 0.0477278675273 1.61852419432 -3.09386478606 -1.52306845927
527 506 0.444474433912 2.01527076071 -2.69711821968 -1.12632189288
528 527 0.465050157803 2.0358464846 -2.67654249579 -1.10574616899
529 506 -0.420208841417 1.15058748538 2.72138381217 -1.99100516821
530 527 -0.551565650399 1.0192306764 2.59002700319 -2.12236197719
531 526 0.652653989248 2.22345031604 -2.48893866434 -0.918142337547
532 525 -0.572191261365 0.99860506543 2.56940139222 -2.14298758816
533 524 -0.4817721732 1.08902415359 2.65982048039 -2.0525685
534 523 -0.42410494337 1.14669138343 2.71748771022 -1.99490127016
535 522 -0.271159609258 1.29963671754 2.87043304433 -1.84195593605
536 521 -0.296523968128 1.27427235867 2.84506868546 -1.86732029492
537 521 0.477687309601 2.0484836364 -2.66390534399 -1.09310901719
538 51 0.715694107368 2.28649043416 -2.42589854622 -0.855102219427
539 51 0.636300634142 2.20709696094 -2.50529201945 -0.934495692652
540 537 0.637093845546 2.20789017234 -2.50449880804 -0.933702481249
541 536 0.499064167447 2.06986049424 -2.64252848614 -1.07173215935
542 535 0.417314507471 1.98811083427 -2.72427814612 -1.15348181932
543 534 0.289622200069 1.86041852686 -2.85197045352 -1.28117412673
544 494 0.176652134617 1.74744846141 -2.96494051897 -1.39414419218
545 497 0.0508644237978 1.62166075059 -3.09072822979 -1.519931903
546 498 -0.190578047831 1.38021827896 2.95101460576 -1.76137437463
547 501 -0.233625799083 1.33717052771 2.90796685451 -1.80442212588
548 501 -0.216095260907 1.35470106589 2.92549739268 -1.7868915877
549 528 -0.212754314914 1.35804201188 2.92883833868 -1.78355064171
550 494 0.520350119555 2.09114644635 -2.62124253404 -1.05044620724
551 542 0.662767384359 2.23356371115 -2.47882526923 -0.908028942436
552 540 0.736742710703 2.3075390375 -2.40484994289 -0.834053616092
553 540 -0.136137194303 1.43465913249 3.00545545929 -1.7069335211
554 494 0.00441711507614 1.57521344187 -3.13717553851 -1.56637921172
555 495 0.622941635748 2.19373796254 -2.51865101784 -0.947854691047
556 496 0.639288835589 2.21008516238 -2.502303818 -0.931507491206
557 500 -0.184293940958 1.38650238584 2.95729871263 -1.75509026775
558 499 0.573898713904 2.1446950407 -2.56769393969 -0.99689761289
559 557 -0.262200678906 1.30859564789 2.87939197468 -1.8329970057
560 561 0.473201942845 2.04399826964 -2.66839071074 -1.09759438395
561 548 -0.380774910981 1.19002141581 2.76081774261 -1.95157123778
562 557 -0.286971180337 1.28382514646 2.85462147325 -1.85776750713
563 548 0.445815201153 2.01661152795 -2.69577745244 -1.12498112564
564 528 -0.0362930691226 1.53450325767 3.10529958447 -1.60708939592
565 564 -0.683664848247 0.887131478548 2.45792780534 -2.25446117504
566 529 0.0288173268258 1.59961365362 -3.11277532676 -1.54197899997
567 563 0.679938362539 2.25073468933 -2.46165429105 -0.890857964256
568 561 0.487313293411 2.05810962021 -2.65427936018 -1.08348303338
569 560 0.353224983913 1.92402131071 -2.78836766968 -1.21757134288
570 560 -0.501634614479 1.06916171232 2.63995803911 -2.07243094127
571 560 0.479226361344 2.05002268814 -2.66236629225 -1.09156996545
572 559 -0.390186741363 1.18060958543 2.75140591223 -1.96098306816
573 562 0.630558070933 2.20135439773 -2.51103458266 -0.940238255862
574 43 -0.197765977726 1.37303034907 2.94382667586 -1.76856230452
575 24 -0.162297603771 1.40849872302 2.97929504982 -1.73309393057
576 26 0.247331174756 1.81812750155 -2.89426147883 -1.32346515204
577 26 -0.454295857439 1.11650046936 2.68729679615 -2.02509218423
578 27 -0.498696588988 1.07209973781 2.6428960646 -2.06949291578
579 28 -0.675748866672 0.895047460123 2.46584378692 -2.24654519347
580 29 0.608539747054 2.17933607385 -2.53305290654 -0.962256579741
581 14 0.173731859369 1.74452818616 -2.96786079422 -1.39706446743
582 14 0.669292939781 2.24008926658 -2.47229971381 -0.901503387014
583 584 -0.593752573458 0.977043753337 2.54784008013 -2.16454890025
584 583 0.693664225331 2.26446055213 -2.44792842826 -0.877132101464
585 583 -0.170981665196 1.3998146616 2.97061098839 -1.74177799199
586 570 -0.633302215527 0.937494111268 2.50829043806 -2.20409854232
587 570 0.0444136388335 1.61520996563 -3.09717901476 -1.52638268796
588 583 -0.112025621211 1.45877070558 3.02956703238 -1.68282194801
589 573 -0.576007759472 0.994788567323 2.56558489412 -2.14680408627
590 583 -0.648186029259 0.922610297536 2.49340662433 -2.21898235605
591 583 0.198210283586 1.76900661038 -2.94338237 -1.37258604321
592 590 -0.325769779032 1.24502654776 2.81582287456 -1.89656610583
593 586 -0.293204394465 1.27759193233 2.84838825912 -1.86400072126
594 592 -0.315494674055 1.25530165274 2.82609797954 -1.88629100085
595 587 -0.0913853296082 1.47941099719 3.05020732398 -1.6621816564
596 594 -0.465735574314 1.10506075248 2.67585707928 -2.03653190111
597 594 0.00708737275878 1.57788369955 -3.13450528083 -1.56370895404
598 596 0.466837444776 2.03763377157 -2.67475520881 -1.10395888202
599 596 -0.142231814469 1.42856451233 2.99936083912 -1.71302814126
600 598 0.0527952468467 1.62359157364 -3.08879740674 -1.51800107995
601 598 0.473595045525 2.04439137232 -2.66799760806 -1.09720128127
602 580 0.278349657299 1.84914598409 -2.86324299629 -1.2924466695
603 580 -0.0613774045817 1.50941892221 3.08021524901 -1.63217373138
604 580 0.463850354697 2.03464668149 -2.67774229889 -1.1069459721
605 601 0.186061066689 1.75685739348 -2.9555315869 -1.38473526011
606 600 -0.112168785697 1.4586275411 3.02942386789 -1.68296511249
607 596 0.62599872513 2.19679505193 -2.51559392846 -0.944797601665
608 596 -0.132464574506 1.43833175229 3.00912807908 -1.7032609013
609 594 -0.122908274916 1.44788805188 3.01868437867 -1.69370460171
610 594 0.638518242876 2.20931456967 -2.50307441071 -0.932278083919
611 570 -0.739542205703 0.831254121092 2.40205044789 -2.3103385325
612 568 0.0558706588444 1.62666698564 -3.08572199475 -1.51492566795
613 579 0.36666508796 1.93746141475 -2.77492756563 -1.20413123884
614 602 -0.750833718463 0.819962608332 2.39075893513 -2.32163004526
615 605 0.757411363089 2.32820768988 -2.3841812905 -0.813384963706
616 606 0.479313656504 2.0501099833 -2.66227899709 -1.09148267029
617 607 0.395197656164 1.96599398296 -2.74639499743 -1.17559867063
618 608 0.181403905456 1.75220023225 -2.96018874813 -1.38939242134
619 609 0.341346205617 1.91214253241 -2.80024644797 -1.22945012118
620 610 0.56563186042 2.13642818721 -2.57596079317 -1.00516446637
621 567 0.159694278725 1.73049060552 -2.98189837486 -1.41110204807
622 567 -0.118958743041 1.45183758375 3.02263391055 -1.68975506984
623 619 0.423159637599 1.99395596439 -2.71843301599 -1.1476366892
624 618 0.252788613689 1.82358494048 -2.8888040399 -1.31800771311
625 617 0.163456863775 1.73425319057 -2.97813578981 -1.40733946302
626 616 0.35359935957 1.92439568636 -2.78799329402 -1.21719696723
627 615 0.200156010183 1.77095233698 -2.94143664341 -1.37064031661
628 614 0.455299704555 2.02609603135 -2.68629294904 -1.11549662224
629 613 -0.312689565312 1.25810676148 2.82890308828 -1.88348589211
630 578 0.437941400375 2.00873772717 -2.70365125321 -1.13285492642
631 577 0.449980297698 2.02077662449 -2.69161235589 -1.1208160291
632 629 0.59450704603 2.16530337282 -2.54708560756 -0.976289280765
633 628 0.770434442957 2.34123076975 -2.37115821063 -0.800361883838
634 627 -0.421732937902 1.14906338889 2.71985971569 -1.9925292647
635 626 -0.476172235666 1.09462409113 2.66542041792 -2.04696856246
636 625 -0.454346432127 1.11644989467 2.68724622146 -2.02514275892
637 624 -0.280323276202 1.29047305059 2.86126937739 -1.851119603
638 623 -0.256910689766 1.31388563703 2.88468196382 -1.82770701656
639 565 -0.148348071775 1.42244825502 2.99324458181 -1.71914439857
640 565 -0.434215439758 1.13658088704 2.70737721383 -2.00501176655
641 637 0.154354246568 1.72515057336 -2.98723840702 -1.41644208023
642 636 0.0417014225151 1.61249774931 -3.09989123107 -1.52909490428
643 635 0.15181873586 1.72261506265 -2.98977391773 -1.41897759094
644 634 0.389967959262 1.96076428606 -2.75162469433 -1.18082836753
645 633 0.118238246195 1.68903457299 -3.02335440739 -1.4525580806
646 632 0.205454998838 1.77625132563 -2.93613765475 -1.36534132796
647 631 -0.330117746805 1.24067857999 2.81147490678 -1.9009140736
648 576 0.446793270525 2.01758959732 -2.69479938306 -1.12400305627
649 576 -0.740678178986 0.830118147809 2.4009144746 -2.31147450578
650 647 0.668822554525 2.23961888132 -2.47277009906 -0.901973772269
651 646 -0.631918012337 0.938878314458 2.50967464125 -2.20271433913
652 645 -0.301184792854 1.26961153394 2.84040786074 -1.87198111965
653 644 -0.261682666068 1.30911366073 2.87990998752 -1.83247899286
654 643 -0.339607018141 1.23118930865 2.80198563545 -1.91040334494
655 642 -0.438876135777 1.13192019102 2.70271651781 -2.00967246257
656 641 -0.303268623226 1.26752770357 2.83832403036 -1.87406495002
657 575 0.601277450481 2.17207377728 -2.54031520311 -0.969518876314
658 45 0.372574805057 1.94337113185 -2.76901784853 -1.19822152174
659 649 0.589877193663 2.16067352046 -2.55171545993 -0.980919133132
660 649 -0.108312778371 1.46248354842 3.03327987522 -1.67910910517
661 650 0.41067793131 1.9814742581 -2.73091472228 -1.16011839549
662 651 0.382395524535 1.95319185133 -2.75919712906 -1.18840080226
663 652 0.296333504168 1.86712983096 -2.84525914942 -1.27446282263
664 565 0.288266316424 1.85906264322 -2.85332633717 -1.28253001037
665 505 0.650969709033 2.22176603583 -2.49062294456 -0.919826617762
666 505 0.268455124089 1.83925145088 -2.8731375295 -1.30234120271
667 598 0.153029028471 1.72382535527 -2.98856362512 -1.41776729832
668 603 -0.738432807028 0.832363519767 2.40315984656 -2.30922913382
669 581 0.0353866430486 1.60618296984 -3.10620601054 -1.53540968375
670 30 -0.693166765087 0.877629561708 2.4484258885 -2.26396309188
671 30 0.645140554417 2.21593688121 -2.49645209917 -0.925655772378
672 31 -0.77840839009 0.792387936705 2.3631842635 -2.34920471688
673 32 -0.582558145315 0.98823818148 2.55903450827 -2.15335447211
674 33 0.550787937659 2.12158426445 -2.59080471593 -1.02000838914
675 43 0.214264816611 1.78506114341 -2.92732783698 -1.35653151018
676 574 -0.244211322983 1.32658500381 2.89738133061 -1.81500764978
677 657 0.605766075223 2.17656240202 -2.53582657837 -0.965030251572
678 657 -0.286294407916 1.28450191888 2.85529824567 -1.85709073471
679 659 0.551525828822 2.12232215562 -2.59006682477 -1.01927049797
680 659 -0.37773456396 1.19306176284 2.76385808963 -1.94853089075
681 662 0.205817995613 1.77661432241 -2.93577465798 -1.36497833118
682 654 -0.344470098344 1.22632622845 2.79712255525 -1.91526642514
683 654 -0.0407832205122 1.53001310628 3.10080943308 -1.61157954731
684 655 0.230022056679 1.80081838347 -2.91157059691 -1.34077427012
685 656 -0.00439321623637 1.56640311056 3.13719943735 -1.57518954303
686 640 -0.455539619877 1.11525670692 2.68605303371 -2.02633594667
687 664 0.226060895818 1.79685722261 -2.91553175777 -1.34473543098
688 666 0.613563574689 2.18435990148 -2.5280290789 -0.957232752106
689 678 0.0740446203847 1.64484094718 -3.06754803321 -1.49675170641
690 679 -0.0425043959149 1.52829193088 3.09908825767 -1.61330072271
691 681 -0.118430143791 1.452366183 3.0231625098 -1.68922647059
692 682 0.0225711395479 1.59336746634 -3.11902151404 -1.54822518725
693 683 0.0646343990325 1.63543072583 -3.07695825456 -1.50616192776
694 687 0.44420997514 2.01500630194 -2.69738267845 -1.12658635165
695 688 0.47708096647 2.04787729327 -2.66451168712 -1.09371536032
696 692 -0.185420312891 1.3853760139 2.9561723407 -1.75621663969
697 585 0.262013196921 1.83280952372 -2.87957945667 -1.30878312987
698 591 -0.206142324537 1.36465400226 2.93545032905 -1.77693865133
699 697 0.193041236886 1.76383756368 -2.9485514167 -1.37775508991
700 698 -0.560821044804 1.00997528199 2.58077160879 -2.1316173716
701 700 0.751039774401 2.3218361012 -2.39055287919 -0.819756552394
702 698 -0.604762261746 0.966034065049 2.53683039184 -2.17555858854
703 702 0.720056628469 2.29085295526 -2.42153602512 -0.850739698326
704 701 0.666943055578 2.23773938237 -2.47464959801 -0.903853271217
705 703 0.207363183224 1.77815951002 -2.93422947037 -1.36343314357
706 703 0.765588172484 2.33638449928 -2.37600448111 -0.805208154311
707 706 0.686639147605 2.2574354744 -2.45495350599 -0.88415717919
708 705 0.592657680883 2.16345400768 -2.54893497271 -0.978138645912
709 707 -0.463758634524 1.10703769227 2.67783401907 -2.03455496132
710 695 0.425621553848 1.99641788064 -2.71597109974 -1.14517477295
711 696 0.425185127676 1.99598145447 -2.71640752591 -1.14561119912
712 706 0.443747078959 2.01454340575 -2.69784557463 -1.12704924784
713 703 -0.0249851910629 1.54581113573 3.11660746253 -1.59578151786
714 702 0.402132592813 1.97292891961 -2.73946006078 -1.16866373398
715 591 -0.65253764978 0.918258677014 2.48905500381 -2.22333397658
716 597 0.479972256137 2.05076858293 -2.66162039745 -1.09082407066
717 667 0.0287169974228 1.59951332422 -3.11287565617 -1.54207932937
718 716 0.00765195179654 1.57844827859 -3.13394070179 -1.563144375
719 718 0.146133849667 1.71693017646 -2.99545880392 -1.42466247713
720 717 0.753458426127 2.32425475292 -2.38813422746 -0.817337900667
721 677 -0.0603081177562 1.51048820904 3.08128453583 -1.63110444455
722 721 0.393522350979 1.96431867777 -2.74807030261 -1.17727397582
723 689 0.218756826951 1.78955315375 -2.92283582664 -1.35203949984
724 676 -0.276643219243 1.29415310755 2.86494943435 -1.84743954604
725 723 -0.0825258948705 1.48827043192 3.05906675872 -1.65332222167
726 722 -0.00707803894101 1.56371828785 3.13451461465 -1.57787436574
727 725 0.687254004819 2.25805033161 -2.45433864877 -0.883542321975
728 725 -0.507005343946 1.06379098285 2.63458730964 -2.07780167074
729 674 -0.493330246116 1.07746608068 2.64826240747 -2.06412657291
730 722 0.686198159642 2.25699448644 -2.45539449395 -0.884598167153
731 726 -0.736006081016 0.834790245778 2.40558657257 -2.30680240781
732 673 -0.51040449116 1.06039183563 2.63118816243 -2.08120081795
733 672 0.764085475042 2.33488180184 -2.37750717855 -0.806710851753
734 727 -0.620666709697 0.950129617097 2.52092594389 -2.19146303649
735 671 0.588567084912 2.15936341171 -2.55302556868 -0.982229241883
736 670 0.047523755873 1.61832008267 -3.09406889772 -1.52327257092
737 734 -0.382733729055 1.18806259774 2.75885892454 -1.95353005585
738 667 -0.710551521861 0.860244804934 2.43104113173 -2.28134784866
739 668 -0.0450176622034 1.52577866459 3.09657499139 -1.615813989
740 668 0.512379077863 2.08317540466 -2.62921357573 -1.05841724893
741 728 0.258869261049 1.82966558784 -2.88272339254 -1.31192706575
742 723 0.216036538258 1.78683286505 -2.92555611533 -1.35475978854
743 689 -0.423514709162 1.14728161763 2.71807794443 -1.99431103596
744 727 -0.326296717653 1.24449960914 2.81529593594 -1.89709304445
745 737 -0.152376747991 1.4184195788 2.9892159056 -1.72317307479
746 720 0.0802338473886 1.65103017418 -3.0613588062 -1.49056247941
747 690 -0.354089910839 1.21670641596 2.78750274275 -1.92488623763
748 690 0.398569613045 1.96936593984 -2.74302304054 -1.17222671375
749 691 -0.385137565212 1.18565876158 2.75645508838 -1.95593389201
750 680 0.274012961301 1.8448092881 -2.86757969229 -1.29678336549
751 712 -0.252297587209 1.31849873959 2.88929506638 -1.823093914
752 711 -0.285857267781 1.28493905901 2.85573538581 -1.85665359458
753 741 0.474786837866 2.04558316466 -2.66680581572 -1.09600948893
754 741 -0.12862122617 1.44217510063 3.01297142742 -1.69941755296
755 718 -0.748767107628 0.822029219167 2.39282554596 -2.31956343442
756 718 -0.733738472636 0.837057854159 2.40785418095 -2.30453479943
757 713 -0.0567082881853 1.51408803861 3.0848843654 -1.62750461498
758 719 -0.211120634018 1.35967569278 2.93047201957 -1.78191696081
759 591 0.360868127217 1.93166445401 -2.78072452637 -1.20992819958
760 591 -0.732930100012 0.837866226783 2.40866255358 -2.30372642681
761 762 0.744187577559 2.31498390435 -2.39740507603 -0.826608749236
762 761 0.741980430457 2.31277675725 -2.39961222313 -0.828815896338
763 761 0.0750379310426 1.64583425784 -3.06655472255 -1.49575839575
764 39 0.283855016479 1.85465134327 -2.85773763711 -1.28694131032
765 41 -0.00732565732889 1.56347066947 3.13426699626 -1.57812198412
766 763 0.322826120117 1.89362244691 -2.81876653347 -1.24797020668
767 766 0.538150383979 2.10894671077 -2.60344226961 -1.03264594282
768 766 0.460278457941 2.03107478474 -2.68131419565 -1.11051786885
769 762 0.388160950417 1.95895727721 -2.75343170317 -1.18263537638
770 80 0.512697522488 2.08349384928 -2.6288951311 -1.05809880431
771 80 0.10549552386 1.67629185065 -3.03609712973 -1.46530080293
772 323 0.31929886755 1.89009519434 -2.82229378604 -1.25149745925
773 772 -0.62438307374 0.946413253055 2.51720957985 -2.19517940053
774 772 0.107233357495 1.67802968429 -3.0343592961 -1.4635629693
775 317 -0.586984480587 0.983811846208 2.554608173 -2.15778080738
776 315 -0.64580579307 0.924990533725 2.49578686052 -2.21660211986
777 774 -0.711336797291 0.859459529503 2.4302558563 -2.28213312409
778 70 -0.694043386103 0.876752940692 2.44754926749 -2.2648397129
779 69 -0.414325241435 1.15647108536 2.72726741215 -1.98512156823
780 316 0.370027160176 1.94082348697 -2.77156549341 -1.20076916662
781 322 0.414674882278 1.98547120907 -2.72691777131 -1.15612144452
782 772 0.520486685652 2.09128301245 -2.62110596794 -1.05030964114
783 782 0.46526881713 2.03606514392 -2.67632383646 -1.10552750967
784 773 -0.663780191131 0.907016135664 2.47781246246 -2.23457651793
785 782 -0.620267748155 0.95052857864 2.52132490543 -2.19106407495
786 322 -0.354419835847 1.21637649095 2.78717281774 -1.92521616264
787 322 0.308032392403 1.8788287192 -2.83356026119 -1.26276393439
788 785 -0.549394071934 1.02140225486 2.59219858166 -2.12019039873
789 783 -0.725060845742 0.845735481053 2.41653180785 -2.29585717254
790 788 0.198629531056 1.76942585785 -2.94296312253 -1.37216679574
791 788 -0.693423185796 0.877373140999 2.44816946779 -2.26421951259
792 788 0.534670738857 2.10546706565 -2.60692191473 -1.03612558794
793 787 0.37399245742 1.94478878421 -2.76760019617 -1.19680386938
794 787 0.743140872182 2.31393719898 -2.39845178141 -0.827655454613
795 787 -0.497959458948 1.07283686785 2.64363319464 -2.06875578574
796 329 0.461598416145 2.03239474294 -2.67999423744 -1.10919791065
797 329 0.708829839311 2.27962616611 -2.43276281428 -0.861966487484
798 338 0.588272791971 2.15906911877 -2.55331986162 -0.982523534824
799 796 -0.345178839285 1.22561748751 2.7964138143 -1.91597516608
800 795 -0.450352924826 1.12044340197 2.69123972876 -2.02114925162
801 794 -0.58476763244 0.986028694355 2.55682502115 -2.15556395924
802 793 -0.494562311324 1.07623401547 2.64703034227 -2.06535863812
803 790 0.0365460390584 1.60734236585 -3.10504661453 -1.53425028774
804 803 0.15872483779 1.72952116458 -2.9828678158 -1.41207148901
805 790 -0.635690514564 0.935105812231 2.50590213903 -2.20648684136
806 802 0.0935097705424 1.66430609734 -3.04808288305 -1.47728655625
807 801 0.238619420043 1.80941574684 -2.90297323355 -1.33217690675
808 800 0.395436636216 1.96623296301 -2.74615601737 -1.17535969058
809 799 0.690963454282 2.26175978108 -2.45062919931 -0.879832872513
810 798 0.529934280976 2.10073060777 -2.61165837261 -1.04086204582
811 340 0.576000200327 2.14679652712 -2.56559245326 -0.994796126468
812 348 0.728309204766 2.29910553156 -2.41328344882 -0.842487122029
813 810 -0.168137845677 1.40265848112 2.97345480791 -1.73893417247
814 809 -0.179765883659 1.39103044314 2.96182676993 -1.75056221045
815 808 -0.459015955741 1.11178037105 2.68257669785 -2.02981228254
816 807 -0.590210769759 0.980585557036 2.55138188383 -2.16100709655
817 804 0.11486668964 1.68566301643 -3.02672596395 -1.45592963716
818 817 0.124186037939 1.69498236473 -3.01740661565 -1.44661028886
819 804 -0.607146537895 0.9636497889 2.53444611569 -2.17794286469
820 816 0.182615733709 1.7534120605 -2.95897691988 -1.38818059309
821 815 0.176528886289 1.74732521308 -2.9650637673 -1.39426744051
822 814 -0.426194819457 1.14460150734 2.71539783413 -1.99699114625
823 813 -0.380194971185 1.19060135561 2.7613976824 -1.95099129798
824 812 -0.500857745082 1.06993858171 2.64073490851 -2.07165407188
825 350 -0.631978303123 0.938818023672 2.50961435047 -2.20277462992
826 360 -0.353841093149 1.21695523365 2.78775156044 -1.92463741994
827 824 0.0408034896175 1.61159981641 -3.10078916397 -1.52999283718
828 823 0.117074056219 1.68787038301 -3.02451859737 -1.45372227058
829 822 0.109509015346 1.68030534214 -3.03208363824 -1.46128731145
830 821 0.19461547811 1.7654118049 -2.94697717548 -1.37618084869
831 818 0.493339506513 2.06413583331 -2.64825314708 -1.07745682028
832 421 -0.16660718175 1.40418914505 2.97498547184 -1.73740350854
833 427 -0.066606581498 1.5041897453 3.07498607209 -1.63740290829
834 65 -0.024557440977 1.54623888582 3.11703521261 -1.59535376777
835 65 -0.416988590858 1.15380773594 2.72460406273 -1.98778491765
836 833 0.0910582118342 1.66185453863 -3.05053444176 -1.47973811496
837 427 0.0831593764423 1.65395570324 -3.05843327715 -1.48763695035
838 835 -0.639990196545 0.93080613025 2.50160245705 -2.21078652334
839 833 0.108981606559 1.67977793335 -3.03261104703 -1.46181472024
840 826 -0.291780339027 1.27901598777 2.84981231456 -1.86257666582
841 828 0.0394304529563 1.61022677975 -3.10216220063 -1.53136587384
842 838 0.744925481078 2.31572180787 -2.39666717251 -0.825870845717
843 838 0.159049751839 1.72984607863 -2.98254290175 -1.41174657496
844 835 0.234083400309 1.8048797271 -2.90750925328 -1.33671292649
845 843 -0.0329010286998 1.5378952981 3.10869162489 -1.60369735549
846 843 0.0638189689387 1.63461529573 -3.07777368465 -1.50697735786
847 842 0.0612384245292 1.63203475132 -3.08035422906 -1.50955790227
848 828 -0.385720539434 1.18507578736 2.75587211416 -1.95651686623
849 830 0.213600294479 1.78439662127 -2.92799235911 -1.35719603232
850 846 0.599953235248 2.17074956204 -2.54163941834 -0.970843091547
851 846 0.158454582068 1.72925090886 -2.98313807152 -1.41234174473
852 845 0.0473018965989 1.61809822339 -3.09429075699 -1.5234944302
853 851 0.104304305047 1.67510063184 -3.03728834854 -1.46649202175
854 851 0.161925596042 1.73272192284 -2.97966705755 -1.40887073075
855 850 0.141549566341 1.71234589314 -3.00004308725 -1.42924676045
856 830 -0.469811809521 1.10098451727 2.67178084407 -2.04060813632
857 831 -0.536706483185 1.03408984361 2.6048861704 -2.10750280998
858 80 0.0767693204662 1.64756564726 -3.06482333312 -1.49402700633
859 80 0.616659193726 2.18745552052 -2.52493345986 -0.954137133069
860 700 -0.756815284361 0.813981042434 2.38477736923 -2.32761161116
861 39 0.197465477414 1.76826180421 -2.94412717618 -1.37333084938
862 860 -0.574521569922 0.996274756873 2.56707108367 -2.14531789672
863 701 -0.400941176882 1.16985514991 2.74065147671 -1.97173750368
864 863 0.610046077226 2.18084240402 -2.53154657636 -0.960750249569
865 863 -0.39178631835 1.17901000844 2.74980633524 -1.96258264515
866 705 -0.207589336167 1.36320699063 2.93400331742 -1.77838566296
867 864 -0.165589196975 1.40520712982 2.97600345662 -1.73638552377
868 867 0.568045997939 2.13884232473 -2.57354665565 -1.00275032886
869 865 -0.245204328821 1.32559199797 2.89638832477 -1.81600065562
870 864 0.458434670953 2.02923099775 -2.68315798264 -1.11236165584
871 700 -0.249593837637 1.32120248916 2.89199881595 -1.82039016443
872 860 -0.268875714763 1.30192061203 2.87271693883 -1.83967204156
873 861 -0.410713841422 1.16008248537 2.73087881217 -1.98151016822
874 870 -0.741396308468 0.829400018327 2.40019634512 -2.31219263526
875 410 -0.439078449813 1.13171787698 2.70251420378 -2.00987477661
876 409 -0.586866837456 0.983929489339 2.55472581613 -2.15766316425
877 407 0.486722486862 2.05751881366 -2.65487016673 -1.08407383993
878 867 -0.307164633683 1.26363169311 2.83442801991 -1.87796096048
879 409 0.40736807245 1.97816439925 -2.73422458114 -1.16342825434
880 50 0.363005320279 1.93380164707 -2.77858733331 -1.20779100652
881 50 -0.258813052602 1.31198327419 2.88277960099 -1.8296093794
882 64 0.284114666088 1.85491099288 -2.8574779875 -1.28668166071
883 835 0.779775716229 2.35057204302 -2.36181693736 -0.791020610566
884 844 -0.75650447076 0.814291856035 2.38508818283 -2.32730079755
885 845 0.75728685486 2.32808318166 -2.38430579873 -0.813509471935
886 81 0.601766834853 2.17256316165 -2.53982581874 -0.969029491942
887 80 0.185785713125 1.75658203992 -2.95580694046 -1.38501061367
888 81 -0.247084085859 1.32371224094 2.89450856773 -1.81788041265
889 884 -0.327638898353 1.24315742844 2.81395375524 -1.89843522515
890 883 -0.375531567468 1.19526475933 2.76606108612 -1.94632789426
891 64 0.480159265563 2.05095559236 -2.66143338803 -1.09063706123
892 63 -0.0808246165681 1.48997171023 3.06076803702 -1.65162094336
893 892 0.102397961473 1.67319428827 -3.03919469212 -1.46839836532
894 63 0.539620636774 2.11041696357 -2.60197201682 -1.03117569002
895 890 0.521641083046 2.09243740984 -2.61995157054 -1.04915524375
896 893 0.0176428239073 1.5884391507 -3.12394982968 -1.55315350289
897 896 0.115675951239 1.68647227803 -3.02591670235 -1.45512037556
898 888 -0.211854493676 1.35894183312 2.92973815991 -1.78265082047
899 82 -0.656454356672 0.914341970123 2.48513829692 -2.22725068347
900 82 0.470624558482 2.04142088528 -2.67096809511 -1.10017176831
901 463 -0.597203037118 0.973593289677 2.54438961647 -2.16799936391
902 892 -0.265220310257 1.30557601654 2.87637234333 -1.83601663705
903 896 0.0698804982877 1.64067682508 -3.0717121553 -1.50091582851
904 896 -0.204912091581 1.36588423521 2.93668056201 -1.77570841838
905 763 -0.371331434678 1.19946489212 2.77026121891 -1.94212776147
906 761 -0.587564952195 0.9832313746 2.55402770139 -2.15836127899
907 903 -0.761365928567 0.809430398228 2.38022672502 -2.33216225536
908 902 0.726228446343 2.29702477314 -2.41536420725 -0.844567880452
909 902 -0.133088527286 1.43770779951 3.0085041263 -1.70388485408
910 478 0.752660335213 2.32345666201 -2.38893231838 -0.818135991582
911 477 0.632020867869 2.20281719466 -2.50957178572 -0.938775458926
912 483 0.142674027363 1.71347035416 -2.99891862623 -1.42812229943
913 909 -0.200970367844 1.36982595895 2.94062228575 -1.77176669464
914 908 -0.153329007947 1.41746731885 2.98826364564 -1.72412533474
915 906 0.337751213258 1.90854754005 -2.80384144033 -1.23304511354
916 761 -0.391606934783 1.17918939201 2.74998571881 -1.96240326158
917 41 -0.368265103634 1.20253122316 2.77332754996 -1.93906143043
918 38 -0.3780135901 1.19278273669 2.76357906349 -1.9488099169
919 35 -0.264965901137 1.30583042566 2.87662675245 -1.83576222793
920 34 -0.508065268825 1.06273105797 2.63352738477 -2.07886159562
921 2 -0.307256857742 1.26353946905 2.83433579585 -1.87805318454
922 42 -0.269722869539 1.30107345726 2.87186978405 -1.84051919633
923 700 0.387013384986 1.95780971178 -2.7545792686 -1.18378294181
924 764 0.238567464151 1.80936379095 -2.90302518944 -1.33222886264
925 762 0.479347380318 2.05014370711 -2.66224527327 -1.09144894648
926 700 0.637260326017 2.20805665281 -2.50433232757 -0.933536000778
927 926 -0.342127822693 1.2286685041 2.7994648309 -1.91292414949
928 923 -0.0258950413182 1.54490128548 3.11569761227 -1.59669136811
929 697 0.723694324819 2.29449065161 -2.41789832877 -0.847102001976
930 929 0.36517200002 1.93596832681 -2.77642065357 -1.20562432678
931 927 -0.0876143711113 1.48318195568 3.05397828248 -1.65841069791
932 51 -0.748414728764 0.822381598031 2.39317792483 -2.31921105556
933 52 0.470411698362 2.04120802516 -2.67118095523 -1.10038462843
934 389 -0.644699532912 0.926096793883 2.49689312068 -2.21549585971
935 390 -0.588930876636 0.981865450159 2.55266177695 -2.15972720343
936 391 0.658870206628 2.22966653342 -2.48272244696 -0.911926120167
937 392 0.597228028956 2.16802435575 -2.54436462463 -0.973568297839
938 400 -0.359155806252 1.21164052054 2.78243684734 -1.92995213305
939 407 0.0148490287847 1.58564535558 -3.12674362481 -1.55594729801
940 868 -0.551221960959 1.01957436584 2.59037069263 -2.12201828775
941 868 0.554494374397 2.12529070119 -2.58709827919 -1.0163019524
942 868 0.285726691701 1.8565230185 -2.85586596189 -1.28506963509
943 868 -0.0295932558369 1.54120307096 3.11199939775 -1.60038958263
944 869 -0.00134595606631 1.56945037073 3.14024669752 -1.57214228286
945 865 0.76972899067 2.34052531747 -2.37186366292 -0.801067336125
946 502 -0.24048158318 1.33031474362 2.90111107041 -1.81127790997
947 709 -0.457675383813 1.11312094298 2.68391726978 -2.02847171061
948 502 0.67777448141 2.2485708082 -2.46381817218 -0.893021845385
949 502 0.326882394565 1.89767872136 -2.81471025902 -1.24391393223
950 941 0.118715948314 1.68951227511 -3.02287670528 -1.45208037848
951 940 -0.186766640635 1.38402968616 2.95482601296 -1.75756296743
952 939 -0.149262182889 1.42153414391 2.9923304707 -1.72005850968
953 938 -0.295546264022 1.27525006277 2.84604638957 -1.86634259082
954 937 -0.460630829304 1.11016549749 2.68096182429 -2.0314271561
955 936 -0.351883964886 1.21891236191 2.7897086887 -1.92268029168
956 935 -0.694344504407 0.876451822388 2.44724814918 -2.2651408312
957 934 -0.628865298377 0.941931028418 2.51272735521 -2.19966162517
958 933 -0.525949192745 1.04484713405 2.61564346085 -2.09674551954
959 932 0.538979715405 2.1097760422 -2.60261293819 -1.03181661139
960 51 -0.751328279937 0.819468046858 2.39026437365 -2.32212460673
961 508 0.085619625556 1.65641595235 -3.05597302803 -1.48517670124
962 508 -0.0456553679587 1.52514095884 3.09593728563 -1.61645169475
963 508 -0.319658197547 1.25113812925 2.82193445604 -1.89045452434
964 511 -0.227868499792 1.342927827 2.9137241538 -1.79866482659
965 512 -0.283071523186 1.28772480361 2.8585211304 -1.85386784998
966 514 -0.213077701675 1.35771862512 2.92851495192 -1.78387402847
967 515 -0.127277369643 1.44351895715 3.01431528395 -1.69807369644
968 515 -0.393627876581 1.17716845021 2.74796477701 -1.96442420338
969 51 -0.642511299213 0.928285027582 2.49908135438 -2.21330762601
970 502 -0.689581843053 0.881214483741 2.45201081054 -2.26037816985
971 503 -0.321683199999 1.2491131268 2.81990945359 -1.89247952679
972 688 -0.186913023902 1.38388330289 2.95467962969 -1.7577093507
973 708 -0.389425106795 1.18137122 2.75216754679 -1.96022143359
974 556 -0.764728424086 0.806067902709 2.3768642295 -2.33552475088
975 555 0.688943246748 2.25973957354 -2.45264940684 -0.881853080047
976 974 0.708864167136 2.27966049393 -2.43272848645 -0.861932159659
977 495 -0.563755682822 1.00704064397 2.57783697077 -2.13455200962
978 975 0.303455630522 1.87425195732 -2.83813702307 -1.26734069627
979 495 0.624233213199 2.19502953999 -2.51735944039 -0.946563113596
980 72 -0.722273037729 0.848523289066 2.41931961586 -2.29306936452
981 551 -0.387900395956 1.18289593084 2.75369225763 -1.95869672275
982 495 0.015310100955 1.58610642775 -3.12628255263 -1.55548622584
983 977 0.611828243944 2.18262457074 -2.52976440965 -0.958968082851
984 977 -0.246368429432 1.32442789736 2.89522422416 -1.81716475623
985 975 -0.290172977661 1.28062334913 2.85141967593 -1.86096930446
986 985 0.632003621432 2.20279994823 -2.50958903216 -0.938792705363
987 976 -0.734429103953 0.836367222842 2.40716354964 -2.30522543075
988 987 -0.569304935385 1.00149139141 2.57228771821 -2.14010126218
989 974 -0.679518173828 0.891278152966 2.46207447976 -2.25031450062
990 986 0.539891484479 2.11068781127 -2.60170116911 -1.03090484232
991 985 -0.423430097386 1.14736622941 2.7181625562 -1.99422642418
992 991 -0.632098075422 0.938698251373 2.50949457817 -2.20289440222
993 992 0.766139070574 2.33693539737 -2.37545358302 -0.804657256221
994 986 -0.331668672693 1.2391276541 2.8099239809 -1.90246499949
995 988 0.168513010216 1.73930933701 -2.97307964337 -1.40228331658
996 997 0.264958920439 1.83575524723 -2.87663373315 -1.30583740636
997 988 0.279477801444 1.85027412824 -2.86211485215 -1.29131852535
998 988 -0.33033734436 1.24045898244 2.81125530923 -1.90113367115
999 996 0.220804968081 1.79160129488 -2.92078768551 -1.34999135871
1000 995 -0.329526741423 1.24126958537 2.81206591217 -1.90032306822
1001 993 0.771122732532 2.34191905933 -2.37046992106 -0.799673594263
1002 558 -0.484092356597 1.0867039702 2.65750029699 -2.05488868339
1003 988 0.100811093544 1.67160742034 -3.04078156005 -1.46998523325
1004 997 0.651595117241 2.22239144404 -2.48999753635 -0.919201209554
1005 559 -0.37725368566 1.19354264113 2.76433896793 -1.94805001246
1006 992 -0.756465785497 0.814330541298 2.38512686809 -2.32726211229
1007 993 0.758304641331 2.32910096813 -2.38328801226 -0.812491685464
1008 1009 0.289480239027 1.86027656582 -2.85211241456 -1.28131608777
1009 1008 0.254755386634 1.82555171343 -2.88683726696 -1.31604094016
1010 999 -0.436962736383 1.13383359041 2.70462991721 -2.00775906318
1011 1008 0.162147525988 1.73294385278 -2.9794451276 -1.40864880081
1012 1000 -0.325561374887 1.24523495191 2.8160312787 -1.89635770168
1013 998 -0.48659182817 1.08420449862 2.65500082542 -2.05738815497
1014 1000 0.463242085328 2.03403841212 -2.67835056826 -1.10755424147
1015 1001 0.377005386826 1.94780171362 -2.76458726676 -1.19379093997
1016 1007 -0.681836754229 0.888959572566 2.45975589936 -2.25263308102
1017 1014 0.442740312293 2.01353663909 -2.6988523413 -1.1280560145
1018 1012 0.505879426981 2.07667575378 -2.63571322661 -1.06491689981
1019 1011 0.423120065287 1.99391639208 -2.7184725883 -1.14767626151
1020 1019 -0.764838791584 0.805957535211 2.37675386201 -2.33563511838
1021 1008 0.38322855235 1.95402487915 -2.75836410124 -1.18756777444
1022 1018 -0.295405773386 1.27539055341 2.8461868802 -1.86620210018
1023 1017 -0.067912342323 1.50288398447 3.07368031127 -1.63870866912
1024 1016 -0.205655361472 1.36514096532 2.93593729212 -1.77645168827
1025 1007 -0.207493893615 1.36330243318 2.93409875998 -1.77829022041
1026 1007 0.637147960923 2.20794428772 -2.50444469267 -0.933648365872
1027 978 0.314748444102 1.8855447709 -2.82684420949 -1.25604788269
1028 1006 -0.725474495661 0.845321831134 2.41611815793 -2.29627082246
1029 783 -0.0938682344926 1.4769280923 3.0477244191 -1.66466456129
1030 1028 -0.590260712733 0.980535614062 2.55133194086 -2.16105703953
1031 1026 -0.735960519752 0.834835807043 2.40563213384 -2.30675684655
1032 1025 0.636421261574 2.20721758837 -2.50517139202 -0.934375065221
1033 1024 -0.62518380504 0.945612521755 2.51640884855 -2.19598013183
1034 1023 -0.762167774543 0.808628552252 2.37942487905 -2.33296410134
1035 1022 -0.468883163599 1.1019131632 2.67270948999 -2.03967949039
1036 1020 0.526164435955 2.09696076275 -2.61542821763 -1.04463189084
1037 818 -0.648880088783 0.921916238012 2.49271256481 -2.21967641558
1038 818 -0.0419462616739 1.52885006512 3.09964639192 -1.61274258847
1039 804 0.768959702072 2.33975602887 -2.37263295152 -0.801836624722
1040 804 0.13670272253 1.70749904933 -3.00488993106 -1.43409360426
1041 790 0.774723885218 2.34552021201 -2.36686876837 -0.796072441577
1042 789 0.351509749572 1.92230607637 -2.79008290402 -1.21928657722
1043 783 -0.654267474 0.916528852795 2.48732517959 -2.22506380079
1044 773 0.425011264704 1.9958075915 -2.71658138889 -1.14578506209
1045 818 0.415247677861 1.98604400466 -2.72634497573 -1.15554864893
1046 818 -0.601564656717 0.969231670078 2.54002799687 -2.17236098351
1047 572 -0.412495563999 1.1583007628 2.72909708959 -1.98329189079
1048 1004 0.759793509914 2.33058983671 -2.38179914368 -0.811002816881
1049 585 0.582246721879 2.15304304867 -2.55934593171 -0.988549604916
1050 584 0.0337391993341 1.60453552613 -3.10785345426 -1.53705712746
1051 584 0.646524435377 2.21732076217 -2.49506821821 -0.924271891418
1052 1048 -0.429197931563 1.14159839523 2.71239472203 -1.99999425836
1053 584 0.700091797524 2.27088812432 -2.44150085607 -0.870704529271
1054 1048 -0.729842875862 0.840953450933 2.41174977773 -2.30063920266
1055 996 0.55682581379 2.12762214058 -2.5847668398 -1.01397051301
1056 1057 -0.373126769659 1.19766955714 2.76846588393 -1.94392309645
1057 1056 -0.483914503619 1.08688182318 2.65767814997 -2.05471083041
1058 1056 0.579341551104 2.1501378779 -2.56225110249 -0.991454775691
1059 1056 -0.277764242501 1.29303208429 2.86382841109 -1.8485605693
1060 1059 -0.225471737722 1.34532458907 2.91612091587 -1.79626806452
1061 1058 -0.444857304934 1.12593902186 2.69673534866 -2.01565363173
1062 1060 0.0178779561081 1.5886742829 -3.12371469748 -1.55291837069
1063 1062 0.0592360119194 1.63003233871 -3.08235664167 -1.51156031488
1064 1061 0.0177116996296 1.58850802642 -3.12388095396 -1.55308462717
1065 1063 0.782512934623 2.35330926142 -2.35907971897 -0.788283392172
1066 1063 0.253527098766 1.82432342556 -2.88806555482 -1.31726922803
1067 1066 0.0471111768497 1.61790750364 -3.09448147674 -1.52368514995
1068 1065 0.159939364329 1.73073569112 -2.98165328926 -1.41085696247
1069 1009 0.124325433568 1.69512176036 -3.01726722002 -1.44647089323
1070 1008 0.146515412119 1.71731173891 -2.99507724147 -1.42428091468
1071 1008 0.743039344725 2.31383567152 -2.39855330886 -0.82775698207
1072 1067 0.061322622972 1.63211894977 -3.08027003062 -1.50947370382
1073 1066 0.308310125495 1.87910645229 -2.8332825281 -1.2624862013
1074 1063 0.18510375614 1.75590008293 -2.95648889745 -1.38569257065
1075 1062 0.255365997326 1.82616232412 -2.88622665626 -1.31543032947
1076 1060 -0.0722937128484 1.49850261395 3.06929894074 -1.64309003964
1077 1059 -0.00463142798063 1.56616489881 3.13696122561 -1.57542775478
1078 1056 -0.705293245165 0.865503081629 2.43629940842 -2.27608957196
1079 1056 -0.386207713704 1.18458861309 2.75538493989 -1.9570040405
1080 1056 0.504172840222 2.07496916702 -2.63741981337 -1.06662348657
1081 1077 -0.449207480408 1.12158884639 2.69238517318 -2.0200038072
1082 1076 -0.635247483669 0.935548843126 2.50634516992 -2.20604381046
1083 1075 -0.613254277253 0.957542049542 2.52833837634 -2.18405060405
1084 1074 -0.762465576296 0.808330750499 2.37912707729 -2.33326190309
1085 1073 -0.728641926835 0.84215439996 2.41295072676 -2.29943825363
1086 1072 -0.774937486892 0.795858839903 2.3666551667 -2.34573381369
1087 1071 -0.669153740442 0.901642586353 2.47243891315 -2.23995006724
1088 1020 0.172107373816 1.74290370061 -2.96948527977 -1.39868895298
1089 1020 0.744412692899 2.31520901969 -2.39717996069 -0.826383633895
1090 1087 0.20244272796 1.77323905475 -2.93914992563 -1.36835359883
1091 1086 0.204560654207 1.775356981 -2.93703199938 -1.36623567259
1092 1085 0.0133722335713 1.58416856037 -3.12822042002 -1.55742409322
1093 1084 -0.00237583917471 1.56842048762 3.13921681442 -1.57317216597
1094 1083 0.180143589028 1.75093991582 -2.96144906456 -1.39065273777
1095 1082 0.269954140401 1.8407504672 -2.87163851319 -1.30084218639
1096 1081 0.0850788787935 1.65587520559 -3.0565137748 -1.485717448
1097 1081 -0.487922954309 1.08287337249 2.65366969928 -2.0587192811
1098 1078 -0.326059893982 1.24473643281 2.81553275961 -1.89685622078
1099 1057 -0.535003814441 1.03579251235 2.60658883915 -2.10580014124
1100 1057 0.58572854863 2.15652487543 -2.55586410496 -0.985067778165
1101 1079 0.330154931112 1.90095125791 -2.81143772248 -1.24064139568
1102 1099 0.526701966706 2.0974982935 -2.61489068688 -1.04409436009
1103 1099 0.176343797538 1.74714012433 -2.96524885605 -1.39445252926
1104 1079 -0.442387917392 1.1284084094 2.6992047362 -2.01318424419
1105 1097 0.355070910664 1.92586723746 -2.78652174293 -1.21572541613
1106 1104 0.364299823897 1.93509615069 -2.77729282969 -1.2064965029
1107 1101 0.520671862994 2.09146818979 -2.6209207906 -1.0501244638
1108 80 0.76375009533 2.33454642213 -2.37784255826 -0.807046231465
1109 768 -0.732091944049 0.838704382746 2.40950070954 -2.30288827084
1110 80 0.244908744977 1.81570507177 -2.89668390861 -1.32588758182
1111 80 -0.561905006607 1.00889132019 2.57968764698 -2.1327013334
1112 858 -0.229497979016 1.34129834778 2.91209467457 -1.80029430581
1113 858 0.708604592478 2.27940091927 -2.43298806111 -0.862191734317
1114 1089 -0.73576137142 0.835034955375 2.40583128217 -2.30655769821
1115 857 0.11451877984 1.68531510664 -3.02707387375 -1.45627754695
1116 855 0.67114628679 2.24194261358 -2.4704463668 -0.899650040005
1117 854 0.605070912584 2.17586723938 -2.53652174101 -0.965725414211
1118 762 0.735987695657 2.30678402245 -2.40560495793 -0.834808631138
1119 924 0.282741652839 1.85353797963 -2.85885100075 -1.28805467396
1120 767 0.118862571649 1.68965889844 -3.02273008194 -1.45193375515
1121 924 0.29686051662 1.86765684341 -2.84473213697 -1.27393581018
1122 927 -0.0965714259094 1.47422490089 3.04502122768 -1.6673677527
1123 927 0.14758090387 1.71837723067 -2.99401174972 -1.42321542292
1124 931 0.0784898047124 1.64928613151 -3.06310284888 -1.49230652208
1125 930 -0.00193987275417 1.56885645404 3.13965278084 -1.57273619955
1126 1061 -0.65428517729 0.916511149505 2.4873074763 -2.22508150408
1127 1126 -0.218053977811 1.35274234898 2.92353867578 -1.78885030461
1128 1126 0.591492652558 2.16228897935 -2.55010000103 -0.979303674237
1129 1064 -0.69469209639 0.876104230405 2.4469005572 -2.26548842318
1130 1065 -0.709886277733 0.860910049062 2.43170637586 -2.28068260453
1131 1128 0.174871780493 1.74566810729 -2.9667208731 -1.3959245463
1132 1130 -0.632085440778 0.938710886017 2.50950721281 -2.20288176757
1133 1068 -0.488666686082 1.08212964071 2.65292596751 -2.05946301288
1134 1009 0.223572204465 1.79436853126 -2.91802044912 -1.34722412233
1135 1132 0.100918313955 1.67171464075 -3.04067433963 -1.46987801284
1136 996 0.10673314919 1.67752947599 -3.0348595044 -1.4640631776
1137 996 -0.587351871553 0.983444455242 2.55424078204 -2.15814819835
1138 1057 0.428191427936 1.99898775473 -2.71340122565 -1.14260489886
1139 1100 -0.235668042721 1.33512828407 2.90592461087 -1.80646436952
1140 1100 0.350495971584 1.92129229838 -2.79109668201 -1.22030035521
1141 1099 -0.113989763766 1.45680656303 3.02760288982 -1.68478609056
1142 1125 -0.407614231279 1.16318209552 2.73397842231 -1.97841055807
1143 930 0.000604576719946 1.57140090351 -3.14098807687 -1.57019175007
1144 1050 -0.599834445298 0.970961881497 2.54175820829 -2.17063077209
1145 1051 0.754997748547 2.32579407534 -2.38659490504 -0.815798578248
1146 1051 0.0202771038166 1.59107343061 -3.12131554977 -1.55051922298
1147 1145 -0.0542081415784 1.51658818522 3.08738451201 -1.62500446837
1148 1054 0.292333457078 1.86312978387 -2.84925919651 -1.27846286972
1149 1054 0.472005363554 2.04280169035 -2.66958729004 -1.09879096324
1150 1145 -0.243697939801 1.32709838699 2.89789471379 -1.8144942666
1151 1150 0.49488412745 2.06568045424 -2.64670852614 -1.07591219935
1152 1142 0.646056398637 2.21685272543 -2.49553625495 -0.924739928158
1153 1139 0.678884779983 2.24968110678 -2.46270787361 -0.891911546812
1154 1139 0.258678163545 1.82947449034 -2.88291449005 -1.31211816325
1155 1139 -0.598591392361 0.972204934434 2.54300126123 -2.16938771916
1156 1155 0.76172579151 2.33252211831 -2.37986686208 -0.809070535284
1157 1138 -0.0986327575007 1.47216356929 3.04295989609 -1.6694290843
1158 1153 -0.130126685604 1.44066964119 3.01146596799 -1.7009230124
1159 1158 0.450466084248 2.02126241104 -2.69112656934 -1.12033024255
1160 1158 0.206812126339 1.77760845313 -2.93478052725 -1.36398420046
1161 1159 0.567320126162 2.13811645296 -2.57427252743 -1.00347620063
1162 1150 -0.226787394223 1.34400893257 2.91480525937 -1.79758372102
1163 1161 -0.748651699324 0.822144627471 2.39294095427 -2.31944802612
1164 1138 -0.439153894972 1.13164243182 2.70243875862 -2.00995022177
1165 1127 -0.483308148196 1.0874881786 2.65828450539 -2.05410447499
1166 1128 -0.734927964701 0.835868362094 2.40666468889 -2.3057242915
1167 1128 0.0104464650648 1.58124279186 -3.13114618853 -1.56034986173
1168 1165 -0.74759434882 0.823201977975 2.39399830477 -2.31839067561
1169 1160 0.107350035623 1.67814636242 -3.03424261797 -1.46344629117
1170 1157 -0.625912094093 0.944884232702 2.5156805595 -2.19670842089
1171 1154 -0.381980035682 1.18881629111 2.75961261791 -1.95277636248
1172 1154 -0.0617841236393 1.50901220316 3.07980852995 -1.63258045043
1173 1145 0.294415878262 1.86521220506 -2.84717677533 -1.27638044853
1174 1145 0.106628005823 1.67742433262 -3.03496464777 -1.46416832097
1175 1146 0.130872850626 1.70166917742 -3.01071980296 -1.43992347617
1176 1146 -0.593379559469 0.977416767326 2.54821309412 -2.16417588626
1177 1135 0.642674685663 2.21347101246 -2.49891796793 -0.928121641132
1178 1131 -0.286731375128 1.28406495167 2.85486127846 -1.85752770192
1179 1163 -0.392907021315 1.17788930548 2.74868563228 -1.96370334811
1180 1176 0.611526333636 2.18232266043 -2.53006631995 -0.959269993158
1181 1166 0.529106694168 2.09990302096 -2.61248595942 -1.04168963263
1182 1161 -0.426371998143 1.14442432865 2.71522065545 -1.99716832494
1183 1178 -0.531252085837 1.03954424096 2.61034056775 -2.10204841263
1184 1131 0.336490526111 1.90728685291 -2.80510212748 -1.23430580068
1185 1160 -0.621238710243 0.949557616552 2.52035394335 -2.19203503704
1186 1144 0.561859479599 2.13265580639 -2.57973317399 -1.0089368472
1187 51 0.375687362861 1.94648368966 -2.76590529073 -1.19510896393
1188 728 0.0404034227307 1.61119974953 -3.10118923086 -1.53039290406
1189 711 -0.114871829978 1.45592449682 3.02672082361 -1.68566815677
1190 51 0.460003027328 2.03079935412 -2.68158962626 -1.11079329947
1191 78 -0.176433509018 1.39436281778 2.96515914457 -1.74722983581
1192 241 -0.673165210098 0.897631116697 2.46842744349 -2.24396153689
1193 79 0.721140470567 2.29193679736 -2.42045218302 -0.849655856228
1194 78 0.537364507743 2.10816083454 -2.60422814585 -1.03343181905
1195 457 -0.767237470229 0.803558856566 2.37435518336 -2.33803379702
1196 233 -0.738109258658 0.832687068137 2.40348339493 -2.30890558545
1197 457 -0.589744026097 0.981052300698 2.55184862749 -2.16054035289
