752 4 0
0 1 -0.0758337049221 1.49496262187 3.06575894867 -1.64663003172
1 0 -0.684134423629 0.886661903165 2.45745822996 -2.25493075042
2 4 0.657483272991 2.22827959979 -2.4841093806 -0.913313053804
3 4 0.740158123082 2.31095444988 -2.40143453051 -0.830638203713
4 2 0.541957040294 2.11275336709 -2.5996356133 -1.0288392865
5 3 0.669358486644 2.24015481344 -2.47223416695 -0.901437840151
6 3 -0.289067392822 1.28172893397 2.85252526077 -1.85986371962
7 5 0.340165074416 1.91096140121 -2.80142757917 -1.23063125238
8 5 -0.69482332593 0.875973000865 2.44676932766 -2.26561965273
9 7 0.340205648871 1.91100197567 -2.80138700472 -1.23059067792
10 7 0.615368949566 2.18616527636 -2.52622370402 -0.955427377229
11 9 0.367145817463 1.93794214426 -2.77444683613 -1.20365050933
12 9 0.58873039531 2.1595267221 -2.55286225828 -0.982065931485
13 11 0.0587070953202 1.62950342212 -3.08288555827 -1.51208923147
14 13 0.621791729709 2.1925880565 -2.51980092388 -0.949004597086
15 14 0.570127326456 2.14092365325 -2.57146532713 -1.00066900034
16 14 0.0621438135029 1.6329401403 -3.07944884009 -1.50865251329
17 15 0.278631231755 1.84942755855 -2.86296142183 -1.29216509504
18 15 -0.158200426863 1.41259589993 2.98339222673 -1.72899675366
19 17 0.341327369144 1.91212369594 -2.80026528445 -1.22946895765
20 17 0.629683610568 2.20047993736 -2.51190904302 -0.941112716227
21 19 0.326709636092 1.89750596289 -2.8148830175 -1.2440866907
22 20 0.329004929799 1.89980125659 -2.81258772379 -1.241791397
23 21 0.570906624471 2.14170295127 -2.57068602912 -0.999889702324
24 25 0.0716690346434 1.64246536144 -3.06992361895 -1.49912729215
25 24 -0.142454084666 1.42834224213 2.99913856892 -1.71325041146
26 25 0.217164185565 1.78796051236 -2.92442846802 -1.35363214123
27 26 0.102766049373 1.67356237617 -3.03882660422 -1.46803027742
28 27 -0.0577431877533 1.51305313904 3.08384946584 -1.62853951455
29 28 0.435027133277 2.00582346007 -2.70656552031 -1.13576919352
30 29 0.135931277267 1.70672760406 -3.00566137632 -1.43486504953
31 30 0.681974235204 2.252770562 -2.45961841839 -0.888822091591
32 31 -0.386621607727 1.18417471907 2.75497104586 -1.95741793452
33 32 0.73216290278 2.30295922958 -2.40942975081 -0.838633424015
34 33 0.66895755759 2.23975388438 -2.472635096 -0.901838769205
35 36 -0.413322062914 1.15747426388 2.72827059068 -1.98411838971
36 34 0.127409417491 1.69820574429 -3.0141832361 -1.4433869093
37 35 0.30261639852 1.87341272531 -2.83897625507 -1.26817992827
38 35 0.096765297826 1.66756162462 -3.04482735576 -1.47403102897
39 1 -0.132434035141 1.43836229165 3.00915861845 -1.70323036194
40 2 -0.331872826531 1.23892350026 2.80971982706 -1.90266915333
41 7 0.344380986112 1.91517731291 -2.79721166748 -1.22641534068
42 9 0.339636514051 1.91043284085 -2.80195613954 -1.23115981274
43 11 0.354511426326 1.92530775312 -2.78708122726 -1.21628490047
44 11 -0.668065175861 0.902731150934 2.47352747773 -2.23886150266
45 14 0.637863588608 2.2086599154 -2.50372906498 -0.932932738187
46 15 0.766592540914 2.33738886771 -2.37500011268 -0.804203785881
47 17 0.0677608492154 1.63855717601 -3.07383180437 -1.50303547758
48 19 -0.0152271609571 1.55556916584 3.12636549263 -1.58602348775
49 23 -0.296295046908 1.27450127989 2.84529760668 -1.8670913737
50 24 0.146680625809 1.7174769526 -2.99491202778 -1.42411570099
51 25 -0.204491057962 1.36630526883 2.93710159563 -1.77528738476
52 30 0.106609772796 1.67740609959 -3.03498288079 -1.464186554
53 35 -0.548019372942 1.02277695385 2.59357328065 -2.11881569974
54 35 0.489954551067 2.06075087786 -2.65163810252 -1.08084177573
55 35 -0.654134455998 0.916661870797 2.48745819759 -2.22493078279
56 3 -0.193423181738 1.37737314506 2.94816947185 -1.76421950853
57 41 0.328862034917 1.89965836171 -2.81273061867 -1.24193429188
58 42 0.32788060461 1.8986769314 -2.81371204898 -1.24291572219
59 43 0.388464330283 1.95926065708 -2.75312832331 -1.18233199651
60 14 0.524553272776 2.09534959957 -2.61703938081 -1.04624305402
61 45 0.489066737807 2.0598630646 -2.65252591578 -1.08172958899
62 46 0.427162796605 1.9979591234 -2.71442985698 -1.14363353019
63 46 0.0763787920978 1.64717511889 -3.06521386149 -1.4944175347
64 47 -0.0163092190785 1.55448710772 3.12528343451 -1.58710554587
65 21 -0.399582198865 1.17121412793 2.74201045472 -1.97037852566
66 49 0.208042103253 1.77883843005 -2.93355055034 -1.36275422354
67 25 -0.172674006231 1.39812232056 2.96891864736 -1.74347033303
68 26 0.215424569592 1.78622089639 -2.926168084 -1.3553717572
69 26 -0.54667708237 1.02411924442 2.59491557122 -2.11747340917
70 27 -0.397825502089 1.17297082471 2.7437671515 -1.96862182888
71 32 -0.530526866172 1.04026946062 2.61106578742 -2.10132319297
72 33 -0.00727014836982 1.56352617843 3.13432250522 -1.57806647516
73 54 0.356470606849 1.92726693364 -2.78512204674 -1.21432571995
74 54 0.717569551123 2.28836587792 -2.42402310247 -0.853226775672
75 40 0.335680166385 1.90647649318 -2.8059124872 -1.23511616041
76 3 0.267439396518 1.83823572331 -2.87415325707 -1.30335693028
77 3 -0.650470667098 0.920325659697 2.49112198649 -2.22126699389
78 57 0.312305229664 1.88310155646 -2.82928742393 -1.25849109713
79 58 0.314439590499 1.88523591729 -2.82715306309 -1.2563567363
80 59 0.341037753868 1.91183408066 -2.80055489972 -1.22975857293
81 14 0.411427344227 1.98222367102 -2.73016530936 -1.15936898257
82 60 -0.716329049202 0.854467277593 2.42526360439 -2.287125376
83 62 0.314185942457 1.88498226925 -2.82740671113 -1.25661038434
84 62 0.0580579358575 1.62885426265 -3.08353471773 -1.51273839094
85 63 -0.0148506578796 1.55594566892 3.12674199571 -1.58564698467
86 64 -0.172027709777 1.39876861702 2.96956494381 -1.74282403657
87 50 0.159473842014 1.73027016881 -2.98211881158 -1.41132248478
88 51 -0.0670982033282 1.50369812347 3.07449445026 -1.63789453012
89 32 0.344295699548 1.91509202634 -2.79729695404 -1.22650062725
90 53 0.563706965469 2.13450329226 -2.57788568812 -1.00708936133
91 73 0.592931833926 2.16372816072 -2.54866081966 -0.977864492868
92 2 0.295143049349 1.86593937614 -2.84644960424 -1.27565327745
93 75 0.157366131328 1.72816245812 -2.98422652226 -1.41343019547
94 76 0.589372360063 2.16016868686 -2.55222029353 -0.981423966732
95 77 0.598392419227 2.16918874602 -2.54320023436 -0.972403907568
96 78 0.386765601442 1.95756192824 -2.75482705215 -1.18403072535
97 79 0.20665112673 1.77744745353 -2.93494152686 -1.36414520006
98 79 0.0631641729972 1.63396049979 -3.07842848059 -1.5076321538
99 80 0.635049803124 2.20584612992 -2.50654285047 -0.935746523671
100 60 0.506724516928 2.07752084372 -2.63486813666 -1.06407180987
101 82 0.753823596651 2.32461992345 -2.38776905694 -0.816972730144
102 83 0.0488955302422 1.61969185704 -3.09269712335 -1.52190079655
103 84 -0.0707093781472 1.50008694865 3.07088327544 -1.64150570494
104 85 -0.270985220967 1.29981110583 2.87060743262 -1.84178154776
105 66 0.3316046651 1.90240099189 -2.80998798849 -1.2391916617
106 87 0.217300258788 1.78809658558 -2.9242923948 -1.35349606801
107 28 -0.132921742427 1.43787458437 3.00867091116 -1.70371806922
108 30 0.339790852539 1.91058717933 -2.80180180105 -1.23100547426
109 52 0.239446735998 1.81024306279 -2.90214591759 -1.3313495908
110 72 0.63995685165 2.21075317844 -2.50163580194 -0.930839475145
111 90 0.498011921905 2.0688082487 -2.64358073168 -1.07278440489
112 90 -0.503824303657 1.06697202314 2.63776834993 -2.07462063045
113 74 0.416796065258 1.98759239205 -2.72479658833 -1.15400026154
114 95 -0.34888040434 1.22191592245 2.79271224925 -1.91967673114
115 96 0.0146221758376 1.58541850263 -3.12697047775 -1.55617415096
116 98 0.345398049159 1.91619437595 -2.79619460443 -1.22539827764
117 60 0.483747505077 2.05454383187 -2.65784514851 -1.08704882172
118 100 0.435350889769 2.00614721656 -2.70624176382 -1.13544543703
119 101 0.384516247716 1.95531257451 -2.75707640587 -1.18628007908
120 102 0.398564381943 1.96936070874 -2.74302827165 -1.17223194485
121 103 0.75616863319 2.32696495998 -2.3854240204 -0.814627693605
122 104 0.621407029478 2.19220335627 -2.52018562411 -0.949389297317
123 104 -0.157629744268 1.41316658253 2.98396290932 -1.72842607106
124 67 0.347874290393 1.91867061719 -2.7937183632 -1.2229220364
125 68 -0.161780888933 1.40901543786 2.97981176466 -1.73257721573
126 69 -0.22674339558 1.34405293121 2.91484925801 -1.79753972237
127 28 -0.751634959943 0.819161366852 2.38995769365 -2.32243128674
128 71 -0.78477923735 0.786017089445 2.35681341624 -2.35557556414
129 111 -0.0683494047087 1.50244692209 3.07324324888 -1.6391457315
130 93 -0.267469491708 1.30332683509 2.87412316188 -1.8382658185
131 94 -0.592021865162 0.978774461633 2.54957078843 -2.16281819196
132 114 0.260481448926 1.83127777572 -2.88111120466 -1.31031487787
133 114 0.0139031631022 1.5846994899 -3.12768949049 -1.55689316369
134 115 0.0225839986234 1.59338032542 -3.11900865497 -1.54821232817
135 99 0.420822462923 1.99161878972 -2.72077019067 -1.14997386387
136 117 0.675689973592 2.24648630039 -2.46590268 -0.895106353203
137 118 -0.754293899692 0.816502427103 2.3872987539 -2.32509022649
138 120 0.30968163585 1.88047796264 -2.83191101774 -1.26111469095
139 121 0.31264168067 1.88343800746 -2.82895097292 -1.25815464613
140 106 0.251017795747 1.82181412254 -2.89057485784 -1.31977853105
141 68 -0.506100811451 1.06469551534 2.63549184214 -2.07689713825
142 126 -0.337603824601 1.23319250219 2.80398882899 -1.9084001514
143 107 -0.422083202689 1.14871312411 2.7195094509 -1.99287952948
144 108 -0.440299594704 1.13049673209 2.70129305889 -2.0110959215
145 89 0.463237924138 2.03403425093 -2.67835472945 -1.10755840266
146 111 0.560031202774 2.13082752957 -2.58156145082 -1.01076512402
147 129 0.513506162214 2.08430248901 -2.62808649138 -1.05729016458
148 112 0.641160229853 2.21195655665 -2.50043242374 -0.929636096942
149 0 0.284344935863 1.85514126266 -2.85724771773 -1.28645139093
150 93 -0.224873047693 1.3459232791 2.9167196059 -1.79566937449
151 93 0.586000654603 2.1567969814 -2.55559199899 -0.984795672191
152 131 0.542432452656 2.11322877945 -2.59916020093 -1.02836387414
153 132 0.248387684208 1.819184011 -2.89320496938 -1.32240864259
154 132 0.00970946354809 1.58050579034 -3.13188319004 -1.56108686325
155 133 0.0217978831308 1.59259420993 -3.11979477046 -1.54899844366
156 134 0.569518969474 2.14031529627 -2.57207368412 -1.00127735732
157 117 0.481356582842 2.05215290964 -2.66023607075 -1.08943974395
158 136 0.756186268465 2.32698259526 -2.38540638513 -0.81461005833
159 138 0.31525883022 1.88605515702 -2.82633382337 -1.25553749657
160 139 0.320700745904 1.8914970727 -2.82089190769 -1.25009558089
161 122 0.268068361321 1.83886468812 -2.87352429227 -1.30272796547
162 122 -0.434202446063 1.13659388073 2.70739020753 -2.00499877286
163 124 0.674883510529 2.24567983732 -2.46670914306 -0.895912816266
164 128 0.106017629793 1.67681395659 -3.0355750238 -1.464778697
165 110 0.520305934293 2.09110226109 -2.6212867193 -1.0504903925
166 146 0.57518850373 2.14598483053 -2.56640414986 -0.995607823064
167 146 -0.351801174473 1.21899515232 2.78979147912 -1.92259750127
168 92 0.226542557803 1.7973388846 -2.91505009579 -1.34425376899
169 150 0.422677305501 1.9934736323 -2.71891534809 -1.14811902129
170 130 0.3582731762 1.92906950299 -2.78331947739 -1.2125231506
171 152 0.0405284609795 1.61132478777 -3.10106419261 -1.53026786582
172 152 -0.549044974652 1.02175135214 2.59254767894 -2.11984130145
173 153 0.0121003261053 1.5828966529 -3.12949232748 -1.55869600069
174 154 0.0114670321657 1.58226335896 -3.13012562142 -1.55932929463
175 157 0.425892509651 1.99668883645 -2.71570014394 -1.14490381714
176 158 0.378274322793 1.94907064959 -2.7633183308 -1.192522004
177 159 0.324519190366 1.89531551716 -2.81707346322 -1.24627713643
178 160 0.330987714371 1.90178404117 -2.81060493922 -1.23980861242
179 161 0.324047922124 1.89484424892 -2.81754473147 -1.24674840467
180 140 0.304666849095 1.87546317589 -2.83692580449 -1.2661294777
181 128 0.616349562069 2.18714588886 -2.52524309152 -0.954446764726
182 166 -0.0823813296527 1.48841499714 3.05921132394 -1.65317765645
183 147 0.607042562539 2.17783888933 -2.53455009105 -0.963753764256
184 170 0.768107574307 2.3389039011 -2.37348507928 -0.802688752488
185 171 -0.303717176775 1.26707915002 2.83787547681 -1.87451350357
186 172 0.0215738209009 1.5923701477 -3.12001883269 -1.54922250589
187 173 0.0394315281211 1.61022785492 -3.10216112547 -1.53136479867
188 117 0.457411020783 2.02820734758 -2.68418163281 -1.11338530601
189 175 0.229503771094 1.80030009789 -2.9120888825 -1.3412925557
190 175 -0.762406441244 0.808389885551 2.37918621235 -2.33320276804
191 176 0.0583551906097 1.6291515174 -3.08323746298 -1.51244113619
192 178 0.424857344595 1.99565367139 -2.716735309 -1.1459389822
193 162 0.336986202071 1.90778252887 -2.80460645152 -1.23381012472
194 162 -0.558817970128 1.01197835667 2.58277468346 -2.12961429692
195 124 0.11163626969 1.68243259649 -3.0299563839 -1.4591600571
196 163 0.427786271422 1.99858259822 -2.71380638217 -1.14301005537
197 125 0.557132865737 2.12792919253 -2.58445978785 -1.01366346106
198 126 -0.559252500233 1.01154382656 2.58234015336 -2.13004882703
199 142 -0.455611467965 1.11518485883 2.68598118562 -2.02640779476
200 127 0.617540169363 2.18833649616 -2.52405248423 -0.953256157432
201 143 0.645457091336 2.21625341813 -2.49613556225 -0.925339235459
202 143 -0.0218458660015 1.54895046079 3.11974678759 -1.5926421928
203 144 -0.377002274342 1.19379405245 2.76459037925 -1.94779860114
204 164 -0.522589626553 1.04820670024 2.61900302704 -2.09338595335
205 166 0.555369678601 2.1261660054 -2.58622297499 -1.01542664819
206 182 0.445001838027 2.01579816482 -2.69659081556 -1.12579448877
207 182 0.607692804198 2.17848913099 -2.53389984939 -0.963103522597
208 169 -0.579955158122 0.990841168673 2.56163749547 -2.15075148492
209 184 0.557026107613 2.12782243441 -2.58456654598 -1.01377021918
210 185 0.344774451119 1.91557077791 -2.79681820247 -1.22602187568
211 186 0.369507841696 1.94030416849 -2.77208481189 -1.2012884851
212 187 0.349745169737 1.92054149653 -2.79184748385 -1.22105115706
213 156 0.419202089959 1.98999841675 -2.72239056363 -1.15159423684
214 188 0.504251636536 2.07504796333 -2.63734101705 -1.06654469026
215 189 0.45775649289 2.02855281968 -2.6838361607 -1.1130398339
216 190 0.364456104452 1.93525243125 -2.77713654914 -1.20634022234
217 191 0.557838615938 2.12863494273 -2.58375403765 -1.01295771086
218 191 0.0630130420641 1.63380936886 -3.07857961153 -1.50778328473
219 179 0.376879394661 1.94767572146 -2.76471325893 -1.19391693213
220 201 -0.438950706493 1.1318456203 2.7026419471 -2.00974703329
221 165 0.641743646048 2.21253997284 -2.49984900754 -0.929052680747
222 205 -0.530376446333 1.04041988046 2.61121620726 -2.10117277313
223 0 -0.236074690777 1.33472163602 2.90551796281 -1.80687101757
224 168 0.144539692956 1.71533601975 -2.99705296063 -1.42625663384
225 169 0.110259959621 1.68105628642 -3.03133269397 -1.46053636717
226 208 0.716105573103 2.2869018999 -2.42548708049 -0.854690753692
227 210 0.325194606979 1.89599093377 -2.81639804661 -1.24560171982
228 211 0.367669396493 1.93846572329 -2.7739232571 -1.2031269303
229 212 0.383008829234 1.95380515603 -2.75858382436 -1.18778749756
230 212 0.754504339409 2.3253006662 -2.38708831418 -0.816291987386
231 214 0.664682182728 2.23547850952 -2.47691047086 -0.906114144067
232 215 -0.763527112998 0.807269213797 2.37806554059 -2.33432343979
233 216 0.123332045647 1.69412837244 -3.01826060794 -1.44746428115
234 217 0.0582806528477 1.62907697964 -3.08331200074 -1.51251567395
235 193 0.238701440871 1.80949776767 -2.90289121272 -1.33209488592
236 193 -0.54833226111 1.02246406569 2.59326039248 -2.1191285879
237 196 0.67540640797 2.24620273476 -2.46618624562 -0.895389918825
238 197 -0.444893657343 1.12590266945 2.69669899625 -2.01568998414
239 198 -0.0711438494797 1.49965247732 3.07044880411 -1.64194017627
240 200 -0.247488390423 1.32330793637 2.89410426317 -1.81828471722
241 202 0.7828495694 2.3536458962 -2.35874308419 -0.787946757395
242 203 0.779211165802 2.3500074926 -2.36238148779 -0.791585160993
243 205 0.33521712193 1.90601344873 -2.80637553166 -1.23557920486
244 222 0.330490354372 1.90128668117 -2.81110229922 -1.24030597242
245 207 0.216271348479 1.78706767527 -2.92532130511 -1.35452497832
246 209 0.524283423244 2.09507975004 -2.61730923035 -1.04651290355
247 227 0.42922208162 2.00001840842 -2.71237057197 -1.14157424517
248 228 0.422616824815 1.99341315161 -2.71897582877 -1.14817950198
249 229 0.499204757878 2.07000108467 -2.64238789571 -1.07159156892
250 214 0.647756807255 2.21855313405 -2.49383584633 -0.92303951954
251 231 0.598338208711 2.16913453551 -2.54325444488 -0.972458118083
252 232 0.527816170806 2.0986124976 -2.61377648278 -1.04298015599
253 232 0.160524018793 1.73132034559 -2.9810686348 -1.410272308
254 233 0.0732154160122 1.64401174281 -3.06837723758 -1.49758091078
255 218 -0.30290618215 1.26789014464 2.83868647144 -1.87370250894
256 235 0.329690185772 1.90048651257 -2.81190246782 -1.24110614102
257 195 0.290880959408 1.8616772862 -2.85071169418 -1.27991536739
258 220 0.39936073727 1.97015706406 -2.74223191632 -1.17143558953
259 243 0.306837134433 1.87763346123 -2.83475551916 -1.26395919236
260 244 0.261371739895 1.83216806669 -2.8802209137 -1.3094245869
261 0 -0.572024782148 0.998771544647 2.56956787144 -2.14282110894
262 224 -0.0527641519838 1.51803217481 3.08882850161 -1.62356047878
263 225 0.304873245665 1.87566957246 -2.83671940792 -1.26592308113
264 226 -0.430416288255 1.14038003854 2.71117636533 -2.00121261505
265 247 0.527215959665 2.09801228646 -2.61437669392 -1.04358036713
266 248 0.47179549894 2.04259182573 -2.66979715465 -1.09900082785
267 249 0.512329055631 2.08312538243 -2.62926359796 -1.05846727116
268 230 0.574645736492 2.14544206329 -2.5669469171 -0.996150590303
269 250 -0.560812035191 1.0099842916 2.5807806184 -2.13160836199
270 252 0.464713898386 2.03551022518 -2.6768787552 -1.10608242841
271 252 0.167756930576 1.73855325737 -2.97383572301 -1.40303939622
272 253 0.0884183304244 1.65921465722 -3.05317432317 -1.48237799637
273 254 -0.0648952129579 1.50590111384 3.07669744063 -1.63569153975
274 236 0.315635585457 1.88643191225 -2.82595706813 -1.25516074134
275 257 0.480727089947 2.05152341674 -2.66086556364 -1.09006923685
276 237 -0.0416361277348 1.52916019906 3.09995652586 -1.61243245453
277 237 0.117196581842 1.68799290864 -3.02439607175 -1.45359974495
278 241 0.477172836997 2.04796916379 -2.66441981659 -1.0936234898
279 242 0.157001335336 1.72779766213 -2.98459131825 -1.41379499146
280 204 0.514671736023 2.08546806282 -2.62692091757 -1.05612459077
281 221 0.396848973784 1.96764530058 -2.74474367981 -1.17394735301
282 259 -0.546125456692 1.0246708701 2.5954671969 -2.11692178349
283 245 0.180093782846 1.75089010964 -2.96149887074 -1.39070254395
284 225 -0.576043612222 0.994752714572 2.56554904137 -2.14683993902
285 263 -0.441468547811 1.12932777898 2.70012410578 -2.01226487461
286 264 -0.598289892047 0.972506434748 2.54330276154 -2.16908621884
287 265 0.669745991168 2.24054231796 -2.47184666242 -0.901050335627
288 266 0.413270632468 1.98406695926 -2.72832202112 -1.15752569433
289 266 0.290408652836 1.86120497963 -2.85118400075 -1.28038767396
290 267 -0.704453739318 0.866342587477 2.43713891427 -2.27525006611
291 250 0.717036279074 2.28783260587 -2.42455637452 -0.853760047721
292 269 -0.624409006131 0.946387320664 2.51718364746 -2.19520533293
293 270 0.181522493276 1.75231882007 -2.96007016031 -1.38927383352
294 271 0.0441113143801 1.61490764117 -3.09748133921 -1.52668501241
295 272 -0.162518828431 1.40827749836 2.97907382516 -1.73331515523
296 256 0.450915955723 2.02171228252 -2.69067669787 -1.11988037107
297 274 0.35545048149 1.92624680828 -2.7861421721 -1.21534584531
298 238 0.0174379185555 1.58823424535 -3.12415473503 -1.55335840824
299 259 0.210047423373 1.78084375017 -2.93154523022 -1.36074890342
300 282 0.206593461159 1.77738978795 -2.93499919243 -1.36420286564
301 286 -0.0205801951168 1.55021613168 3.12101245847 -1.59137652191
302 287 0.254890832275 1.82568715907 -2.88670182131 -1.31590549452
303 289 0.596446294638 2.16724262143 -2.54514635895 -0.974350032157
304 250 0.705320773204 2.2761171 -2.43627188039 -0.865475553591
305 291 0.656875122923 2.22767144972 -2.48471753067 -0.913921203872
306 292 0.600993489266 2.17178981606 -2.54059916432 -0.969802837529
307 293 0.545464216553 2.11626054335 -2.59612843704 -1.02533211024
308 294 -0.699004954071 0.871791372724 2.44258769952 -2.26980128087
309 295 0.728115707309 2.2989120341 -2.41347694628 -0.842680619486
310 295 -0.0510453907245 1.51975093607 3.09054726287 -1.62184171752
311 275 -0.194531645248 1.37626468155 2.94706100834 -1.76532797204
312 237 -0.76205261433 0.808743712464 2.37954003926 -2.33284894113
313 220 -0.504237992861 1.06655833393 2.63735466073 -2.07503431966
314 279 -0.0265323725603 1.54426395423 3.11506028103 -1.59732869936
315 281 0.351684903949 1.92248123074 -2.78990774964 -1.21911142285
316 300 0.280864025475 1.85166035227 -2.86072862811 -1.28993230132
317 283 0.207785358988 1.77858168578 -2.9338072946 -1.36301096781
318 261 0.401326541027 1.97212286782 -2.74026611256 -1.16946978577
319 284 0.0655898533647 1.63638618016 -3.07600280023 -1.50520647343
320 285 -0.151405182152 1.41939114464 2.99018747144 -1.72220150895
321 301 0.610516668114 2.18131299491 -2.53107598548 -0.960279658681
322 301 0.274900545996 1.84569687279 -2.86669210759 -1.2958957808
323 302 0.291727981715 1.86252430851 -2.84986467187 -1.27906834508
324 290 0.657754159921 2.22855048672 -2.48383849367 -0.913042166874
325 304 -0.644708864691 0.926087462104 2.4968837889 -2.21550519149
326 305 -0.515679338907 1.05511698789 2.62591331468 -2.0864756657
327 307 0.465868171074 2.03666449787 -2.67572448252 -1.10492815572
328 308 0.430677754877 2.00147408167 -2.71091489871 -1.14011857192
329 297 0.353865248238 1.92466157503 -2.78772740535 -1.21693107856
330 279 0.149187717633 1.71998404443 -2.99240493596 -1.42160860916
331 299 0.123619516439 1.69441584323 -3.01797313715 -1.44717681036
332 316 0.328153827682 1.89895015448 -2.81343882591 -1.24264249911
333 284 -0.348564384085 1.22223194271 2.7930282695 -1.91936071088
334 320 -0.597855475958 0.972940850837 2.54373717763 -2.16865180275
335 321 0.607822491591 2.17861881839 -2.533770162 -0.962973835204
336 321 0.280059485658 1.85085581245 -2.86153316793 -1.29073684114
337 322 0.309374648554 1.88017097535 -2.83221800504 -1.26142167824
338 323 -0.729366548288 0.841429778507 2.4122261053 -2.30016287508
339 304 0.70929342847 2.28008975527 -2.43229922512 -0.861502898325
340 304 0.758440277147 2.32923660394 -2.38315237644 -0.812356049648
341 325 -0.560770613845 1.01002571295 2.58082203974 -2.13156694064
342 327 0.473803611474 2.04459993827 -2.66778904212 -1.09699271532
343 328 0.437052228076 2.00784855487 -2.70454042551 -1.13374409872
344 309 0.368998570393 1.93979489719 -2.7725940832 -1.2017977564
345 309 -0.344704323233 1.22609200356 2.79688833036 -1.91550065003
346 275 -0.618351932418 0.952444394377 2.52324072117 -2.18914825921
347 277 0.522709145487 2.09350547228 -2.6188835081 -1.04808718131
348 298 0.0114411574691 1.58223748426 -3.13015149612 -1.55935516933
349 298 -0.122110180348 1.44868614645 3.01948247324 -1.69290650714
350 258 0.430273533676 2.00106986047 -2.71131911991 -1.14052279312
351 314 0.565604131158 2.13640045795 -2.57598852243 -1.00519219564
352 314 0.468059390573 2.03885571737 -2.67353326302 -1.10273693622
353 331 -0.686358814054 0.88443751274 2.45523383954 -2.25715514085
354 331 -0.402436636509 1.16835969029 2.73915601708 -1.9732329633
355 316 0.585437548503 2.1562338753 -2.55615510509 -0.985358778292
356 319 -0.666562399477 0.904233927318 2.47503025411 -2.23735872627
357 334 0.492555745928 2.06335207272 -2.64903690766 -1.07824058087
358 334 -0.192085498919 1.37871082788 2.94950715467 -1.76288182571
359 335 0.279399538084 1.85019586488 -2.86219311551 -1.29139678871
360 336 0.303485856273 1.87428218307 -2.83810679732 -1.26731047052
361 339 0.305961113455 1.87675744025 -2.83563154013 -1.26483521334
362 341 0.624256417434 2.19505274423 -2.51733623616 -0.946539909361
363 342 0.477884716978 2.04868104377 -2.66370793661 -1.09291160982
364 343 0.441779695154 2.01257602195 -2.69981295844 -1.12901663164
365 344 0.413159290257 1.98395561705 -2.72843336333 -1.15763703654
366 329 0.366020944789 1.93681727158 -2.7755717088 -1.20477538201
367 346 0.458353369961 2.02914969676 -2.68323928363 -1.11244295683
368 330 0.497969485679 2.06876581247 -2.64362316791 -1.07282684112
369 330 -0.131482102324 1.43931422447 3.01011055127 -1.70227842912
370 353 0.0329350423034 1.6037313691 -3.10865761129 -1.53786128449
371 0 -0.69565461305 0.875141713745 2.44593804054 -2.26645093984
372 318 -0.785257310561 0.785539016234 2.35633534303 -2.35605363736
373 318 -0.0574836061994 1.5133127206 3.08410904739 -1.62827993299
374 356 -0.31821545664 1.25258087015 2.82337719695 -1.88901178344
375 357 0.04120516788 1.61200149467 -3.10038748571 -1.52959115891
376 358 0.270579936458 1.84137626325 -2.87101271713 -1.30021639034
377 359 0.317325244811 1.88812157161 -2.82426740878 -1.25347108198
378 339 -0.740338632686 0.830457694109 2.4012540209 -2.31113495948
379 361 -0.532450607904 1.03834571889 2.60914204569 -2.1032469347
380 362 0.204196574108 1.7749929009 -2.93739607948 -1.36659975269
381 364 0.524137785593 2.09493411239 -2.617454868 -1.0466585412
382 345 0.400955988469 1.97175231526 -2.74063666512 -1.16984033833
383 345 -0.521056451037 1.04973987576 2.62053620255 -2.09185277783
384 311 0.256670613476 1.82746694027 -2.88492204011 -1.31412571332
385 346 -0.133441357868 1.43735496893 3.00815129572 -1.70423768466
386 347 0.299580545051 1.87037687185 -2.84201210854 -1.27121578174
387 348 -0.52963480575 1.04116152105 2.61195784784 -2.10043113254
388 349 -0.534385570018 1.03641075678 2.60720708357 -2.10518189681
389 349 0.175374919616 1.74617124641 -2.96621773397 -1.39542140718
390 351 0.268555449818 1.83935177661 -2.87303720377 -1.30224087698
391 353 -0.76984760672 0.800948720075 2.37174504687 -2.34064393352
392 370 0.664758174472 2.23555450127 -2.47683447912 -0.906038152323
393 354 0.665836854889 2.23663318168 -2.4757557987 -0.904959471906
394 374 0.0736848388603 1.64448116566 -3.06790781473 -1.49711148793
395 374 -0.582901256734 0.987895070061 2.55869139686 -2.15369758353
396 375 0.647645825056 2.21844215185 -2.49394682853 -0.923150501738
397 376 0.581368783962 2.15216511076 -2.56022386963 -0.989427542833
398 377 0.588051332673 2.15884765947 -2.55354132092 -0.982744994122
399 338 0.664708469668 2.23550479646 -2.47688418392 -0.906087857127
400 339 0.693511508783 2.26430783558 -2.44808114481 -0.877284818012
401 378 0.656797156662 2.22759348346 -2.48479549693 -0.913999170133
402 379 0.553154319873 2.12395064667 -2.58843833372 -1.01764200692
403 380 0.680482846559 2.25127917335 -2.46110980703 -0.890313480236
404 380 0.150706659688 1.72150298648 -2.9908859939 -1.42008966711
405 365 0.451416952657 2.02221327945 -2.69017570093 -1.11937937414
406 368 0.397943784356 1.96874011115 -2.74364886923 -1.17285254244
407 368 -0.620165652172 0.950630674623 2.52142700142 -2.19096197897
408 391 -0.367091215161 1.20370511163 2.77450143843 -1.93788754196
409 317 0.122930132428 1.69372645922 -3.01866252116 -1.44786619437
410 372 -0.14825350659 1.4225428202 2.993339147 -1.71904983338
411 356 0.364648836633 1.93544516343 -2.77694381696 -1.20614749016
412 396 0.553560211608 2.1243565384 -2.58803244198 -1.01723611519
413 397 0.522432433743 2.09322876054 -2.61916021985 -1.04836389305
414 398 0.540263357976 2.11105968477 -2.60132929561 -1.03053296882
415 398 -0.657340546856 0.913455779939 2.48425210673 -2.22813687365
416 400 -0.756658723218 0.814137603577 2.38493393037 -2.32745505001
417 401 -0.629585124474 0.941211202321 2.51200752912 -2.20038145127
418 402 0.220637661362 1.79143398816 -2.92095499223 -1.35015866543
419 403 0.132265658915 1.70306198571 -3.00932699467 -1.43853066788
420 382 0.286199345569 1.85699567236 -2.85539330802 -1.28459698123
421 382 -0.523201204438 1.04759512236 2.61839144915 -2.09399753123
422 389 -0.416720325297 1.1540760015 2.72487232829 -1.98751665209
423 369 0.389619490688 1.96041581748 -2.7519731629 -1.18117683611
424 391 0.600054541712 2.17085086851 -2.54153811188 -0.970741785083
425 408 0.691408149591 2.26220447639 -2.450184504 -0.879388177204
426 0 0.730058031726 2.30085435852 -2.41153462186 -0.840738295068
427 394 0.0289030546212 1.59969938142 -3.11268959897 -1.54189327217
428 412 0.535554391297 2.10635071809 -2.60603826229 -1.0352419355
429 413 0.508805739899 2.07960206669 -2.63278691369 -1.0619905869
430 414 0.559613733023 2.13041005982 -2.58197892057 -1.01118259377
431 416 0.667672153392 2.23846848019 -2.4739205002 -0.903124173403
432 417 0.600910934694 2.17170726149 -2.5406817189 -0.969885392101
433 417 0.22938361642 1.80017994322 -2.91220903717 -1.34141271037
434 418 0.131142572918 1.70193889971 -3.01045008067 -1.43965375388
435 404 -0.24771201536 1.32308431144 2.89388063823 -1.81850834215
436 384 0.0858533875427 1.65664971434 -3.05573926605 -1.48494293925
437 367 -0.472458499447 1.09833782735 2.66913415414 -2.04325482624
438 367 0.502631081487 2.07342740828 -2.6389615721 -1.06816524531
439 367 -0.0812926160542 1.48950371074 3.06030003754 -1.65208894285
440 387 -0.354581502633 1.21621482416 2.78701115096 -1.92537782943
441 388 -0.245052573933 1.32574375286 2.89654007966 -1.81584890073
442 369 -0.571773403493 0.999022923302 2.5698192501 -2.14256973029
443 390 0.639907556527 2.21070388332 -2.50168509706 -0.930888770268
444 425 0.552572513344 2.12336884014 -2.58902014025 -1.01822381345
445 245 -0.352065079847 1.21873124695 2.78952757374 -1.92286140664
446 394 0.507524809119 2.07832113591 -2.63406784447 -1.06327151768
447 394 -0.426415955927 1.14438037087 2.71517669766 -1.99721228272
448 428 0.517217374255 2.08801370105 -2.62437527934 -1.05357895254
449 429 0.493594498513 2.06439082531 -2.64799815508 -1.07720182828
450 430 0.516457858573 2.08725418537 -2.62513479502 -1.05433846822
451 415 0.601740652566 2.17253697936 -2.53985200102 -0.969055674229
452 431 0.511610194168 2.08240652096 -2.62998245942 -1.05918613263
453 432 0.485228659758 2.05602498655 -2.65636399383 -1.08556766704
454 432 0.208908173393 1.77970450019 -2.9326844802 -1.3618881534
455 433 0.130168534447 1.70096486124 -3.01142411914 -1.44062779235
456 434 -0.0240363927726 1.54675993402 3.11755626082 -1.59483271957
457 420 0.383701254579 1.95449758137 -2.75789139901 -1.18709507222
458 421 0.337757550297 1.90855387709 -2.80383510329 -1.2330387765
459 386 -0.132462927182 1.43833339961 3.00912972641 -1.70325925398
460 407 0.285552090732 1.85634841753 -2.85604056286 -1.28524423606
461 423 -0.618809312868 0.951987013927 2.52278334072 -2.18960563966
462 424 0.614665673903 2.1854620007 -2.52692697969 -0.956130652892
463 444 0.466845683951 2.03764201075 -2.67474696964 -1.10395064284
464 372 -0.72876558476 0.842030742035 2.41282706883 -2.29956191155
465 410 -0.495597229929 1.07519909687 2.64599542366 -2.06639355672
466 446 -0.00377338109505 1.5670229457 3.13781927249 -1.57456970789
467 446 -0.742144141055 0.82865218574 2.39944851253 -2.31294046785
468 447 -0.753158533717 0.817637793078 2.38843411987 -2.32395486051
469 448 0.588979998432 2.15977632523 -2.55261265516 -0.981816328363
470 449 0.383488692535 1.95428501933 -2.75810396105 -1.18730763426
471 449 0.238737572157 1.80953389895 -2.90285508143 -1.33205875464
472 450 -0.765048723821 0.805747602974 2.37654392977 -2.33584505062
473 452 0.40999754106 1.98079386785 -2.73159511253 -1.16079878574
474 452 -0.650859620504 0.919936706291 2.49073303309 -2.2216559473
475 453 0.195919668306 1.7667159951 -2.94567298528 -1.37487665849
476 454 0.0707286355886 1.64152496238 -3.070864018 -1.50006769121
477 455 -0.125879534087 1.44491679271 3.0157131195 -1.69667586088
478 457 -0.299205246589 1.27159108021 2.842387407 -1.87000157338
479 436 0.493603702571 2.06440002937 -2.64798895102 -1.07719262422
480 438 -0.0665017790156 1.50429454778 3.07509087457 -1.63729810581
481 422 -0.0479935955325 1.52280273126 3.09359905806 -1.61878992233
482 443 0.693661871063 2.26445819786 -2.44793078253 -0.877134455731
483 462 0.532919461621 2.10371578842 -2.60867319197 -1.03787686517
484 462 -0.494908134852 1.07588819194 2.64668451874 -2.06570446165
485 245 -0.532194144876 1.03860218192 2.60939850871 -2.10299047167
486 468 -0.146555632265 1.42424069453 2.99503702132 -1.71735195906
487 469 0.187482207462 1.75827853426 -2.95411044613 -1.38331411933
488 471 0.521457994425 2.09225432122 -2.62013465917 -1.04933833237
489 400 0.685459971623 2.25625629842 -2.45613268197 -0.885336355172
490 473 0.607470484232 2.17826681103 -2.53412216936 -0.963325842562
491 474 0.550363920983 2.12116024778 -2.59122873261 -1.02043240581
492 475 0.538072740481 2.10886906728 -2.60351991311 -1.03272358631
493 476 -0.68113428015 0.889662046645 2.46045837344 -2.25193060694
494 477 0.759779766978 2.33057609377 -2.38181288661 -0.811016559817
495 457 0.405057772767 1.97585409956 -2.73653488082 -1.16573855403
496 437 0.224176693025 1.79497301982 -2.91741596057 -1.34661963377
497 437 -0.55484950489 1.0159468219 2.5867431487 -2.12564583169
498 460 -0.701397844245 0.86939848255 2.44019480934 -2.27219417104
499 483 -0.0811097376342 1.48968658916 3.06048291596 -1.65190606443
500 426 -0.262787841588 1.30800848521 2.878804812 -1.83358416838
501 464 -0.616019919659 0.954776407136 2.52557273393 -2.18681624645
502 466 -0.0924392679162 1.47835705888 3.04915338567 -1.66323559471
503 467 -0.363903238036 1.20689308876 2.77768941555 -1.93469956483
504 486 0.461043722911 2.03184004971 -2.68054893068 -1.10975260388
505 486 0.180795660166 1.75159198696 -2.96079699342 -1.39000066663
506 487 0.196918015375 1.76771434217 -2.94467463821 -1.37387831142
507 472 0.593888538184 2.16468486498 -2.54770411541 -0.976907788611
508 473 0.439867331303 2.0106636581 -2.70172532229 -1.13092899549
509 490 0.467571157334 2.03836748413 -2.67402149626 -1.10322516946
510 490 -0.591973514453 0.978822812342 2.54961913914 -2.16276984125
511 492 0.439225200113 2.01002152691 -2.70236745348 -1.13157112668
512 493 0.435186576623 2.00598290342 -2.70640607697 -1.13560975017
513 494 -0.0757995988941 1.4949967279 3.0657930547 -1.64659592569
514 478 0.417771719518 1.98856804631 -2.72382093407 -1.15302460728
515 496 0.670410704411 2.24120703121 -2.47118194918 -0.900385622384
516 459 0.442822406459 2.01361873325 -2.69877024713 -1.12797392034
517 440 0.218076952363 1.78887327916 -2.92351570123 -1.35271937443
518 440 -0.179411219742 1.39138510705 2.96218143385 -1.75020754654
519 481 -0.0137996405404 1.55699668625 3.12779301305 -1.58459596734
520 483 0.48088331649 2.05167964328 -2.6607093371 -1.0899130103
521 499 0.453992104293 2.02478843109 -2.6876005493 -1.1168042225
522 245 -0.723138534874 0.847657791921 2.41845411872 -2.29393486167
523 0 0.354624755266 1.92542108206 -2.78696789832 -1.21617157153
524 466 0.484084527805 2.0548808546 -2.65750812578 -1.08671179899
525 502 -0.661739867104 0.909056459691 2.47985278649 -2.2325361939
526 503 0.767826221276 2.33862254807 -2.37376643231 -0.802970105519
527 504 0.445334287688 2.01613061448 -2.6962583659 -1.12546203911
528 504 0.166766072824 1.73756239962 -2.97482658077 -1.40403025397
529 505 0.176213079708 1.7470094065 -2.96537957388 -1.39458324709
530 506 -0.76147179816 0.809324528634 2.38012085543 -2.33226812496
531 508 0.627200335902 2.1979966627 -2.51439231769 -0.943595990893
532 509 -0.663006293002 0.907790033792 2.47858636059 -2.2338026198
533 511 0.430373557068 2.00116988386 -2.71121909652 -1.14042276973
534 512 0.428738126014 1.99953445281 -2.71285452758 -1.14205820078
535 494 0.389133647271 1.95992997407 -2.75245900632 -1.18166267952
536 515 0.538691093377 2.10948742017 -2.60290156021 -1.03210523342
537 497 0.493014797544 2.06381112434 -2.64857785605 -1.07778152925
538 480 0.564100036953 2.13489636375 -2.57749261664 -1.00669628984
539 516 -0.312291184475 1.25850514232 2.82930146911 -1.88308751127
540 481 0.491195088701 2.0619914155 -2.65039756489 -1.07960123809
541 498 -0.699784367683 0.871011959112 2.44180828591 -2.27058069448
542 461 -0.720019855651 0.850776471144 2.42157279794 -2.29081618245
543 461 -0.128888560128 1.44190776667 3.01270409346 -1.69968488692
544 520 0.4170496526 1.98784597939 -2.72454300099 -1.1537466742
545 520 -0.429259123375 1.14153720342 2.71233353021 -2.00005545017
546 524 -0.451158196801 1.11963812999 2.69043445679 -2.0219545236
547 525 -0.362306103811 1.20849022298 2.77928654978 -1.93310243061
548 526 -0.359338611269 1.21145771553 2.78225404232 -1.93013493806
549 527 0.154601632338 1.72539795913 -2.98699102125 -1.41619469446
550 528 0.167061817094 1.73785814389 -2.9745308365 -1.4037345097
551 530 0.480842141362 2.05163846816 -2.66075051223 -1.08995418543
552 508 0.57081944806 2.14161577486 -2.57077320553 -0.999976878734
553 531 0.557885957319 2.12868228411 -2.58370669627 -1.01291036948
554 532 0.509309047636 2.08010537443 -2.63228360595 -1.06148727916
555 533 0.420877344522 1.99167367132 -2.72071530907 -1.14991898227
556 534 0.421717226034 1.99251355283 -2.71987542756 -1.14907910076
557 513 0.421543434163 1.99233976096 -2.72004921943 -1.14925289263
558 513 -0.216894759526 1.35390156727 2.92469789406 -1.78769108632
559 536 0.772274509697 2.34307083649 -2.36931814389 -0.798521817098
560 519 0.435302072714 2.00609839951 -2.70629058088 -1.13549425408
561 544 -0.144125175222 1.42667115157 2.99746747837 -1.71492150202
562 55 -0.173656090476 1.39714023632 2.96793656311 -1.74445241727
563 500 -0.497110426665 1.07368590013 2.64448222693 -2.06790675346
564 546 0.0858802984812 1.65667662528 -3.05571235511 -1.48491602831
565 547 -0.126524639245 1.44427168755 3.01506801434 -1.69732096604
566 548 0.139923853728 1.71072018052 -3.00166879986 -1.43087247307
567 549 0.154231102201 1.725027429 -2.98736155139 -1.41656522459
568 553 0.434996813673 2.00579314047 -2.70659583992 -1.13579951312
569 553 -0.654096411017 0.916699915778 2.48749624257 -2.22489273781
570 554 0.133641982596 1.70443830939 -3.00795067099 -1.4371543442
571 556 0.493498449656 2.06429477645 -2.64809420393 -1.07729787714
572 535 0.431377322083 2.00217364888 -2.71021533151 -1.13941900471
573 496 0.173906933618 1.74470326041 -2.96768571997 -1.39688939318
574 517 -0.0712714801217 1.49952484667 3.07032117347 -1.64206780692
575 518 -0.10800241574 1.46279391105 3.03359023785 -1.67879874254
576 541 0.254603752636 1.82540007943 -2.88698890095 -1.31619257416
577 541 -0.398718257798 1.172078069 2.74287439579 -1.96951458459
578 544 0.458600065705 2.0293963925 -2.68299258788 -1.11219626109
579 561 0.442694782741 2.01349110954 -2.69889787085 -1.12810154405
580 55 -0.316178871897 1.2546174549 2.82541378169 -1.88697519869
581 524 0.297008753486 1.86780508028 -2.8445839001 -1.27378757331
582 546 0.762021900545 2.33281822734 -2.37957075305 -0.80877442625
583 564 -0.776508229685 0.79428809711 2.36508442391 -2.34730455648
584 565 0.487518307595 2.05831463439 -2.65407434599 -1.0832780192
585 566 0.451066888647 2.02186321544 -2.69052576494 -1.11972943815
586 551 0.245804604737 1.81660093153 -2.89578804885 -1.32499172206
587 551 -0.778157108583 0.792639218212 2.36343554501 -2.34895343538
588 568 0.432852773509 2.0036491003 -2.70873988008 -1.13794355329
589 569 0.428355214667 1.99915154146 -2.71323743892 -1.14244111213
590 570 0.605043417452 2.17583974425 -2.53654923614 -0.965752909343
591 570 0.105663366003 1.6764596928 -3.03592928759 -1.46513296079
592 571 -0.0859788138561 1.48481751294 3.05561383973 -1.65677514065
593 557 0.433234940893 2.00403126769 -2.7083577127 -1.1375613859
594 558 0.379677063706 1.9504733905 -2.76191558988 -1.19111926309
595 538 -0.0882286086458 1.48256771815 3.05336404494 -1.65902493544
596 574 -0.235821700604 1.33497462619 2.90577095299 -1.8066180274
597 542 -0.414897372412 1.15589895438 2.72669528118 -1.98569369921
598 578 -0.502290504908 1.06850582189 2.63930214868 -2.0730868317
599 0 0.0634318241094 1.6342281509 -3.07816082948 -1.50736450269
600 581 -0.653888777228 0.916907549567 2.48770387636 -2.22468510402
601 584 0.403922607983 1.97471893478 -2.73767004561 -1.16687371881
602 585 0.397122362167 1.96791868896 -2.74447029142 -1.17367396463
603 586 0.391835037503 1.9626313643 -2.74975761609 -1.17896128929
604 551 0.522106722814 2.09290304961 -2.61948593078 -1.04868960398
605 587 0.557155022821 2.12795134962 -2.58443763077 -1.01364130397
606 587 0.612989555032 2.18378588183 -2.52860309856 -0.957806771763
607 588 -0.750281473306 0.820514853489 2.39131118028 -2.3210778001
608 589 0.139325965292 1.71012229209 -3.0022666883 -1.4314703615
609 590 0.0749536789716 1.64575000577 -3.06663897462 -1.49584264782
610 573 -0.463971704273 1.10682462252 2.67762094932 -2.03476803107
611 516 0.0229268427461 1.59372316954 -3.11866581084 -1.54786948405
612 539 -0.366253329556 1.20454299724 2.77533932403 -1.93704965635
613 560 0.126389588809 1.6971859156 -3.01520306478 -1.44440673799
614 576 -0.454827698191 1.1159686286 2.6867649554 -2.02562402499
615 578 0.329696541975 1.90049286877 -2.81189611161 -1.24109978482
616 598 0.433986665289 2.00478299208 -2.7076059883 -1.13680966151
617 55 -0.464561699448 1.10623462735 2.67703095414 -2.03535802624
618 582 -0.132539035978 1.43825729082 3.00905361761 -1.70333536277
619 601 0.40030397215 1.97110029894 -2.74128868144 -1.17049235465
620 602 0.392533762698 1.96333008949 -2.74905889089 -1.1782625641
621 603 0.437999540191 2.00879586699 -2.7035931134 -1.1327967866
622 605 0.281275288363 1.85207161516 -2.86031736523 -1.28952103843
623 607 0.482929743286 2.05372607008 -2.6586629103 -1.08786658351
624 607 0.14398124342 1.71477757021 -2.99761141017 -1.42681508337
625 608 0.0614745248728 1.63227085167 -3.08011812872 -1.50932180192
626 591 -0.295800748289 1.27499557851 2.8457919053 -1.86659707508
627 592 -0.363630372689 1.20716595411 2.7779622809 -1.93442669948
628 559 0.0371548562929 1.60795118309 -3.1044377973 -1.5336414705
629 559 -0.250886877177 1.31990944962 2.89070577641 -1.82168320397
630 577 0.597649148084 2.16844547488 -2.54394350551 -0.973147178711
631 615 0.500200282267 2.07099660906 -2.64139237132 -1.07059604453
632 616 0.404004650978 1.97480097777 -2.73758800261 -1.16679167582
633 563 0.337127486035 1.90792381283 -2.80446516755 -1.23366884076
634 581 0.151231550442 1.72202787724 -2.99036110315 -1.41956477635
635 582 0.344340835105 1.9151371619 -2.79725181848 -1.22645549169
636 582 -0.566743885212 1.00405244158 2.57484876838 -2.13754021201
637 619 0.398494554867 1.96929088166 -2.74309809872 -1.17230177193
638 620 0.388310175905 1.9591065027 -2.75328247768 -1.18248615089
639 621 0.407644006291 1.97844033309 -2.7339486473 -1.1631523205
640 604 0.53687446677 2.10767079357 -2.60471818682 -1.03392186002
641 605 0.743261636289 2.31405796308 -2.3983310173 -0.827534690506
642 623 0.381586198843 1.95238252564 -2.76000645475 -1.18921012795
643 623 0.121556580926 1.69235290772 -3.02003607266 -1.44923974587
644 624 0.0489834890817 1.61977981588 -3.09260916451 -1.52181283771
645 625 -0.103606284483 1.46719004231 3.03798636911 -1.67440261128
646 627 0.330836503791 1.90163283059 -2.8107561498 -1.239959823
647 610 0.253661488441 1.82445781524 -2.88793116515 -1.31713483835
648 611 0.367806066481 1.93860239328 -2.77378658711 -1.20299026031
649 611 0.230149105195 1.80094543199 -2.91144354839 -1.3406472216
650 596 0.776786628596 2.34758295539 -2.36480602499 -0.794009698199
651 596 -0.688058443921 0.882737882874 2.45353420967 -2.25885477072
652 576 -0.187385519353 1.38341080744 2.95420713424 -1.75818184615
653 576 0.681616778686 2.25241310548 -2.4599758749 -0.889179548108
654 597 0.583425702603 2.1542220294 -2.55816695099 -0.987370624192
655 631 -0.348482908457 1.22231341834 2.79310974513 -1.91927923525
656 55 -0.61975842937 0.951037897425 2.52183422422 -2.19055475616
657 0 -0.272143998215 1.29865232858 2.86944865538 -1.84294032501
658 600 0.366190869678 1.93698719647 -2.77540178391 -1.20460545712
659 635 0.724280188596 2.29507651539 -2.41731246499 -0.846516138199
660 636 0.713676943204 2.28447327 -2.42791571039 -0.857119383591
661 637 0.488225378219 2.05902170501 -2.65336727537 -1.08257094858
662 638 0.290024754595 1.86082108139 -2.85156789899 -1.2807715722
663 638 0.146271086858 1.71706741365 -2.99532156673 -1.42452523994
664 639 0.71403171665 2.28482804345 -2.42756093694 -0.856764610145
665 605 0.468130408853 2.03892673565 -2.67346224474 -1.10266591794
666 641 0.314283603244 1.88507993004 -2.82730905035 -1.25651272355
667 641 -0.743443946971 0.827352379824 2.39814870662 -2.31424027377
668 642 0.107767941333 1.67856426813 -3.03382471226 -1.46302838546
669 643 -0.0202392563321 1.55055707046 3.12135339726 -1.59103558313
670 644 -0.226145728087 1.34465059871 2.9154469255 -1.79694205488
671 646 -0.218259555953 1.35253677084 2.92333309764 -1.78905588275
672 628 -0.00906737288578 1.56172895391 3.1325252807 -1.57986369968
673 631 0.517031887993 2.08782821479 -2.6245607656 -1.0537644388
674 655 0.403892942673 1.97468926947 -2.73769971092 -1.16690338412
675 660 -0.230861888117 1.33993443868 2.91073076547 -1.80165821491
676 661 0.10617173959 1.67696806638 -3.035420914 -1.4646245872
677 663 0.446654298274 2.01745062507 -2.69493835532 -1.12414202852
678 665 0.553408883053 2.12420520985 -2.58818377054 -1.01738744374
679 666 0.526036814024 2.09683314082 -2.61555583957 -1.04475951277
680 667 0.470485108686 2.04128143548 -2.6711075449 -1.10031121811
681 668 0.450531835096 2.02132816189 -2.69106081849 -1.1202644917
682 669 -0.782546534016 0.788249792779 2.35904611957 -2.35334286081
683 670 0.638946675144 2.20974300194 -2.50264597845 -0.931849651651
684 646 0.320161789697 1.89095811649 -2.82143086389 -1.2506345371
685 628 -0.15096749486 1.41982883193 2.99062515873 -1.72176382165
686 648 0.544175707301 2.1149720341 -2.59741694629 -1.02662061949
687 649 0.611469363684 2.18226569048 -2.53012328991 -0.959326963111
688 651 -0.319489989432 1.25130633736 2.82210266416 -1.89028631623
689 614 -0.481085558965 1.08971076783 2.66050709462 -2.05188188576
690 654 0.652461040655 2.22325736745 -2.48913161293 -0.91833528614
691 674 0.427004428945 1.99780075574 -2.71458822464 -1.14379189785
692 38 0.66365586029 2.23445218708 -2.4779367933 -0.907140466505
693 633 -0.338784776063 1.23201155073 2.80280787753 -1.90958110286
694 658 -0.480055046785 1.09074128001 2.6615376068 -2.05085137358
695 659 -0.435624502204 1.13517182459 2.70596815139 -2.006420829
696 675 0.39151095715 1.96230728394 -2.75008169644 -1.17928536964
697 675 0.111002591152 1.68179891795 -3.03059006244 -1.45979373564
698 676 0.143756037263 1.71455236406 -2.99783661633 -1.42704028953
699 664 0.521098508978 2.09189483577 -2.62049414461 -1.04969781782
700 678 -0.71549892029 0.855297406505 2.4260937333 -2.28629524708
701 679 -0.657087510988 0.913708815807 2.4845051426 -2.22788383778
702 681 0.353346519149 1.92414284594 -2.78824613444 -1.21744980765
703 682 0.327783104583 1.89857943138 -2.81380954901 -1.24301322221
704 671 0.189034404476 1.75983073127 -2.95255824911 -1.38176192232
705 25 -0.161467170968 1.40932915583 2.98012548262 -1.73226349776
706 27 -0.349827924328 1.22096840247 2.79176472926 -1.92062425112
707 29 -0.618532073076 0.952264253718 2.52306058051 -2.18932839987
708 29 0.240818751798 1.81161507859 -2.90077390179 -1.329977575
709 31 0.408517050133 1.97931337693 -2.73307560346 -1.16227927666
710 31 -0.229295382143 1.34150094465 2.91229727145 -1.80009170894
711 673 0.501211195265 2.07200752206 -2.64038145833 -1.06958513153
712 691 0.254891835717 1.82568816251 -2.88670081787 -1.31590449108
713 691 0.643219074965 2.21401540176 -2.49837357863 -0.92757725183
714 1 -0.746708376822 0.824087949973 2.39488427677 -2.31750470362
715 2 -0.340473670426 1.23032265637 2.80111898316 -1.91126999722
716 4 0.0950854314507 1.66588175825 -3.04650722214 -1.47571089534
717 695 0.714275754332 2.28507208113 -2.42731689926 -0.856520572463
718 696 0.38734797353 1.95814430032 -2.75424468006 -1.18344835327
719 696 0.106203206649 1.67699953344 -3.03538944694 -1.46459312015
720 697 0.140968852946 1.71176517974 -3.00062380064 -1.42982747385
721 13 0.242275683124 1.81307200992 -2.89931697047 -1.32852064367
722 678 0.603280652395 2.17407697919 -2.5383120012 -0.9675156744
723 700 -0.705925433563 0.864870893231 2.43566722003 -2.27672176036
724 702 0.346812651609 1.9176089784 -2.79478000198 -1.22398367519
725 703 0.318241535346 1.88903786214 -2.82335111824 -1.25255479145
726 683 0.252193971132 1.82299029793 -2.88939868246 -1.31860235566
727 24 -0.405268758745 1.16552756805 2.73632389484 -1.97606508554
728 26 -0.17910627152 1.39169005528 2.96248638207 -1.74990259831
729 31 -0.780299854053 0.790496472741 2.36129279954 -2.35109618085
730 34 0.264363175478 1.83515950227 -2.87722947811 -1.30643315132
731 34 -0.704308301884 0.866488024911 2.43728435171 -2.27510462868
732 711 -0.597052984143 0.973743342652 2.54453966945 -2.16784931094
733 4 0.571327301824 2.14212362862 -2.57026535177 -0.999469024971
734 8 0.262672332928 1.83346865972 -2.87892032066 -1.30812399387
735 10 0.304009446278 1.87480577307 -2.83758320731 -1.26678688052
736 12 0.318954704291 1.88975103109 -2.8226379493 -1.2518416225
737 13 -0.0631234917123 1.50767283508 3.07846916188 -1.63391981851
738 16 0.227187092266 1.79798341906 -2.91440556132 -1.34360923453
739 18 0.327329784767 1.89812611156 -2.81426286882 -1.24346654203
740 20 0.155702089069 1.72649841586 -2.98589056452 -1.41509423773
741 20 0.655525895008 2.2263222218 -2.48606675858 -0.915270431787
742 22 -0.724507985915 0.84628834088 2.41708466768 -2.29530431271
743 23 -0.71970970121 0.851086625585 2.42188295238 -2.290506028
744 24 0.239794776375 1.81059110317 -2.90179787721 -1.33100155042
745 25 0.280212112613 1.85100843941 -2.86138054098 -1.29058421418
746 27 0.235885352753 1.80668167955 -2.90570730084 -1.33491097404
747 29 0.59265364798 2.16344997477 -2.54893900561 -0.978142678815
748 33 0.087846853971 1.65864318077 -3.05374579962 -1.48294947282
749 36 -0.348513051969 1.22228327483 2.79307960162 -1.91930937876
750 38 0.436590889005 2.0073872158 -2.70500176458 -1.13420543779
751 148 -0.68038713817 0.890409188625 2.46120551542 -2.25118346497
