386 4 0
0 12 -0.534159177189 1.03663714961 2.6074334764 -2.10495550398
1 13 0.211125352749 1.78192167954 -2.93046730084 -1.35967097405
2 105 0.56801441796 2.13881074475 -2.57357823563 -1.00278190884
3 15 0.592604479263 2.16340080606 -2.54898817433 -0.978191847531
4 127 0.352830485995 1.92362681279 -2.7887621676 -1.2179658408
5 80 0.600790557232 2.17158688403 -2.54080209636 -0.970005769563
6 79 0.468734101906 2.0395304287 -2.67285855168 -1.10206222489
7 101 0.2012969838 1.77209331059 -2.94029566979 -1.369499343
8 127 0.58497284612 2.15576917291 -2.55661980747 -0.985823480675
9 76 -0.708553708139 0.862242618656 2.43303894545 -2.27935003493
10 78 0.169241222506 1.7400375493 -2.97235143108 -1.40155510429
11 96 0.353554133549 1.92435046034 -2.78803852004 -1.21724219325
12 0 -0.481749974437 1.08904635236 2.65984267915 -2.05254630123
13 1 -0.146054347946 1.42474197885 2.99553830564 -1.71685067474
14 105 -0.515816480103 1.05497984669 2.62577617349 -2.0866128069
15 3 0.532544472754 2.10334079955 -2.60904818084 -1.03825185404
16 25 0.478118609551 2.04891493635 -2.66347404404 -1.09267771724
17 102 0.166133003323 1.73692933012 -2.97545965027 -1.40466332347
18 104 0.242186264335 1.81298259113 -2.89940638926 -1.32861006246
19 106 -0.348252439784 1.22254388701 2.79334021381 -1.91904876658
20 134 -0.558561363059 1.01223496374 2.58303129053 -2.12935768985
21 46 0.203587123685 1.77438345048 -2.9380055299 -1.36720920311
22 77 0.287891817569 1.85868814436 -2.85370083602 -1.28290450923
23 87 0.287653890451 1.85845021725 -2.85393876314 -1.28314243634
24 0 -0.411648219893 1.1591481069 2.7299444337 -1.98244454669
25 16 -0.401300940627 1.16949538617 2.74029171296 -1.97209726742
26 0 -0.136343816985 1.43445250981 3.0052488366 -1.70714014378
27 16 -0.366973667056 1.20382265974 2.77461898653 -1.93776999385
28 24 -0.117392525398 1.4534038014 3.02420012819 -1.68818885219
29 25 0.169485029717 1.74028135651 -2.97210762387 -1.40131129708
30 24 -0.723975284879 0.846821041916 2.41761736871 -2.29477161167
31 27 -0.223461156602 1.34733517019 2.91813149699 -1.7942574834
32 28 0.0687590136344 1.63955534043 -3.07283363996 -1.50203731316
33 29 0.266404557898 1.83720088469 -2.87518809569 -1.3043917689
34 28 -0.568622881941 1.00217344485 2.57296977165 -2.13941920874
35 31 -0.237430355512 1.33336597128 2.90416229808 -1.80822668231
36 32 0.35204249473 1.92283882153 -2.78955015886 -1.21875383206
37 33 0.411562259682 1.98235858648 -2.73003039391 -1.15923406711
38 32 0.622771596094 2.19356792289 -2.5188210575 -0.948024730701
39 35 -0.220362225324 1.35043410147 2.92123042827 -1.79115855212
40 232 0.577311311425 2.14810763822 -2.56428134217 -0.99348501537
41 76 -0.702290503486 0.868505823309 2.4393021501 -2.27308683028
42 139 0.380320393353 1.95111672015 -2.76127226024 -1.19047593344
43 111 -0.115480761855 1.45531556494 3.02611189173 -1.68627708865
44 228 0.193810254958 1.76460658175 -2.94778239863 -1.37698607184
45 228 -0.782029650528 0.788766676267 2.35956300306 -2.35282597732
46 21 -0.0841544315661 1.48664189523 3.05743822202 -1.65495075836
47 148 -0.464394003856 1.10640232294 2.67719864973 -2.03519033065
48 78 0.10172905855 1.67252538534 -3.03986359504 -1.46906726825
49 223 0.527913898117 2.09871022491 -2.61367875547 -1.04288242868
50 77 -0.312242229955 1.25855409684 2.82935042363 -1.88303855675
51 157 -0.587959987455 0.98283633934 2.55363266613 -2.15875631425
52 64 -0.640981917401 0.929814409394 2.50061073619 -2.2117782442
53 65 0.748181235612 2.31897756241 -2.39341141798 -0.822615091183
54 66 0.65411553374 2.22491186053 -2.48747711985 -0.916680793055
55 67 -0.52775137443 1.04304495237 2.61384127916 -2.09854770122
56 68 0.501756572469 2.07255289926 -2.63983608112 -1.06903975433
57 69 0.481453319419 2.05224964621 -2.66013933417 -1.08934300738
58 147 -0.357475046667 1.21332128013 2.78411760692 -1.92827137346
59 71 -0.726803597631 0.843992729164 2.41478905596 -2.29759992443
60 72 0.332493762156 1.90329008895 -2.80909889143 -1.23830256464
61 73 0.231707575238 1.80250390203 -2.90988507835 -1.33908875156
62 156 -0.743631398942 0.827164927853 2.39796125465 -2.31442772574
63 75 0.488023135863 2.05881946266 -2.65356951773 -1.08277319093
64 52 -0.290441529442 1.28035479735 2.85115112415 -1.86123785624
65 53 0.556396035062 2.12719236186 -2.58519661853 -1.01440029173
66 54 0.445126109641 2.01592243644 -2.69646654395 -1.12567021715
67 55 -0.170003438651 1.40079288814 2.97158921494 -1.74079976545
68 56 0.64027860996 2.21107493675 -2.50131404363 -0.930517716835
69 57 0.287246377826 1.85804270462 -2.85434627576 -1.28354994897
70 146 -0.00968854947453 1.56110777732 3.13190410412 -1.58048487627
71 59 -0.60466321778 0.966133109015 2.53692943581 -2.17545954458
72 60 0.596920999607 2.1677173264 -2.54467165398 -0.973875327188
73 61 0.0356926973755 1.60648902417 -3.10589995621 -1.53510362942
74 155 -0.0471549418388 1.52364138496 3.09443771175 -1.61795126863
75 63 0.591957311004 2.1627536378 -2.54963534259 -0.978839015791
76 9 0.333764041356 1.90456036815 -2.80782861223 -1.23703228544
77 22 -0.332135956495 1.2386603703 2.80945669709 -1.90293228329
78 10 0.729446777458 2.30024310425 -2.41214587613 -0.841349549337
79 6 0.475160557028 2.04595688382 -2.66643209656 -1.09563576977
80 5 0.595687090432 2.16648341723 -2.54590556316 -0.975109236363
81 126 0.220925809835 1.79172213663 -2.92066684376 -1.34987051696
82 240 -0.192249176036 1.37854715076 2.94934347755 -1.76304550283
83 126 0.363511120604 1.9343074474 -2.77808153299 -1.20728520619
84 108 0.657097675375 2.22789400217 -2.48449497822 -0.91369865142
85 135 0.0176113923972 1.58840771919 -3.12398126119 -1.5531849344
86 120 0.387244337656 1.95804066445 -2.75434831593 -1.18355198914
87 23 -0.0990224270426 1.47177389975 3.04257022655 -1.66981875384
88 98 0.0420205228667 1.61281684966 -3.09957213072 -1.52877580393
89 97 0.500944890201 2.071741217 -2.64064776339 -1.06985143659
90 164 -0.043741495289 1.52705483151 3.0978511583 -1.61453782208
91 100 -0.151707604059 1.41908872274 2.98988504953 -1.72250393085
92 96 -0.0952614624244 1.47553486437 3.04633119117 -1.66605778922
93 218 0.0619881802189 1.63278450701 -3.07960447337 -1.50880814658
94 166 0.204767352151 1.77556367895 -2.93682530144 -1.36602897464
95 87 -0.0123677220196 1.55842860478 3.12922493157 -1.58316404881
96 11 0.653900764884 2.22469709168 -2.48769188871 -0.916895561911
97 89 0.166596805687 1.73739313248 -2.9749958479 -1.40419952111
98 88 -0.0293755222156 1.54142080458 3.11221713137 -1.60017184901
99 165 0.683493502435 2.25428982923 -2.45809915115 -0.88730282436
100 91 -0.108429132467 1.46236719433 3.03316352112 -1.67922545926
101 7 0.189812445091 1.76060877189 -2.9517802085 -1.3809838817
102 17 0.164793057019 1.73558938381 -2.97679959657 -1.40600326978
103 1 -0.40424423971 1.16655208708 2.73734841388 -1.9750405665
104 18 0.242006009901 1.8128023367 -2.89958664369 -1.32879031689
105 2 0.744196445426 2.31499277222 -2.39739620816 -0.826599881369
106 19 -0.342506209833 1.22829011696 2.79908644376 -1.91330253663
107 3 0.742786002662 2.31358232946 -2.39880665093 -0.828010324133
108 3 0.344748889085 1.91554521588 -2.79684376451 -1.22604743771
109 2 0.513556995916 2.08435332271 -2.62803565767 -1.05723933088
110 1 0.748165072211 2.31896139901 -2.39342758138 -0.822631254584
111 21 0.294882432289 1.86567875908 -2.8467102213 -1.27591389451
112 16 -0.106709527238 1.46408679956 3.03488312635 -1.67750585403
113 17 -0.0692233705264 1.50157295627 3.07236928306 -1.64001969732
114 18 -0.134084589355 1.43671173744 3.00750806423 -1.70488091615
115 19 -0.0673834892913 1.5034128375 3.0742091643 -1.63817981609
116 21 -0.21730150684 1.35349481996 2.92429114675 -1.78809783363
117 22 -0.0283552150962 1.5424411117 3.11323743849 -1.59915154189
118 23 0.128653390998 1.69944971779 -3.01293926259 -1.4421429358
119 77 -0.220742920526 1.35005340627 2.92084973306 -1.79153924732
120 86 0.366582679114 1.93737900591 -2.77500997448 -1.20421364768
121 87 0.404248312247 1.97504463904 -2.73734434134 -1.16654801455
122 102 -0.120568432027 1.45022789477 3.02102422156 -1.69136475882
123 18 0.3780461877 1.94884251449 -2.76354646589 -1.1927501391
124 19 0.182345034588 1.75314136138 -2.959247619 -1.38845129221
125 21 0.586611778369 2.15740810516 -2.55498087522 -0.984184548426
126 81 0.202476250502 1.7732725773 -2.93911640309 -1.36832007629
127 4 0.370085151799 1.94088147859 -2.77150750179 -1.200711175
128 5 0.29749133133 1.86828765812 -2.84410132226 -1.27330499547
129 9 0.570496926479 2.14129325327 -2.57109572711 -1.00029940032
130 6 -0.734604080717 0.836192246077 2.40698857287 -2.30540040751
131 6 0.47929173475 2.05008806155 -2.66230091884 -1.09150459204
132 7 0.405193695925 1.97599002272 -2.73639895766 -1.16560263087
133 7 -0.277696082139 1.29310024466 2.86389657145 -1.84849240893
134 20 -0.586921288667 0.983875038128 2.55467136492 -2.15771761546
135 85 0.0444803895085 1.6152767163 -3.09711226408 -1.52631593729
136 53 0.503941948096 2.07473827489 -2.63765070549 -1.0668543787
137 54 -0.650395965243 0.920400361552 2.49119668835 -2.22119229204
138 54 0.709029895715 2.27982622251 -2.43256275787 -0.861766431079
139 42 0.111127653141 1.68192397994 -3.03046500045 -1.45966867365
140 20 0.100717805141 1.67151413194 -3.04087484845 -1.47007852165
141 111 -0.756562964901 0.814233361894 2.38502968869 -2.3273592917
142 16 0.74194624254 2.31274256933 -2.39964641105 -0.828850084255
143 16 0.275115924458 1.84591225125 -2.86647672913 -1.29568040234
144 0 0.640238983352 2.21103531015 -2.50135367024 -0.930557343443
145 57 0.0693168297067 1.6401131565 -3.07227582388 -1.50147949709
146 70 0.0220750013321 1.59287132813 -3.11951765226 -1.54872132546
147 58 -0.664183843948 0.906612482847 2.47740880964 -2.23498017074
148 46 0.780288563248 2.35108489004 -2.36130409034 -0.790507763546
149 21 0.0171096820169 1.58790600881 -3.12448297157 -1.55368664478
150 22 -0.653812752227 0.916983574568 2.48777990136 -2.22460907902
151 17 0.472738621693 2.04353494849 -2.6688540319 -1.0980577051
152 17 0.175079354413 1.74587568121 -2.96651329918 -1.39571697238
153 13 -0.467432629606 1.10336369719 2.67416002398 -2.0382289564
154 61 -0.0238736994525 1.54692262734 3.11771895414 -1.59467002625
155 74 -0.0317993716699 1.53899695513 3.10979328192 -1.60259569846
156 62 0.487110708977 2.05790703577 -2.65448194461 -1.08368561782
157 50 0.525528683102 2.0963250099 -2.61606397049 -1.04526764369
158 23 -0.335332395613 1.23546393118 2.80626025798 -1.90612872241
159 23 0.584644881161 2.15544120796 -2.55694777243 -0.986151445634
160 104 0.248239987346 1.81903631414 -2.89335266624 -1.32255633945
161 19 0.34219340438 1.91298973117 -2.79939924921 -1.22860292241
162 2 -0.702372570114 0.868423756681 2.43922008348 -2.27316889691
163 88 0.63946731697 2.21026364377 -2.50212533662 -0.931329009825
164 90 0.253769559723 1.82456588652 -2.88782309387 -1.31702676707
165 91 0.24696092525 1.81775725204 -2.89463172834 -1.32383540155
166 94 0.24026535483 1.81106168163 -2.90132729876 -1.33053097196
167 86 0.313971874917 1.88476820171 -2.82762077867 -1.25682445188
168 86 -0.318554357377 1.25224196942 2.82303829621 -1.88935068417
169 106 0.2069642964 1.77776062319 -2.93462835719 -1.36383203039
170 85 -0.716944266592 0.853852060202 2.424648387 -2.28774059339
171 84 0.0434711552141 1.61426748201 -3.09812149838 -1.52732517158
172 16 0.53851907706 2.10931540385 -2.60307357653 -1.03227724974
173 17 -0.529131901925 1.04166442487 2.61246075166 -2.09992822872
174 17 -0.131800529901 1.43899579689 3.00979212369 -1.7025968567
175 18 -0.641191742325 0.92960458447 2.50040091126 -2.21198806912
176 18 -0.0247014564392 1.54609487036 3.11689119715 -1.59549778323
177 104 -0.180808016109 1.38998831069 2.96078463748 -1.7516043429
178 12 -0.483344760049 1.08745156675 2.65824789354 -2.05414108684
179 13 -0.358763533442 1.21203279335 2.78282912015 -1.92955986024
180 14 -0.397757189219 1.17303913758 2.74383546437 -1.96855351601
181 16 0.471715276516 2.04251160331 -2.66987737707 -1.09908105028
182 26 -0.25648919321 1.31430713358 2.88510346038 -1.82728552
183 16 0.537392278479 2.10818860527 -2.60420037511 -1.03340404832
184 30 -0.272896138969 1.29790018783 2.86869651462 -1.84369246576
185 27 -0.464530854783 1.10626547201 2.67706179881 -2.03532718158
186 34 -0.252845990172 1.31795033662 2.88874666342 -1.82364231697
187 31 -0.669348324685 0.90144800211 2.4722443289 -2.24014465148
188 38 0.318327953893 1.88912428069 -2.8232646997 -1.2524683729
189 35 0.0532191814992 1.62401550829 -3.08837347209 -1.5175771453
190 103 -0.293288547515 1.27750777928 2.84830410607 -1.86408487431
191 14 0.253309530861 1.82410585766 -2.88828312273 -1.31748679593
192 12 -0.463589714949 1.10720661185 2.67800293864 -2.03438604174
193 13 0.287895679147 1.85869200594 -2.85369697444 -1.28290064765
194 172 0.418358256239 1.98915458303 -2.72323439735 -1.15243807056
195 173 0.369572583269 1.94036891006 -2.77202007032 -1.20122374353
196 174 0.172395946638 1.74319227343 -2.96919670695 -1.39840038016
197 175 0.0196913144883 1.59048764128 -3.1219013391 -1.55110501231
198 176 0.0931032186287 1.66389954542 -3.04848943496 -1.47769310817
199 177 0.421409765945 1.99220609274 -2.72018288764 -1.14938656085
200 33 0.0681580867642 1.63895441356 -3.07343456683 -1.50263824003
201 37 -0.0437356842409 1.52706064255 3.09785696935 -1.61453201104
202 39 0.266765577994 1.83756190479 -2.8748270756 -1.3040307488
203 184 0.449693657998 2.02048998479 -2.69189899559 -1.1211026688
204 182 0.320255314924 1.89105164172 -2.82133733867 -1.25054101187
205 178 -0.215172043242 1.35562428355 2.92642061035 -1.78596837004
206 178 0.525297987807 2.0960943146 -2.61629466578 -1.04549833899
207 178 -0.35605875966 1.21473756714 2.78553389393 -1.92685508645
208 190 -0.486858852656 1.08393747414 2.65473380093 -2.05765517945
209 179 -0.4992773553 1.07151897149 2.64231529829 -2.0700736821
210 179 0.0595301656463 1.63032649244 -3.08206248794 -1.51126616115
211 180 -0.126429966354 1.44436636044 3.01516268724 -1.69722629315
212 105 0.68152974875 2.25232607554 -2.46006290484 -0.889266578045
213 105 -0.0817160780566 1.48908024874 3.05987657553 -1.65251240485
214 105 0.446570611785 2.01736693858 -2.6950220418 -1.12422571501
215 15 -0.167680525186 1.40311580161 2.9739121284 -1.73847685198
216 15 0.263979134213 1.83477546101 -2.87761351938 -1.30681719258
217 89 0.366822708445 1.93761903524 -2.77476994514 -1.20397361835
218 93 0.0160682062994 1.58686453309 -3.12552444729 -1.5547281205
219 83 0.220547880063 1.79134420686 -2.92104477353 -1.35024844673
220 83 -0.159162183137 1.41163414366 2.98243047045 -1.72995850993
221 81 -0.0427088101526 1.52808751664 3.09888384344 -1.61350513695
222 60 0.175489122273 1.74628544907 -2.96610353132 -1.39530720452
223 49 0.530955957421 2.10175228422 -2.61063669617 -1.03984036937
224 11 0.48829492222 2.05909124901 -2.65329773137 -1.08250140458
225 6 0.0741573735611 1.64495370036 -3.06743528003 -1.49663895323
226 6 0.49186246112 2.06265878792 -2.64973019247 -1.07893386567
227 56 0.400800073926 1.97159640072 -2.74079257966 -1.16999625287
228 44 0.215104514242 1.78590084104 -2.92648813935 -1.35569181255
229 9 0.322180319497 1.89297664629 -2.81941233409 -1.2486160073
230 10 -0.0239992301018 1.54679709669 3.11759342349 -1.5947955569
231 52 0.673560936963 2.24435726376 -2.46803171663 -0.897235389832
232 40 0.595888171636 2.16668449843 -2.54570448195 -0.974908155159
233 8 0.681254806672 2.25205113347 -2.46033784692 -0.889541520123
234 4 -0.598416176619 0.972380150175 2.54317647697 -2.16921250341
235 4 0.0658239026552 1.63662022945 -3.07576875093 -1.50497242414
236 0 -0.115259398429 1.45553692837 3.02633325516 -1.68605572522
237 79 0.513896476109 2.0846928029 -2.62769617748 -1.05689985069
238 14 0.395146266823 1.96594259362 -2.74644638677 -1.17565005997
239 2 0.581208261693 2.15200458849 -2.5603843919 -0.989588065102
240 82 -0.214026812248 1.35676951455 2.92756584134 -1.78482313904
241 171 -0.0376480371162 1.53314828968 3.10394461647 -1.60844436391
242 84 -0.0535509362807 1.51724539051 3.08804171731 -1.62434726308
243 82 0.203945231852 1.77474155865 -2.93764742174 -1.36685109494
244 108 -0.0904311094257 1.48036521737 3.05116154416 -1.66122743622
245 3 -0.182416588075 1.38837973872 2.95917606552 -1.75321291487
246 3 0.3509654898 1.92176181659 -2.79062716379 -1.219830837
247 2 -0.14240790081 1.42838842598 2.99918475278 -1.71320422761
248 2 0.443273812802 2.0140701396 -2.69831884079 -1.12752251399
249 109 0.434082231499 2.00487855829 -2.70751042209 -1.1367140953
250 110 -0.157281052785 1.41351527401 2.9843116008 -1.72807737958
251 1 -0.190620761117 1.38017556568 2.95097189247 -1.76141708791
252 1 0.555140505527 2.12593683232 -2.58645214806 -1.01565582127
253 0 0.702802633678 2.27359896047 -2.43879001991 -0.867993693117
254 0 -0.478767386653 1.09202894014 2.66282526694 -2.04956371345
255 24 -0.0468135883354 1.52398273846 3.09477906525 -1.61760991513
256 28 0.19833683864 1.76913316544 -2.94325581495 -1.37245948815
257 32 0.10054258137 1.67133890816 -3.04105007222 -1.47025374543
258 29 -0.318388099936 1.25240822686 2.82320455365 -1.88918442673
259 25 -0.610661124658 0.960135202137 2.53093152893 -2.18145745145
260 25 0.53214891688 2.10294524367 -2.60944373671 -1.03864740992
261 4 0.503831934166 2.07462826096 -2.63776071942 -1.06696439263
262 5 -0.0607100514292 1.51008627537 3.08088260216 -1.63150637822
263 5 0.362943830329 1.93374015712 -2.77864882326 -1.20785249647
264 80 0.442440335577 2.01323666237 -2.69915231801 -1.12835599122
265 79 0.0568334872118 1.62762981401 -3.08475916638 -1.51396283958
266 6 0.17357602278 1.74437234957 -2.96801663081 -1.39722030402
267 6 0.421931898851 1.99272822565 -2.71966075474 -1.14886442794
268 7 0.129421828847 1.70021815564 -3.01217082474 -1.44137449795
269 7 0.406127949945 1.97692427674 -2.73546470365 -1.16466837685
270 101 0.396778031866 1.96757435866 -2.74481462172 -1.17401829493
271 81 -0.0240586811994 1.5467376456 3.11753397239 -1.59485500799
272 81 0.194449631814 1.76524595861 -2.94714302178 -1.37634669498
273 85 -0.0601159836131 1.51068034318 3.08147666998 -1.63091231041
274 85 0.279986664948 1.85078299174 -2.86160598864 -1.29080966185
275 106 -0.0356505713847 1.53514575541 3.10594208221 -1.60644689818
276 19 -0.0643162269746 1.50648009982 3.07727642662 -1.63511255377
277 19 0.410068227056 1.98086455385 -2.73152442653 -1.16072809974
278 52 -0.207152056376 1.36364427042 2.93444059721 -1.77794838317
279 52 -0.731090601995 0.8397057248 2.4105020516 -2.30188692879
280 40 0.617486753467 2.18828308026 -2.52410590012 -0.953309573328
281 8 0.225637672256 1.79643399905 -2.91595498133 -1.34515865454
282 16 0.773714855164 2.34451118196 -2.36787779843 -0.797081471631
283 4 0.198302821234 1.76909914803 -2.94328983236 -1.37249350556
284 4 -0.560904607313 1.00989171948 2.58068804628 -2.13170093411
285 65 -0.177214350545 1.39358197625 2.96437830304 -1.74801067734
286 55 -0.120095497731 1.45070082906 3.02149715586 -1.69089182453
287 53 0.77675340917 2.34754973596 -2.36483924442 -0.794042917625
288 43 -0.69578178968 0.875014537115 2.44581086391 -2.26657811648
289 21 -0.388850708172 1.18194561862 2.75274194542 -1.95964703497
290 9 -0.0931569766672 1.47763935013 3.04843567692 -1.66395330346
291 46 -0.105382582546 1.46541374425 3.03621007104 -1.67617890934
292 44 0.77470701224 2.34550333903 -2.36688564135 -0.796089314555
293 56 -0.404271917206 1.16652440959 2.73732073638 -1.975068244
294 69 0.633013896118 2.20381022291 -2.50857875747 -0.937782430677
295 59 -0.251092321795 1.319704005 2.8905003318 -1.82188864859
296 57 0.583247889546 2.15404421634 -2.55834476404 -0.987548437249
297 45 -0.720891713958 0.849904612837 2.42070093963 -2.29168804075
298 10 -0.543889746902 1.02690657989 2.59770290669 -2.1146860737
299 10 -0.731420148059 0.839376178736 2.41017250553 -2.30221647485
300 48 -0.10881212033 1.46198420646 3.03278053326 -1.67960844712
301 60 0.246503060411 1.81729938721 -2.89508959318 -1.32429326638
302 60 -0.731045728478 0.839750598317 2.41054692511 -2.30184205527
303 73 0.544173989663 2.11497031646 -2.59741866393 -1.02662233713
304 63 -0.689427766703 0.881368560092 2.45216488689 -2.2602240935
305 61 0.337851443754 1.90864777055 -2.80374120984 -1.23294488304
306 49 0.586680058248 2.15747638504 -2.55491259534 -0.984116268547
307 11 0.643183498177 2.21397982497 -2.49840915541 -0.927612828618
308 11 0.28656755136 1.85736387815 -2.85502510223 -1.28422877544
309 92 -0.209521910479 1.36127441632 2.93207074311 -1.78031823727
310 90 0.538042626403 2.1088389532 -2.60355002719 -1.03275370039
311 89 0.684480826195 2.25527715299 -2.45711182739 -0.886315500599
312 88 -0.0340118829654 1.53678444383 3.10758077062 -1.60480820976
313 88 -0.74759106765 0.823205259144 2.39400158594 -2.31838739445
314 88 0.277406916704 1.8482032435 -2.86418573689 -1.29338941009
315 93 -0.0406657891994 1.5301305376 3.10092686439 -1.61146211599
316 83 0.157217778593 1.72801410539 -2.984374875 -1.4135785482
317 81 -0.518644422721 1.05215190407 2.62294823087 -2.08944074952
318 81 -0.278128048802 1.29266827799 2.86346460479 -1.8489243756
319 85 -0.465692210733 1.10510411606 2.67590044286 -2.03648853753
320 82 -0.230879923341 1.33991640345 2.91071273025 -1.80167625014
321 82 0.525816911056 2.09661323785 -2.61577574253 -1.04497941574
322 8 0.569676255832 2.14047258263 -2.57191639776 -1.00112007096
323 41 -0.64222706019 0.928569266605 2.4993655934 -2.21302338698
324 20 0.232089712687 1.80288603948 -2.9095029409 -1.33870661411
325 43 0.103552840129 1.67434916692 -3.03803981346 -1.46724348667
326 20 0.485411287356 2.05620761415 -2.65618136623 -1.08538503944
327 40 0.232854527205 1.803650854 -2.90873812638 -1.33794179959
328 8 -0.764753010919 0.806043315876 2.37683964267 -2.33554933771
329 41 -0.642919005658 0.927877321137 2.49867364793 -2.21371533245
330 40 0.667707374373 2.23850370117 -2.47388527922 -0.903088952422
331 53 -0.768391049702 0.802405277093 2.37320160389 -2.3391873765
332 42 0.665184333486 2.23598066028 -2.4764083201 -0.905611993309
333 55 -0.592965678909 0.977830647886 2.54862697468 -2.1637620057
334 42 -0.197296778387 1.37349954841 2.9442958752 -1.76809310518
335 52 0.387003565661 1.95779989246 -2.75458908793 -1.18379276113
336 40 -0.315652760236 1.25514356656 2.82593989335 -1.88644908703
337 53 0.351547795723 1.92234412252 -2.79004485787 -1.21924853107
338 44 0.436238519522 2.00703484632 -2.70535413407 -1.13455780727
339 45 0.589996733846 2.16079306064 -2.55159591974 -0.980799592949
340 58 0.155656064681 1.72645239148 -2.98593658891 -1.41514026211
341 47 0.630190631129 2.20098695792 -2.51140202246 -0.940605695666
342 58 -0.0886801146919 1.4821162121 3.0529125389 -1.65947644149
343 45 -0.753140547281 0.817655779514 2.38845210631 -2.32393687408
344 56 0.346570399627 1.91736672642 -2.79502225396 -1.22422592717
345 47 -0.50538212841 1.06541419838 2.63621052518 -2.07617845521
346 60 0.183283711195 1.75408003799 -2.95830894239 -1.3875126156
347 49 0.392013038523 1.96280936532 -2.74957961507 -1.17878328827
348 62 -0.0898503702366 1.48094595656 3.05174228335 -1.66064669703
349 51 0.442617172967 2.01341349976 -2.69897548062 -1.12817915383
350 62 -0.753509159607 0.817287167188 2.38808349398 -2.3243054864
351 49 0.670766086212 2.24156241301 -2.47082656738 -0.900030240583
352 62 0.0804726852233 1.65126901202 -3.06111996837 -1.49032364157
353 51 -0.614139299564 0.956657027231 2.52745335403 -2.18493562636
354 48 0.245947788035 1.81674411483 -2.89564486555 -1.32484853876
355 11 0.464780786486 2.03557711328 -2.6768118671 -1.10601554031
356 50 0.698198720402 2.2689950472 -2.44339393319 -0.872597606393
357 23 -0.627456925105 0.94333940169 2.51413572849 -2.1982532519
358 50 -0.2622132115 1.30858311529 2.87937944209 -1.8330095383
359 11 0.651860374323 2.22265670112 -2.48973227927 -0.918935952472
360 48 -0.42444779618 1.14634853061 2.71714485741 -1.99524412298
361 23 -0.0420152879487 1.52878103885 3.09957736564 -1.61281161474
362 97 -0.140432310772 1.43036401602 3.00116034282 -1.71122863757
363 93 -0.179872381083 1.39092394571 2.96172027251 -1.75066870788
364 90 -0.12420308781 1.44659323899 3.01738956578 -1.6949994146
365 94 -0.241662958434 1.32913336836 2.89992969516 -1.81245928523
366 99 -0.0283506127865 1.54244571401 3.1132420408 -1.59914693958
367 93 0.491619125862 2.06241545266 -2.64997352773 -1.07917720093
368 99 0.47067863003 2.04147495682 -2.67091402356 -1.10011769677
369 94 0.461041503352 2.03183783015 -2.68055115024 -1.10975482344
370 92 -0.00540647221058 1.56538985458 3.13618618138 -1.57620279901
371 83 -0.264438789704 1.30635753709 2.87715386389 -1.8352351165
372 86 0.0971973853611 1.66799371216 -3.04439526823 -1.47359894143
373 95 -0.516498760527 1.05429756627 2.62509389306 -2.08729508732
374 87 0.738393037178 2.30918936397 -2.40319961641 -0.832403289616
375 83 0.255222629704 1.8260189565 -2.88637002389 -1.31557369709
376 92 -0.720550144174 0.850246182621 2.42104250942 -2.29134647097
377 86 0.643251458866 2.21404778566 -2.49834119472 -0.927544867929
378 9 0.207009650465 1.77780597726 -2.93458300312 -1.36378667633
379 10 0.713923962086 2.28472028888 -2.4276686915 -0.856872364708
380 46 -0.387640243826 1.18315608297 2.75395240976 -1.95843657062
381 22 -0.450128437852 1.12066788894 2.69146421574 -2.02092476465
382 21 0.0720062321674 1.64280255896 -3.06958642142 -1.49879009463
383 10 0.78339853059 2.35419485738 -2.358194123 -0.787397796205
384 44 0.103559887865 1.67435621466 -3.03803276573 -1.46723643893
385 22 -0.0427769863206 1.52801934047 3.09881566727 -1.61357331312
