2248 2 0
0 1 -0.313558921381 2.82803373221
1 0 -0.39966643464 2.74192621895
2 0 -1.46803002 1.67356263359
3 0 0.993195343404 -2.14839731019
4 0 0.74307254614 -2.39852010745
5 1 0.0909378708637 -3.05065478273
6 1 -0.282191021775 2.85940163181
7 3 -0.484489533986 2.6571031196
8 0 -0.452568450249 2.68902420334
9 7 0.326084089663 -2.81550856393
10 7 -1.31206995981 1.82952269378
11 8 1.40875755675 -1.73283509684
12 0 1.52543310438 -1.61615954921
13 4 0.930507021976 -2.21108563161
14 4 -1.39198802545 1.74960462814
15 13 -1.15001180454 1.99158084905
16 5 -1.52552808366 1.61606456993
17 11 0.0568446893738 -3.08474796422
18 11 0.617319249155 -2.52427340443
19 18 -0.425119259344 2.71647339425
20 15 -0.62577739312 2.51581526047
21 22 -1.53199892996 1.60959372363
22 21 1.19951875893 -1.94207389466
23 21 -0.994335410075 2.14725724351
24 21 -0.814207704414 2.32738494918
25 22 0.0450620350094 -3.09653061858
26 23 -0.791628218656 2.34996443493
27 23 0.921079747854 -2.22051290574
28 21 -0.152145961767 2.98944669182
29 22 -1.0301025615 2.11149009209
30 28 0.198718427605 -2.94287422598
31 29 -1.53241947186 1.60917318173
32 31 1.50114436431 -1.64044828928
33 25 0.333166271244 -2.80842638235
34 25 0.945775266322 -2.19581738727
35 25 -1.29838296348 1.84320969011
36 34 1.50774855319 -1.6338441004
37 26 -1.55148189583 1.59011075776
38 32 -0.773335484902 2.36825716869
39 32 -1.01625338894 2.12533926465
40 39 -0.339049781865 2.80254287172
41 36 0.133242389866 -3.00835026372
42 43 1.16356462435 -1.97802802924
43 42 0.476860188343 -2.66473246525
44 42 -0.159840157126 2.98175249646
45 42 -1.34490869499 1.7966839586
46 43 0.326705622805 -2.81488703078
47 43 -0.308516394781 2.83307625881
48 44 0.702253097823 -2.43933955577
49 28 0.113215009908 -3.02837764368
50 28 -1.00363335812 2.13795929547
51 21 1.29347369292 -1.84811896067
52 46 0.506035368036 -2.63555728555
53 46 -1.12495674703 2.01663590656
54 52 -1.26481280404 1.87677984955
55 47 0.690851334568 -2.45074131902
56 21 1.44673550222 -1.69485715137
57 24 0.730585479876 -2.41100717371
58 59 0.126428301752 -3.01516435184
59 58 0.35679863011 -2.78479402348
60 58 -0.0925254832811 3.04906717031
61 58 0.545725531819 -2.59586712177
62 59 -0.0283197611319 3.11327289246
63 59 0.753821203385 -2.3877714502
64 60 0.281811832104 -2.85978082149
65 63 0.867349634896 -2.27424301869
66 64 -1.26067402726 1.88091862633
67 62 0.256765956195 -2.88482669739
68 65 0.490337415814 -2.65125523778
69 70 -0.956413630714 2.18517902288
70 69 -0.543161493006 2.59843116058
71 69 0.456214549603 -2.68537810399
72 69 0.964134129139 -2.17745852445
73 70 0.81074092317 -2.33085173042
74 70 -1.47091622938 1.67067642421
75 71 -0.02021233334 3.12138032025
76 69 1.38697542863 -1.75461722496
77 72 -0.913410366432 2.22818228716
78 75 -0.54353643165 2.59805622194
79 78 -0.658892516397 2.48270013719
80 77 1.43919291901 -1.70239973458
81 76 0.251913994462 -2.88967865913
82 74 1.34833406079 -1.7932585928
83 75 0.663061273461 -2.47853138013
84 73 -0.339326017689 2.8022666359
85 82 0.643297261948 -2.49829539164
86 78 -1.26349525732 1.87809739627
87 85 0.428401598386 -2.7131910552
88 87 0.212885354704 -2.92870729889
89 79 0.135939920727 -3.00565273286
90 91 -1.35174578635 1.78984686724
91 90 0.413541353137 -2.72805130045
92 90 0.0598306770899 -3.0817619765
93 90 -1.13330294996 2.00828970363
94 91 0.444749584738 -2.69684306885
95 91 -0.661121050215 2.48047160337
96 92 1.30594501809 -1.8356476355
97 92 -0.259351807089 2.8822408465
98 93 1.25095332786 -1.89063932573
99 97 1.2303964827 -1.91119617089
100 98 1.09315867112 -2.04843398247
101 96 -0.743814600877 2.39777805271
102 99 0.078981267074 -3.06261138652
103 99 -0.757252247879 2.38434040571
104 100 0.515821323817 -2.62577132977
105 94 0.0749400449983 -3.06665260859
106 94 -0.5905419334 2.55105072019
107 105 -1.3954946242 1.74609802939
108 106 0.521856458502 -2.61973619509
109 106 -0.375261499583 2.76633115401
110 95 0.835385739144 -2.30620691445
111 96 1.34964163381 -1.79195101978
112 109 0.672232569815 -2.46936008378
113 112 -0.856926855512 2.28466579808
114 101 1.37543420157 -1.76615845202
115 113 0.443261581419 -2.69833107217
116 113 0.277389510855 -2.86420314273
117 115 1.51145197825 -1.63014067534
118 115 1.09219253983 -2.04940011376
119 116 0.240124631488 -2.9014680221
120 102 -0.362151641496 2.77944101209
121 102 1.26900997309 -1.8725826805
122 119 -1.03072347832 2.11086917527
123 122 0.425810437518 -2.71578221607
124 103 1.28244740519 -1.8591452484
125 117 1.25946011375 -1.88213253984
126 118 0.247596138905 -2.89399651468
127 125 1.0936495136 -2.04794313999
128 126 -1.46047285253 1.68111980106
129 128 0.949368488572 -2.19222416502
130 119 0.245781578438 -2.89581107515
131 122 1.41692835645 -1.72466429714
132 129 0.207379881738 -2.93421277185
133 132 -1.01825388026 2.12333877332
134 123 -0.173935712373 2.96765694122
135 127 0.00698197066417 -3.13461068293
136 128 1.06092330632 -2.08066934727
137 135 -1.5474811707 1.59411148289
138 136 -0.798888243319 2.34270441027
139 138 0.232148222133 -2.90944443146
140 129 0.425229382522 -2.71636327107
141 132 -0.489555413806 2.65203723978
142 139 -0.493597685502 2.64799496809
143 141 -0.761912782395 2.37967987119
144 133 -0.394994584386 2.7465980692
145 137 1.29308056657 -1.84851208702
146 138 -0.344846979243 2.79674567435
147 145 0.509102412324 -2.63249024127
148 146 0.957073476238 -2.18451917735
149 148 0.0275580600395 -3.11403459355
150 138 -0.854586891378 2.28700576221
151 139 0.021389355138 -3.12020329845
152 149 -0.334129995891 2.8074626577
153 151 -1.44910349616 1.69248915743
154 142 -1.51210591987 1.62948673372
155 147 -0.982226526453 2.15936612714
156 148 -1.04117562202 2.10041703157
157 155 -0.989837842739 2.15175481085
158 156 -1.5184696104 1.62312304319
159 156 1.33191885486 -1.80967379873
160 149 -1.54342263873 1.59817001486
161 149 -1.25133579418 1.89025685941
162 159 -1.43306273131 1.70852992228
163 58 1.0303793734 -2.11121328019
164 152 -1.1299790501 2.01161360349
165 157 0.600431356956 -2.54116129663
166 157 -0.993880363966 2.14771228962
167 165 0.542030860691 -2.5995617929
168 165 0.629264705756 -2.51232794783
169 166 -0.709387876037 2.43220477755
170 158 1.09706136206 -2.04453129153
171 62 1.31872234682 -1.82287030677
172 62 0.361866698247 -2.77972595534
173 58 0.238732736283 -2.90285991731
174 167 -0.0517589326011 3.08983372099
175 168 -0.928431614564 2.21316103903
176 174 -1.57051260977 1.57108004382
177 175 1.10609202043 -2.03550063316
178 177 0.723887322067 -2.41770533152
179 169 1.02585524624 -2.11573740735
180 172 1.06668813216 -2.07490452143
181 178 -0.378274200528 2.76331845306
182 181 -1.29053446482 1.85105818876
183 62 -1.16541953736 1.97617311623
184 105 -1.32763638499 1.8139562686
185 105 0.260115838155 -2.88147681543
186 94 0.129813013212 -3.01177964038
187 91 -0.331335996318 2.81025665727
188 90 -1.54510351108 1.59648914251
189 167 -0.0465864507717 3.09500620282
190 174 1.24135452106 -1.90023813253
191 189 -1.39841457633 1.74317807726
192 190 -0.0218168047022 3.11977584889
193 192 -0.071498825993 3.0700938276
194 174 -1.24543880804 1.89615384555
195 176 0.814453053729 -2.32713959986
196 193 -0.576798098687 2.5647945549
197 195 -1.17748013026 1.96411252333
198 107 0.382908433603 -2.75868421999
199 191 1.51050538073 -1.63108727286
200 192 1.30257583258 -1.83901682101
201 199 0.0665540183914 -3.0750386352
202 200 -1.12515358367 2.01643906992
203 202 -0.47943011296 2.66216254063
204 193 -0.275186604489 2.8664060491
205 193 -1.48492591478 1.65666673881
206 203 1.19680757953 -1.94478507406
207 205 -1.46777235136 1.67382030223
208 196 0.661401939368 -2.48019071422
209 207 -1.19942912815 1.94216352544
210 197 -0.783377454981 2.35821519861
211 209 0.649075302818 -2.49251735077
212 210 -0.381482584447 2.76011006914
213 212 0.468232905879 -2.67335974771
214 197 -0.683841805067 2.45775084852
215 107 -0.945722645012 2.19587000858
216 108 0.507962573594 -2.63363008
217 211 -1.14584944483 1.99574320876
218 212 -0.353850925846 2.78774172774
219 217 0.166456395209 -2.97513625838
220 218 1.56297587851 -1.57861677508
221 218 -1.03125211067 2.11034054292
222 213 0.916608439235 -2.22498421435
223 109 1.49398660832 -1.64760604527
224 113 0.404345324246 -2.73724732934
225 219 1.26575359981 -1.87583905378
226 219 0.303594511884 -2.83799814171
227 226 -0.949697601541 2.19189505205
228 225 -0.0174582915114 3.12413436208
229 225 0.00335783080966 -3.13823482278
230 220 1.37852816135 -1.76306449224
231 115 -0.834604310261 2.30698834333
232 117 -1.19999919846 1.94159345513
233 227 -0.459784401171 2.68180825242
234 227 -0.597362589587 2.544230064
235 233 0.292594701175 -2.84899795242
236 233 1.10736286167 -2.03422979192
237 234 -1.23044486447 1.91114778912
238 228 0.721319374203 -2.42027327939
239 117 0.330499846404 -2.81109280719
240 125 -0.485441744569 2.65615090902
241 235 0.459732234928 -2.68186041866
242 236 1.16261391318 -1.97897874041
243 241 1.30876935403 -1.83282329956
244 242 -0.723055638919 2.41853701467
245 244 -0.582590467576 2.55900218601
246 237 -1.18870844277 1.95288421082
247 127 -1.39412282501 1.74746982858
248 135 1.22465100625 -1.91694164734
249 243 -0.757991004629 2.38360164896
250 244 -0.162529880411 2.97906277318
251 249 1.44293306444 -1.69865958915
252 250 -1.25967690991 1.88191574368
253 252 0.97658353868 -2.16500911491
254 245 -1.30305865763 1.83853399595
255 137 0.746489345299 -2.39510330829
256 145 -0.777880746401 2.36371190719
257 251 -0.27862213291 2.86297052068
258 251 -0.272003296351 2.86958935724
259 257 0.642355003506 -2.49923765008
260 257 -1.41167492637 1.72991772722
261 258 0.980592474223 -2.16100017937
262 253 0.976281070199 -2.16531158339
263 147 1.30003899713 -1.84155365646
264 157 0.733799631793 -2.4077930218
265 199 1.41945663721 -1.72213601638
266 191 0.127956184284 -3.01363646931
267 189 1.45203757237 -1.68955508122
268 165 -0.561266319868 2.58032633372
269 249 1.4476550361 -1.69393761749
270 257 0.582854892273 -2.55873776132
271 269 0.496137849244 -2.64545480435
272 270 -0.348544901237 2.79304775235
273 272 0.604392638145 -2.53720001545
274 259 0.0793692436781 -3.06222340991
275 201 -0.852351042367 2.28924161122
276 273 -0.51206314628 2.62952950731
277 276 -1.15053618771 1.99105646588
278 201 -0.606396316931 2.53519633666
279 271 0.851556518237 -2.29003613535
280 272 0.209706513442 -2.93188614015
281 279 -1.16398818928 1.97760446431
282 280 -0.887585159292 2.2540074943
283 282 -1.08327793475 2.05831471884
284 273 -1.27516647851 1.86642617508
285 276 1.01191382856 -2.12967882503
286 283 0.625399299212 -2.51619335438
287 286 -0.437915017392 2.7036776362
288 277 1.30442733884 -1.83716531475
289 287 -1.46767210147 1.67392055212
290 287 0.486431826633 -2.65516082696
291 289 -0.107132754008 3.03445989958
292 289 1.41170417274 -1.72988848085
293 290 -0.338455659554 2.80313699404
294 277 1.23861895058 -1.90297370301
295 202 1.00749629767 -2.13409635592
296 203 -0.0938867414495 3.04770591214
297 291 0.81218156586 -2.32941108773
298 291 -0.476255081944 2.66533757165
299 297 1.08878841487 -2.05280423872
300 298 1.54666123574 -1.59493141785
301 300 0.321883082949 -2.81970957064
302 292 -1.43972978217 1.70186287142
303 206 0.225628596096 -2.91596405749
304 206 -1.37738679327 1.76420586032
305 299 -1.07645776619 2.0651348874
306 300 -0.359257032931 2.78233562066
307 305 -0.666394031409 2.47519862218
308 306 -0.846185696951 2.29540695664
309 308 -0.793768039204 2.34782461439
310 301 0.336718771551 -2.80487388204
311 207 -0.164256998606 2.97733565498
312 209 1.00003853175 -2.14155412184
313 307 -1.14837121368 1.99322143991
314 308 -1.28241790879 1.8591747448
315 313 -0.846371810803 2.29522084279
316 314 0.240619012989 -2.9009736406
317 316 1.2315996612 -1.90999299239
318 309 1.52346271798 -1.61812993561
319 211 -0.3607930232 2.78079963039
320 217 1.37520147858 -1.76639117501
321 315 1.28995606812 -1.85163658547
322 316 0.23580709363 -2.90578555996
323 321 -0.342310683519 2.79928197007
324 321 0.164364067436 -2.97722858615
325 324 -0.196315716075 2.94527693751
326 317 -0.741301525561 2.40029112803
327 226 0.370899499669 -2.77069315392
328 227 -1.05331272765 2.08827992594
329 323 -1.11717182527 2.02442082832
330 323 0.763678940753 -2.37791371284
331 329 0.936408792119 -2.20518386147
332 329 0.00326176530703 -3.13833088828
333 330 1.54434580449 -1.5972468491
334 324 -1.1108820797 2.03071057389
335 233 -1.51877221484 1.62282043875
336 235 -0.206808682835 2.93478397075
337 331 0.784813793545 -2.35677886004
338 332 1.23978924247 -1.90180341112
339 337 0.725991530905 -2.41560112268
340 338 0.780329847468 -2.36126280612
341 340 -0.869947887207 2.27164476638
342 333 0.736794257406 -2.40479839618
343 235 -1.15762873225 1.98396392134
344 241 0.457976039089 -2.6836166145
345 279 -1.33548559769 1.8061070559
346 271 0.493459214333 -2.64813343926
347 269 1.29953738786 -1.84205526573
348 243 -0.556010832849 2.58558182074
349 331 0.17678518161 -2.96480747198
350 331 -0.783492561197 2.35810009239
351 349 -1.56742785716 1.57416479643
352 349 0.663301422456 -2.47829123113
353 350 -1.56739920928 1.57419344431
354 337 -0.961313466597 2.18027918699
355 281 -1.09844064013 2.04315201346
356 353 0.0046335679073 -3.13695908568
357 356 1.43114714233 -1.71044551126
358 281 1.49831062413 -1.64328202946
359 351 0.108350497588 -3.033242156
360 351 0.407140555545 -2.73445209804
361 359 -1.32168394525 1.81990870834
362 359 0.901714655134 -2.23987799846
363 360 -0.659745186498 2.48184746709
364 352 1.29869919767 -1.84289345592
365 353 0.837504837196 -2.30408781639
366 363 -1.36253429901 1.77905835458
367 365 0.598266201327 -2.54332645226
368 356 -1.41444469934 1.72714795425
369 367 1.30383867467 -1.83775397892
370 367 0.493724357178 -2.64786829641
371 369 1.14353066058 -1.99806199301
372 369 -1.46067815278 1.68091450081
373 370 -1.00634503779 2.1352476158
374 357 1.33009607342 -1.81149658017
375 282 1.30302242773 -1.83857022586
376 283 -0.460074376874 2.68151827672
377 371 -0.752995438132 2.38859721546
378 371 1.51850713925 -1.62308551434
379 377 1.46326314786 -1.67832950573
380 377 -0.172319660661 2.96927299293
381 378 -0.122710403392 3.0188822502
382 372 1.0759393784 -2.06565327519
383 286 -1.16496413872 1.97662851487
384 287 -0.816213882205 2.32537877138
385 379 -0.691989846128 2.44960280746
386 379 0.884149377221 -2.25744327637
387 385 -0.0515881298157 3.09000452377
388 385 1.46162523974 -1.67996741385
389 386 0.679457994964 -2.46213465863
390 380 -0.740640628066 2.40095202552
391 289 1.1505217563 -1.99107089729
392 291 0.00744244580948 -3.13415020778
393 387 0.744877380911 -2.39671527268
394 387 -0.979817600126 2.16177505346
395 393 -1.1513686415 1.99022401209
396 394 -0.115150202339 3.02644245125
397 396 -1.154874037 1.98671861659
398 388 0.912857683831 -2.22873496976
399 297 -1.2109531261 1.93063952749
400 297 0.326813718092 -2.8147789355
401 395 0.449495849415 -2.69209680417
402 396 -1.31379960041 1.82779305318
403 401 -0.530489294809 2.61110335878
404 402 0.176511316513 -2.96508133708
405 404 -0.457968974294 2.6836236793
406 397 -0.762459877827 2.37913277576
407 299 0.240525019398 -2.90106763419
408 305 -1.10518921594 2.03640343765
409 403 0.693499909127 -2.44809274446
410 404 0.509706708558 -2.63188594503
411 409 -0.267638120507 2.87395453308
412 410 -0.78279540337 2.35879725022
413 412 1.31890994889 -1.8226827047
414 405 -0.0267277765697 3.11486487702
415 307 -0.181147523383 2.96044513021
416 313 0.960545202561 -2.18104745103
417 411 -0.973315998821 2.16827665477
418 412 0.543446314311 -2.59814633928
419 417 0.194295782961 -2.94729687063
420 417 1.27194522984 -1.86964742375
421 418 -0.230821539352 2.91077111424
422 413 1.01229752673 -2.12929512686
423 315 -1.09947245922 2.04212019437
424 321 -1.21675796558 1.92483468801
425 359 -0.785013713976 2.35657893961
426 351 0.412867598292 -2.7287250553
427 349 -0.967990787333 2.17360186626
428 329 0.21749471026 -2.92409794333
429 409 0.0264921949654 -3.11510045862
430 417 1.25031065178 -1.89128200181
431 429 0.67883678662 -2.46275586697
432 430 1.32371748401 -1.81787516958
433 432 1.41811379119 -1.72347886239
434 419 0.746937311306 -2.39465534228
435 361 -0.834754921616 2.30683773197
436 433 -1.45419159207 1.68740106152
437 436 1.55871990726 -1.58287274633
438 361 -0.755719061481 2.38587359211
439 431 -0.0332615326373 3.10833112095
440 431 1.29377431125 -1.84781834234
441 439 0.28887297863 -2.85271967496
442 439 0.196088358393 -2.9455042952
443 442 0.54790919051 -2.59368346308
444 433 -0.138747640352 3.00284501324
445 436 1.12353296194 -2.01805969165
446 73 -0.595276420411 2.54631623318
447 73 0.61048770292 -2.53110495067
448 70 -1.01861648044 2.12297617315
449 437 -1.0405259251 2.10106672849
450 448 0.592611203685 -2.54898144991
451 448 -0.0650937639223 3.07649888967
452 451 0.651746497487 -2.4898461561
453 437 0.982136230402 -2.15945642319
454 361 -0.855544883961 2.28604776963
455 362 1.27706353895 -1.86452911464
456 450 1.01648752839 -2.1251051252
457 450 0.768197231868 -2.37339542172
458 456 -0.689331387483 2.45226126611
459 456 -1.11055021756 2.03104243603
460 459 -1.36847559909 1.7731170545
461 452 -0.041901279627 3.09969137396
462 363 -0.420279820613 2.72131283298
463 366 -0.0882160818414 3.05337657175
464 458 -0.000138524587615 3.141454129
465 458 0.627269128968 -2.51432352462
466 465 1.29990293652 -1.84168971707
467 464 0.281364811958 -2.86022784163
468 464 0.412582589895 -2.7290100637
469 459 -0.283902878277 2.85768977531
470 369 0.458541469235 -2.68305118436
471 371 0.302096100346 -2.83949655324
472 466 -1.04481902635 2.09677362724
473 466 -1.2883651349 1.85322751869
474 472 -0.513661170406 2.62793148318
475 472 -1.53931225506 1.60228039853
476 473 -0.649068047159 2.49252460643
477 467 0.529153741521 -2.61243891207
478 377 0.243017115456 -2.89857553813
479 379 -0.644248652645 2.49734400094
480 474 1.05036840437 -2.09122424922
481 474 0.883224418143 -2.25836823545
482 480 0.2243455054 -2.91724714819
483 481 -0.52543377802 2.61615887557
484 481 0.498635357188 -2.6429572964
485 475 -0.279969628699 2.86162302489
486 385 -1.12066086011 2.02093179348
487 387 -0.83809346418 2.30349918941
488 482 -0.810569024325 2.33102362926
489 483 -0.83039681832 2.31119583527
490 488 0.436587685422 -2.70500496817
491 489 0.993454845255 -2.14813780833
492 491 -0.781315160402 2.36027749319
493 484 0.66899430467 -2.47259834892
494 387 -0.460646462152 2.68094619144
495 393 -1.56241339838 1.57917925521
496 490 -1.11532254674 2.02627010685
497 491 -0.884806256703 2.25678639689
498 496 -1.50004518244 1.64154747115
499 497 -0.853657475682 2.28793517791
500 499 -1.26548890094 1.87610375265
501 492 -1.04552655696 2.09606609663
502 395 0.350621539568 -2.79097111402
503 401 1.20473872703 -1.93685392656
504 441 0.189043619402 -2.95254903419
505 439 -0.205048406549 2.93654424704
506 431 -1.2688122672 1.87278038639
507 403 1.14818065047 -1.99341200312
508 488 1.36235386741 -1.77923878618
509 490 0.142467586978 -2.99912506661
510 508 -1.16635101588 1.97524163771
511 508 0.136565688475 -3.00502696511
512 509 -0.560950269855 2.58064238373
513 496 0.783816109233 -2.35777654436
514 498 1.43887765208 -1.70271500151
515 512 1.24224197143 -1.89935068216
516 514 0.837732184211 -2.30386046938
517 441 0.176975614084 -2.96461703951
518 510 0.0798695491005 -3.06172310449
519 510 0.481328797134 -2.66026385646
520 518 -0.713451112442 2.42814154115
521 519 0.203292964744 -2.93829968885
522 521 0.134086766802 -3.00750588679
523 511 1.33205734047 -1.80953531312
524 512 0.339580773769 -2.80201187982
525 522 -0.338013740479 2.80357891311
526 525 0.42325993067 -2.71833272292
527 516 0.701833560041 -2.43975909355
528 526 -0.586075681826 2.55551697176
529 526 -0.726629090154 2.41496356344
530 528 0.548496276928 -2.59309637666
531 529 -0.600188397319 2.54140425627
532 529 0.257934292257 -2.88365836133
533 516 1.43976777221 -1.70182488138
534 441 -0.152500642785 2.98909201081
535 443 1.20155808928 -1.94003456431
536 88 -0.20535369503 2.93623895856
537 87 0.768997250974 -2.37259540262
538 84 -1.24396702924 1.89762562435
539 73 -0.195905757979 2.94568689561
540 526 -0.89073057244 2.25086208115
541 528 0.604632525244 -2.53696012835
542 540 -1.34338358658 1.79820906701
543 541 -1.55119080554 1.59040184805
544 541 1.33331067873 -1.80828197486
545 528 -1.18199509935 1.95959755424
546 530 -1.29589076078 1.84570189281
547 544 -0.896487584406 2.24510506918
548 546 -1.22128143359 1.92031122
549 88 -0.0470263368581 3.09456631673
550 542 1.29341892648 -1.84817372711
551 543 -0.223594229147 2.91799842444
552 550 1.1957992113 -1.94579344229
553 550 -1.1131041089 2.02848854469
554 551 0.299064596689 -2.8425280569
555 543 0.403614937082 -2.73797771651
556 544 1.09689263227 -2.04470002132
557 555 -0.42163929422 2.71995335937
558 556 -1.39030497674 1.75128767685
559 547 -1.10215335993 2.03943929366
560 559 0.599185758106 -2.54240689548
561 548 0.498607205409 -2.64298544818
562 563 -0.116708548336 3.02488410525
563 560 1.33902489571 -1.80256775788
564 561 0.263362535135 -2.87823011846
565 548 -1.08134429856 2.06024835503
566 88 0.231058772491 -2.9105338811
567 79 0.377713790186 -2.7638788634
568 562 0.217107624601 -2.92448502899
569 568 -0.891319531413 2.25027312218
570 571 -1.54726471227 1.59432794131
571 568 0.543071110734 -2.59852154286
572 568 1.46784534015 -1.67374731344
573 563 -1.1162783632 2.02531429039
574 79 0.79857481513 -2.34301783846
575 81 -1.36179258215 1.77980007144
576 577 0.887138748628 -2.25445390496
577 570 -0.164217728698 2.97737492489
578 579 -0.538450439999 2.60314221359
579 576 -1.35593261707 1.78566003652
580 577 -0.64355856581 2.49803408778
581 571 -0.155282648753 2.98631000484
582 572 -1.24873456777 1.89285808582
583 580 1.0714056277 -2.07018702589
584 582 0.0336395381502 -3.10795311544
585 81 -1.11248798502 2.02910466857
586 27 -1.35362996269 1.7879626909
587 578 0.307699379996 -2.83389327359
588 27 -1.12655334591 2.01503930768
589 587 1.30476303401 -1.83682961958
590 579 0.751940167836 -2.38965248575
591 580 -0.103373992454 3.03821866114
592 589 0.93612357791 -2.20546907568
593 592 0.882424405615 -2.25916824797
594 583 -0.833037500512 2.30855515308
595 593 0.010066997126 -3.13152565646
596 584 0.49398370128 -2.64760895231
597 595 0.420378930269 -2.72121372332
598 595 -1.1686756079 1.97291704569
599 598 1.40132335139 -1.7402693022
600 584 -0.569018059594 2.572574594
601 76 -0.263459620792 2.8781330328
602 69 0.474035769456 -2.66755688413
603 458 -1.08472486907 2.05686778452
604 456 0.959006308207 -2.18258634538
605 450 -1.29306107111 1.84853158248
606 69 0.839481227155 -2.30211142643
607 593 0.546669734572 -2.59492291902
608 595 -0.189370891651 2.95222176194
609 607 -1.43996193633 1.70163071726
610 608 -1.27231157033 1.86928108326
611 610 -0.0943452064327 3.04724744716
612 597 0.594657877485 -2.5469347761
613 465 0.218710299951 -2.92288235364
614 466 1.50120727829 -1.6403853753
615 609 -0.382588592106 2.75900406148
616 610 0.448243603335 -2.69334905025
617 615 0.904154336784 -2.23743831681
618 616 -1.065796345 2.07579630859
619 616 1.50810247469 -1.6334901789
620 611 -1.31446266908 1.82712998451
621 472 -1.00093794026 2.14065471333
622 474 -0.287671703099 2.85392095049
623 617 -1.01711994423 2.12447270935
624 618 -1.2391859882 1.90240666539
625 623 0.796665522481 -2.34492713111
626 624 0.808961388813 -2.33263126478
627 626 0.0385426129318 -3.10305004066
628 619 -0.303344361041 2.83824829255
629 480 -0.0196084358541 3.12198421774
630 480 -0.293867232729 2.84772542086
631 518 0.64171240111 -2.49988025248
632 518 -0.471312989815 2.67027966377
633 510 -1.1706090049 1.97098364869
634 482 -1.17797766174 1.96361499185
635 615 -0.129684030843 3.01190862275
636 617 -1.4827267115 1.65886594209
637 635 -0.936332595181 2.20526005841
638 635 1.18363122102 -1.95796143257
639 638 0.0574220308836 -3.08417062271
640 625 -0.39868737345 2.74290528014
641 520 -0.190352963637 2.95123968995
642 639 -0.212442004737 2.92915064885
643 642 -0.4643187015 2.67727395209
644 520 -0.251422867914 2.89016978568
645 40 0.869352638218 -2.27224001537
646 637 -0.470587439843 2.67100521375
647 40 -0.680506450674 2.46108620292
648 646 -0.070464129736 3.07112852385
649 638 -0.550108209418 2.59148444417
650 642 -1.54435188381 1.59724076978
651 648 1.23008966579 -1.9115029878
652 651 1.4166645209 -1.72492813269
653 643 -1.2683813808 1.87321127279
654 652 -0.671224683456 2.47036797013
655 652 -0.583274398764 2.55831825483
656 654 -1.07848969672 2.06310295687
657 654 -0.829807651558 2.31178500203
658 655 -0.873222726173 2.26836992742
659 643 -0.222020988014 2.91957166558
660 521 0.30627494224 -2.83531771135
661 522 -0.662051447484 2.47954120611
662 550 0.675959160219 -2.46563349337
663 542 0.791904868586 -2.349687785
664 540 1.55721730577 -1.58437534782
665 525 0.416337941835 -2.72525471175
666 652 0.400908130615 -2.74068452297
667 654 -0.135401371622 3.00619128197
668 666 0.0899273106598 -3.05166534293
669 667 0.264748608503 -2.87684404509
670 669 0.522120786797 -2.61947186679
671 657 -0.131265011722 3.01032764187
672 552 0.484578577136 -2.65701407645
673 670 -0.637764939276 2.50382771431
674 673 1.07415044257 -2.06744221102
675 552 -1.05922291512 2.08236973847
676 9 -0.335101942489 2.8064907111
677 7 0.664953270324 -2.47663938327
678 3 0.581520536314 -2.56007211728
679 2 1.47100307044 -1.67058958315
680 2 -0.133663720523 3.00792893307
681 651 0.757459302755 -2.38413335083
682 647 -0.547023563537 2.59456909005
683 681 -1.08725067359 2.05434198
684 666 -0.497409331835 2.64418332176
685 668 -0.670679616179 2.47091303741
686 683 -0.0875138596123 3.05407879398
687 685 -0.529159472447 2.61243318114
688 9 0.228461569529 -2.91313108406
689 39 -1.29118667182 1.85040598177
690 32 -0.998144027457 2.14344862613
691 30 -0.787885960126 2.35370669346
692 30 1.36286500787 -1.77872764572
693 42 -0.0896494823983 3.05194317119
694 42 -0.0306467177868 3.1109459358
695 694 -0.153172370903 2.98842028269
696 687 1.4722532674 -1.66933938619
697 9 -1.55385621586 1.58773643773
698 10 1.29035949615 -1.85123315744
699 45 -1.28706058887 1.85453206472
700 45 0.783989951275 -2.35760270231
701 702 -0.246694459864 2.89489819373
702 695 1.2978617335 -1.84373092009
703 11 1.26599737871 -1.87559527488
704 18 0.45860541647 -2.68298723712
705 609 -0.694663570066 2.44692908352
706 607 0.334615213851 -2.80697743974
707 706 1.24285011701 -1.89874253658
708 637 0.0607638888007 -3.08082876479
709 40 0.384765037215 -2.75682761638
710 36 0.658546771404 -2.48304588219
711 592 0.695117109284 -2.44647554431
712 589 0.420760374136 -2.72083227945
713 36 -1.29746590385 1.84412674974
714 715 -0.9096571621 2.23193549149
715 714 -0.727402819275 2.41418983431
716 714 1.5167960888 -1.62479656479
717 714 -1.54948504174 1.59210761185
718 714 0.214299905884 -2.92729274771
719 715 -0.653789196115 2.48780345747
720 718 -0.588981905188 2.5526107484
721 722 -0.356339333387 2.7852533202
722 721 -0.823942808237 2.31764984535
723 721 -1.189091588 1.95250106559
724 720 -1.04585819089 2.0957344627
725 721 -0.116878569417 3.02471408417
726 720 0.764343164775 -2.37724948881
727 728 0.639821250543 -2.50177140305
728 727 0.618805729922 -2.52278692367
729 727 -0.201831831201 2.93976082239
730 727 -0.0517569877631 3.08983566583
731 727 1.51186804426 -1.62972460933
732 728 0.634010654448 -2.50758199914
733 731 0.616229512571 -2.52536314102
734 735 0.551403751899 -2.59018890169
735 734 0.455103011028 -2.68648964256
736 734 -0.124495912167 3.01709674142
737 733 -0.0619153212594 3.07967733233
738 734 0.833795137826 -2.30779751576
739 733 -1.11087496559 2.030717688
740 717 -0.888066988829 2.25352566476
741 714 -1.25845822354 1.88313443005
742 740 -0.974146797956 2.16744585563
743 714 -1.20595355477 1.93563909882
744 730 0.819474344755 -2.32211830883
745 727 0.394431628849 -2.74716102474
746 744 0.873569243467 -2.26802341012
747 727 0.445142049047 -2.69645060454
748 721 -0.475301461021 2.66629119257
749 725 -0.403081360882 2.73851129271
750 722 -0.205175680377 2.93641697321
751 749 -0.269860592933 2.87173206066
752 734 0.402609009075 -2.73898364451
753 738 0.570057164972 -2.57153548862
754 735 0.693212467744 -2.44838018585
755 753 0.719442914269 -2.42214973932
756 730 0.780894644182 -2.36069800941
757 730 -0.859824074745 2.28176857884
758 718 0.874585698266 -2.26700695532
759 717 0.993025057732 -2.14856759586
760 761 -1.23244456985 1.90914808373
761 760 -1.21854761977 1.92304503382
762 760 -0.288279083395 2.85331357019
763 760 -1.25851439762 1.88307825597
764 762 -1.51748760866 1.62410504493
765 761 -1.09231758971 2.04927506388
766 764 0.348348072366 -2.79324458122
767 761 0.0305399992487 -3.11105265434
768 761 -0.801479522558 2.34011313103
769 767 -0.547882037077 2.59371061651
770 765 -0.403958132667 2.73763452092
771 761 1.51722067821 -1.62437197538
772 760 -0.210060389641 2.93153226395
773 771 -1.54898653935 1.59260611424
774 760 -1.40598078687 1.73561186672
775 776 -0.237065257555 2.90452739603
776 775 0.566801166579 -2.57479148701
777 775 0.24534636624 -2.89624628735
778 775 -0.328346868555 2.81324578503
779 777 -0.762565772115 2.37902688147
780 776 -0.877008164953 2.26458448864
781 779 0.915540214227 -2.22605243936
782 776 -0.52924310062 2.61234955297
783 776 -0.810328770123 2.33126388347
784 782 -0.990532430595 2.15106022299
785 780 -0.408780338047 2.73281231554
786 776 -0.174642684815 2.96694996877
787 775 1.22151734237 -1.92007531122
788 786 -0.268671769084 2.87292088451
789 775 -0.348988616215 2.79260403738
790 791 1.00619453406 -2.13539811953
791 790 1.07699090661 -2.06460174698
792 790 1.36431371821 -1.77727893538
793 790 0.806076353177 -2.33551630041
794 792 0.970581382779 -2.17101127081
795 791 1.07083795978 -2.07075469381
796 794 1.01003385608 -2.13155879751
797 798 -1.27438003648 1.86721261711
798 797 1.157863685 -1.98372896859
799 797 1.07548078398 -2.06611186961
800 797 -0.527756862678 2.61383579091
801 797 -1.21465711316 1.92693554043
802 798 -0.882366365903 2.25922628769
803 799 -0.0271151711208 3.11447748247
804 797 -0.438515791736 2.70307686185
805 798 -0.9297502633 2.21184239029
806 801 -0.326909131027 2.81468352256
807 805 -1.01226394824 2.12932870535
808 801 -0.239046274208 2.90254637938
809 806 0.518437004915 -2.62315564868
810 801 0.233923425428 -2.90766922816
811 808 0.590810296855 -2.55078235673
812 813 -0.167222484224 2.97437016937
813 812 -0.207913750546 2.93367890304
814 812 0.56629059186 -2.57530206173
815 812 0.763600480447 -2.37799217314
816 813 0.47006076549 -2.6715318881
817 813 0.00861341038402 -3.13297924321
818 816 0.403039836104 -2.73855281749
819 793 0.447452230745 -2.69414042284
820 819 0.311592259556 -2.83000039403
821 793 0.157413510755 -2.98417914284
822 790 -0.101849205949 3.03974344764
823 815 0.958641607083 -2.18295104651
824 825 0.601730564473 -2.53986208912
825 824 0.297145040202 -2.84444761339
826 824 -0.179947483947 2.96164516964
827 824 0.0853115269812 -3.05628112661
828 824 0.408600993979 -2.73299165961
829 825 0.349565218842 -2.79202743475
830 828 0.753361110795 -2.38823154279
831 832 -1.15735094462 1.98424170897
832 831 -1.07160823303 2.06998442056
833 831 1.39085926545 -1.75073338814
834 831 -0.279806177752 2.86178647584
835 831 -1.53794262097 1.60365003262
836 832 -0.0238794648775 3.11771318871
837 833 0.363002031421 -2.77859062217
838 133 1.41429056532 -1.72730208827
839 133 -1.43786992111 1.70372273248
840 838 -0.962831394755 2.17876125883
841 838 0.0660223210413 -3.07557033255
842 133 -1.03151134985 2.11008130374
843 839 -0.0148162812676 3.12677637232
844 133 -0.348771041631 2.79282161196
845 133 -0.701685149142 2.43990750445
846 844 -0.184002160008 2.95759049358
847 842 -0.0211238571851 3.1204687964
848 133 -1.00413493344 2.13745772015
849 133 -0.499486001775 2.64210665181
850 848 -0.459579163635 2.68201348996
851 844 -0.210597656369 2.93099499722
852 848 -0.820799217361 2.32079343623
853 133 -0.290231549072 2.85136110452
854 850 1.11316953407 -2.02842311952
855 852 -0.896042861709 2.24554979188
856 133 -0.198424954893 2.9431676987
857 133 -1.45404827225 1.68754438134
858 856 -0.954340373038 2.18725228055
859 853 -1.00634384651 2.13524880708
860 133 -0.961726496659 2.17986615693
861 133 1.32715489391 -1.81443775968
862 858 0.75042058398 -2.39117206961
863 860 -1.28296482865 1.85862782494
864 133 1.145438127 -1.99615452659
865 133 1.02565385543 -2.11593879816
866 863 0.0958017756143 -3.04579087798
867 864 0.752701189889 -2.3888914637
868 90 0.336722141001 -2.80487051259
869 90 0.636818409672 -2.50477424392
870 868 -1.23683966296 1.90475299063
871 869 1.1927276096 -1.94886504399
872 90 0.115808353753 -3.02578429984
873 871 -0.392117852948 2.74947480064
874 90 -1.52713230025 1.61446035334
875 90 1.48479316937 -1.65679948422
876 874 0.989576999301 -2.15201565429
877 872 1.05735801267 -2.08423464092
878 90 1.41744163974 -1.72415101385
879 90 1.4591541247 -1.68243852889
880 876 -0.33453296516 2.80705968843
881 878 0.93348478376 -2.20810786983
882 90 1.33749458275 -1.80409807084
883 90 -1.43329752915 1.70829512444
884 881 -0.480273681094 2.6613189725
885 882 0.39065263969 -2.7509400139
886 90 1.22632378653 -1.91526886706
887 90 1.48701923452 -1.65457341907
888 885 -1.03756928738 2.10402336621
889 886 0.0122096016045 -3.12938305199
890 143 -0.67746854005 2.46412411354
891 153 1.37232177005 -1.76927088354
892 890 0.43464694173 -2.70694571186
893 890 0.647576687611 -2.49401596598
894 153 1.43162522306 -1.70996743053
895 891 0.112989748579 -3.02860290501
896 153 -0.216719283575 2.92487337001
897 153 1.16535735763 -1.97623529596
898 896 1.40233759558 -1.73925505801
899 895 -1.19173452394 1.94985812965
900 104 -0.120346516345 3.02124613724
901 104 -0.0267404049054 3.11485224868
902 900 0.315942092361 -2.82565056123
903 901 0.257716693361 -2.88387596023
904 104 -0.0251360799352 3.11645657365
905 903 -1.18252505146 1.95906760213
906 104 -0.353658086564 2.78793456703
907 104 -0.261744339239 2.87984831435
908 906 -0.468520034459 2.67307261913
909 907 0.477965644618 -2.66362700897
910 104 -0.17626798679 2.9653246668
911 909 1.26889302987 -1.87269962372
912 104 -0.137082017948 3.00451063564
913 904 -0.808595597537 2.33299705605
914 796 -0.414099711727 2.72749294186
915 794 0.317479437994 -2.8241132156
916 818 -1.25361249806 1.88798015553
917 816 1.03633780953 -2.10525484406
918 919 1.14180376156 -1.99978889203
919 918 1.1521846682 -1.98940798539
920 918 0.227288094056 -2.91430455953
921 918 -0.558976652782 2.58261600081
922 918 1.20403029572 -1.93756235787
923 919 -0.536416474638 2.60517617895
924 921 0.282383272206 -2.85920938138
925 926 0.880981892611 -2.26061076098
926 925 0.950434989426 -2.19115766416
927 925 0.348248929209 -2.79334372438
928 925 -0.185012345506 2.95658030808
929 924 0.915635813738 -2.22595683985
930 924 -1.49205840404 1.64953424955
931 62 0.822039211324 -2.31955344227
932 62 0.71574470442 -2.42584794917
933 931 -0.142198550335 2.99939410326
934 931 0.122503543294 -3.0190891103
935 62 0.702940400938 -2.43865225265
936 932 0.283681074782 -2.85791157881
937 62 0.514214630764 -2.62737802283
938 62 0.577799450238 -2.56379320335
939 936 1.35813600389 -1.7834566497
940 937 -0.571805221835 2.56978743175
941 62 0.51678548253 -2.62480717106
942 64 -1.41236210185 1.72923055174
943 937 -1.33125985901 1.81033279458
944 64 -1.14674470312 1.99484795047
945 58 0.0851576519316 -3.05643500166
946 947 -1.06856932287 2.07302333072
947 946 -1.05412149599 2.0874711576
948 946 0.646662166755 -2.49493048683
949 946 0.976881373672 -2.16471127992
950 947 0.421376440885 -2.7202162127
951 947 -1.04944055807 2.09215209552
952 950 -0.361488423716 2.78010422987
953 948 0.531115998761 -2.61047665483
954 948 -1.49789798572 1.64369466787
955 951 -0.891196859936 2.25039579365
956 953 0.0136063367383 -3.12798631685
957 958 -0.619220724705 2.52237192888
958 957 -0.540815076972 2.60077757662
959 957 -0.0126604559858 3.1289321976
960 957 -0.79004481845 2.35154783514
961 959 -0.641086340229 2.50050631336
962 958 -0.407858539194 2.7337341144
963 961 -0.687105533003 2.45448712059
964 949 0.231809092779 -2.90978356081
965 950 0.71482206856 -2.42677058503
966 949 0.724376032678 -2.41721662091
967 964 1.14912079284 -1.99247186075
968 969 1.20872245576 -1.93287019783
969 968 1.14913599306 -1.99245666053
970 968 -1.03036271113 2.11122994246
971 968 -0.906583323276 2.23500933031
972 969 -1.31858557435 1.82300707924
973 969 1.29894561353 -1.84264704006
974 972 1.50748501593 -1.63410763766
975 960 -1.1202526736 2.02133997999
976 975 -1.25836168631 1.88323096728
977 960 -1.39133363642 1.75025901717
978 957 1.33327182862 -1.80832082497
979 971 -0.728739437939 2.41285321565
980 922 0.227716114429 -2.91387653916
981 980 0.245349802724 -2.89624285087
982 918 0.654379099739 -2.48721355385
983 918 0.535134195847 -2.60645845774
984 925 0.313879152763 -2.82771350083
985 928 0.158021584831 -2.98357106876
986 927 0.0208469540269 -3.12074569956
987 985 -0.126302902461 3.01528975113
988 921 -1.13349496296 2.00809769063
989 922 -1.36227536478 1.77931728881
990 991 1.28476411309 -1.8568285405
991 990 -1.47195213962 1.66964051397
992 990 1.52171451442 -1.61987813917
993 990 -0.609933030139 2.53165962345
994 991 -0.192307155571 2.94928549802
995 991 1.56223765174 -1.57935500185
996 994 1.45611816149 -1.6854744921
997 992 -1.14722315763 1.99436949596
998 992 -0.73058893155 2.41100372204
999 997 -1.28331889213 1.85827376146
1000 995 -0.291383092555 2.85020956104
1001 992 -0.650872613717 2.49072003987
1002 990 1.32423015335 -1.81736250024
1003 1001 -0.593613823923 2.54797882967
1004 990 -0.524302195107 2.61729045848
1005 963 1.08219011377 -2.05940253982
1006 961 -1.22219348006 1.91939917353
1007 974 0.0672340597197 -3.07435859387
1008 972 -0.764574659489 2.3770179941
1009 1010 0.465374879857 -2.67621777373
1010 1009 0.41479068169 -2.7268019719
1011 1009 -0.209116866094 2.9324757875
1012 1009 -1.14927188502 1.99232076857
1013 1011 1.19720503333 -1.94438762026
1014 1011 -1.1080327563 2.03355989729
1015 1010 0.327789701616 -2.81380295197
1016 1010 -0.0655239442493 3.07606870934
1017 1014 0.202962547978 -2.93863010561
1018 1009 -1.42991077096 1.71168188263
1019 1010 -1.36793670727 1.77365594632
1020 1010 0.795625600658 -2.34596705293
1021 1018 -1.44988133243 1.69171132116
1022 1019 -1.35271605242 1.78887660117
1023 1020 -0.949028735504 2.19256391809
1024 1020 1.08267801552 -2.05891463807
1025 1015 0.995843001496 -2.14574965209
1026 1015 0.327384053092 -2.8142086005
1027 1024 0.393256063809 -2.74833658978
1028 1025 0.298941949047 -2.84265070454
1029 1026 0.242706650662 -2.89888600293
1030 1029 -1.37175834764 1.76983430595
1031 1015 -0.312491430369 2.82910122322
1032 1030 -1.50352976114 1.63806289245
1033 1016 -0.501644909186 2.6399477444
1034 1032 1.47355146791 -1.66804118568
1035 1032 0.59682347036 -2.54476918323
1036 1014 -0.771600320594 2.369992333
1037 1034 1.38425539969 -1.7573372539
1038 1035 1.38039661128 -1.76119604231
1039 1036 1.36719879713 -1.77439385646
1040 1039 0.123428165795 -3.01816448779
1041 1013 -1.26077678365 1.88081586994
1042 1040 0.675234671139 -2.46635798245
1043 1013 0.681696967569 -2.45989568602
1044 1042 0.161477156618 -2.98011549697
1045 1042 1.03392676037 -2.10766589322
1046 1013 1.24244967071 -1.89914298288
1047 1044 -0.493561395057 2.64803125853
1048 1045 -0.805123228626 2.33646942496
1049 1045 0.424913683323 -2.71667897027
1050 1046 -0.94390779861 2.19768485498
1051 1046 -1.26042915931 1.88116349428
1052 1012 -0.687499516503 2.45409313709
1053 1050 -1.4103881195 1.73120453409
1054 1051 -1.39207632523 1.74951632836
1055 1051 1.56576808517 -1.57582456842
1056 1055 0.310963515585 -2.83062913801
1057 1009 -0.479955434239 2.66163721935
1058 1056 0.407927434589 -2.733665219
1059 1009 -1.04763162039 2.0939610332
1060 1058 0.510745836083 -2.63084681751
1061 1009 1.31398866021 -1.82760399338
1062 1060 0.651833123488 -2.4897595301
1063 1018 -1.53125268204 1.61033997155
1064 1062 0.890640269726 -2.25095238386
1065 830 -1.1312176871 2.01037496649
1066 828 1.54519969864 -1.59639295495
1067 1064 0.896309869281 -2.24528278431
1068 830 -1.39460188945 1.74699076414
1069 827 0.0614811092254 -3.08011154436
1070 1021 -0.234940938717 2.90665171487
1071 827 -0.923457241316 2.21813541227
1072 1069 -0.188034252734 2.95355840086
1073 1070 -1.25375777273 1.88783488086
1074 1021 -1.44022466611 1.70136798748
1075 1073 0.286227539937 -2.85536511365
1076 1022 1.12225894347 -2.01933371012
1077 1075 0.414373723478 -2.72721893011
1078 1024 -1.20641721602 1.93517543757
1079 1077 0.366373860312 -2.77521879328
1080 1027 -1.24058928431 1.90100336928
1081 1079 0.166372273844 -2.97522037975
1082 1027 1.03111836616 -2.11047428743
1083 1027 0.217472752565 -2.92411990102
1084 1081 0.134766245212 -3.00682640838
1085 1082 0.177001529179 -2.96459112441
1086 1083 0.176640621522 -2.96495203207
1087 1083 -0.633425415366 2.50816723822
1088 1027 -0.513944552273 2.62764810132
1089 1087 -1.50535317406 1.63623947953
1090 1029 0.00388522189182 -3.1377074317
1091 1089 -1.31585596127 1.82573669232
1092 1030 -0.0130459785346 3.12854667506
1093 1091 -1.33370912499 1.8078835286
1094 1032 -0.00168624335043 3.13990641024
1095 1093 -1.49513317317 1.64645948042
1096 1034 -0.0687939633028 3.07279869029
1097 1095 1.55740100742 -1.58419164617
1098 1034 -0.84018988003 2.30140277356
1099 1097 1.46970453105 -1.67188812254
1100 1037 -0.7662670638 2.37532558979
1101 1037 1.21029993198 -1.93129272161
1102 1099 1.4824026617 -1.65918999189
1103 1100 1.43349711296 -1.70809554063
1104 1101 1.45201967271 -1.68957298088
1105 1104 0.213632092663 -2.92796056093
1106 1038 1.35481125194 -1.78678140165
1107 1105 0.270103322457 -2.87148933113
1108 1039 1.54805460941 -1.59353804418
1109 1107 0.372700299201 -2.76889235439
1110 1039 0.763687530765 -2.37790512283
1111 1109 0.796035891885 -2.34555676171
1112 1040 1.39752534316 -1.74406731043
1113 1111 1.26266627305 -1.87892638054
1114 1111 0.87067562734 -2.27091702625
1115 1042 1.46023130729 -1.6813613463
1116 1113 1.39509281102 -1.74649984257
1117 1113 1.06575358409 -2.0758390695
1118 1114 1.2313348464 -1.91025780719
1119 1118 -0.00963369010737 3.13195896348
1120 1044 1.53325916277 -1.60833349082
1121 1119 -0.0352852839032 3.10630736969
1122 1044 1.33666616527 -1.80492648832
1123 1121 -0.104133613715 3.03745903987
1124 1121 -1.21293105835 1.92866159524
1125 1047 0.374350160566 -2.76724249302
1126 1123 -0.0856867970624 3.05590585653
1127 1124 0.471950756874 -2.66964189672
1128 1124 -0.948923549663 2.19266910393
1129 1128 -1.29480648368 1.84678616991
1130 1125 -1.26604963724 1.87554301635
1131 1047 -1.35283125762 1.78876139597
1132 1129 -1.28260927059 1.858983383
1133 1129 1.43616485095 -1.70542780264
1134 1131 -1.33221122742 1.80938142617
1135 1134 0.404872555167 -2.73672009842
1136 1048 -1.34650471899 1.79508793459
1137 1135 0.258086611701 -2.88350604189
1138 1049 -1.52021090204 1.62138175155
1139 1137 0.312984725116 -2.82860792847
1140 1049 0.915337525416 -2.22625512817
1141 1049 -0.173445505159 2.96814714843
1142 1139 0.118725186994 -3.0228674666
1143 1139 -1.25979044319 1.8818022104
1144 1141 -0.241281252212 2.90031140138
1145 1144 1.50842790638 -1.63316474721
1146 1050 -0.166437015666 2.97515563792
1147 1145 1.51775486427 -1.62383778932
1148 1053 0.0691065904773 -3.07248606311
1149 1147 -1.54450915592 1.59708349766
1150 1053 -1.18408967045 1.95750298314
1151 1053 -1.43350336432 1.70808928927
1152 1149 -1.54958937594 1.59200327765
1153 1150 -1.51381227027 1.62778038332
1154 1151 -1.49656798006 1.64502467353
1155 1154 0.97488725474 -2.16670539885
1156 1054 -1.45603701768 1.68555563591
1157 1155 0.944649628929 -2.19694302466
1158 1055 -1.46812959244 1.67346306115
1159 1157 0.816997694488 -2.3245949591
1160 1056 -1.42681403947 1.71477861412
1161 1159 0.70399653755 -2.43759611604
1162 1058 -1.39469039075 1.74690226284
1163 1161 0.487614618761 -2.65397803483
1164 1060 -1.3810327674 1.76055988619
1165 1163 0.559258110897 -2.58233454269
1166 1062 -1.33952456673 1.80206808686
1167 1165 0.303882661497 -2.83770999209
1168 1064 -1.36111865316 1.78047400043
1169 1167 -1.28145592679 1.8601367268
1170 1067 -1.41103800064 1.73055465295
1171 1169 -0.0862147378241 3.05537791577
1172 1067 1.38428450499 -1.7573081486
1173 1067 0.673573781025 -2.46801887257
1174 1171 0.286259218999 -2.85533343459
1175 1172 -0.257740478645 2.88385217494
1176 1173 0.594780127599 -2.54681252599
1177 1173 -1.23603685579 1.9055557978
1178 1067 -1.13218562747 2.00940702612
1179 1177 -1.16171198478 1.97988066881
1180 830 0.658022049254 -2.48357060434
1181 1179 -1.09908003615 2.04251261744
1182 830 -0.169383176419 2.97220947717
1183 829 0.154630802336 -2.98696185125
1184 1181 -1.0867299258 2.05486272779
1185 1182 -0.886185834523 2.25540681907
1186 1183 -0.622433039085 2.51915961451
1187 1186 1.14911336806 -1.99247928553
1188 826 0.354249711423 -2.78734294217
1189 1187 1.2635730289 -1.87801962469
1190 826 -0.390107722895 2.75148493069
1191 1189 1.21577030032 -1.92582235327
1192 1190 1.39302397356 -1.74856868003
1193 826 -1.38746069851 1.75413195508
1194 1191 1.42467549919 -1.7169171544
1195 1192 1.47269713057 -1.66889552302
1196 1193 -1.38623468091 1.75535797268
1197 835 0.346733251825 -2.79485940176
1198 824 -1.50625259471 1.63534005888
1199 827 -1.55513972216 1.58645293143
1200 834 -1.04691277473 2.09467987886
1201 827 0.978559829168 -2.16303282442
1202 834 0.584161096951 -2.55743155664
1203 1200 0.825725543657 -2.31586710993
1204 1203 -0.268341856883 2.87325079671
1205 827 0.808568407522 -2.33302424607
1206 1204 -0.305589028527 2.83600362506
1207 1071 0.799471641457 -2.34212101213
1208 1113 -1.46106258832 1.68053006527
1209 1111 1.56980612967 -1.57178652392
1210 1072 -0.555673953445 2.58591870014
1211 1072 1.01849057364 -2.12310207995
1212 1073 0.753310417508 -2.38828223608
1213 1075 1.07178590998 -2.06980674361
1214 1077 1.05842544676 -2.08316720683
1215 1079 0.90469410382 -2.23689854977
1216 1084 -1.51966576588 1.62192688771
1217 1099 -0.285179552927 2.85641310066
1218 1102 -0.355540637788 2.7860520158
1219 1084 0.211495775096 -2.93009687849
1220 1217 0.104725392483 -3.03686726111
1221 1217 -0.444335095839 2.69725755775
1222 1218 -0.294234654452 2.84735799914
1223 1222 -1.360772106 1.78082054759
1224 1085 0.327438306129 -2.81415434746
1225 1223 -1.29050455206 1.85108810153
1226 1086 0.253501670479 -2.88809098311
1227 1225 -1.14371840439 1.9978742492
1228 1086 -0.532881410152 2.60871124344
1229 1227 -1.21502076979 1.9265718838
1230 1087 -0.479653100684 2.66193955291
1231 1229 1.53395796064 -1.60763469295
1232 1091 0.113121223985 -3.0284714296
1233 1231 1.41616589787 -1.72542675572
1234 1093 -0.0162303048001 3.12536234879
1235 1233 -1.46150746596 1.68008518763
1236 1095 0.0303955518767 -3.11119710171
1237 1235 -1.42047935956 1.72111329403
1238 1095 -0.580603636422 2.56098901717
1239 1220 1.2967982497 -1.84479440389
1240 1097 -0.471116104417 2.67047654917
1241 1235 0.026437848311 -3.11515480528
1242 1237 0.466275794491 -2.6753168591
1243 1220 -0.360335733006 2.78125692058
1244 1241 0.434749260638 -2.70684339295
1245 1241 0.140534615293 -3.0010580383
1246 1242 -0.30053565833 2.84105699526
1247 1243 -0.161632923112 2.97995973048
1248 1220 -0.214726530323 2.92686612327
1249 1247 0.993512415647 -2.14808023794
1250 1221 -0.0735577398049 3.06803491378
1251 1249 1.44636565132 -1.69522700227
1252 1223 -1.45967943792 1.68191321567
1253 1251 1.11720805157 -2.02438460202
1254 1225 0.0744479887552 -3.06714466483
1255 1253 -1.18137663297 1.96021602062
1256 1225 -0.323343359777 2.81824929381
1257 1255 -1.56969451325 1.57189814034
1258 1229 -0.233208284259 2.90838436933
1259 1257 -0.628290583476 2.51330207011
1260 1229 -0.5968953091 2.54469734449
1261 1259 -1.01359059053 2.12800206306
1262 1231 -0.719510523173 2.42208213042
1263 1244 1.51307758851 -1.62851506508
1264 1233 -0.425731400579 2.71586125301
1265 1261 0.469878015432 -2.67171463816
1266 1244 0.714792524861 -2.42680012873
1267 1244 -0.486266462272 2.65532619132
1268 1265 0.26657378334 -2.87501887025
1269 1266 0.0456581798495 -3.09593447374
1270 1267 0.0973544906499 -3.04423816294
1271 1270 -1.13450471471 2.00708793888
1272 1245 -0.0755566472671 3.06603600632
1273 1271 -1.43837631144 1.70321634215
1274 1245 -0.017246877998 3.12434577559
1275 1273 -1.32479165614 1.81680099745
1276 1246 0.0308880500089 -3.11070460358
1277 1275 1.50697063731 -1.63462201628
1278 1247 -0.340749234423 2.80084341917
1279 1277 1.05778921276 -2.08380344083
1280 1249 -0.884720198827 2.25687245476
1281 1279 -0.651320410458 2.49027224313
1282 1251 0.622406820718 -2.51918583287
1283 1281 -0.596456593113 2.54513606048
1284 1253 0.141600750523 -2.99999190307
1285 1283 -1.50728651889 1.6343061347
1286 1257 0.864367114947 -2.27722553864
1287 1265 0.455137306432 -2.68645534716
1288 1259 0.772217770638 -2.36937488295
1289 761 0.867930920447 -2.27366173314
1290 761 0.073467684369 -3.06812496922
1291 771 0.291226145127 -2.85036650846
1292 729 0.599720712188 -2.5418719414
1293 729 -0.821593198579 2.31999945501
1294 729 0.0316388850083 -3.10995376858
1295 729 0.870310457293 -2.2712821963
1296 733 0.457474844816 -2.68411780877
1297 735 -0.143843117834 2.99774953576
1298 735 0.693311753655 -2.44828089993
1299 735 -0.359530853345 2.78206180024
1300 735 -1.50227207427 1.63932057932
1301 767 0.0270573536781 -3.11453529991
1302 761 1.49883611645 -1.64275653714
1303 754 -0.185108750265 2.95648390332
1304 755 -0.390552135096 2.75104051849
1305 746 -0.150703595293 2.9908890583
1306 746 0.482113794033 -2.65947885956
1307 746 1.15845486978 -1.98313778381
1308 746 -0.411153460125 2.73043919346
1309 744 -0.51326108245 2.62833157114
1310 1204 1.14024504175 -2.00134761184
1311 1206 0.912361189751 -2.22923146384
1312 1116 1.47738967365 -1.66420297994
1313 1310 1.47773554072 -1.66385711287
1314 1310 1.08271141489 -2.0588812387
1315 1311 1.01185121172 -2.12974144187
1316 1312 0.969922329407 -2.17167032418
1317 1116 0.876508551782 -2.26508410181
1318 1316 -0.178419676666 2.96317297692
1319 1117 0.939472095683 -2.20212055791
1320 1318 -0.263362644053 2.87823000954
1321 1118 1.12224930056 -2.01934335303
1322 1320 -0.259110641352 2.88248201224
1323 1119 1.16734991252 -1.97424274107
1324 1322 -0.118177528377 3.02341512521
1325 1121 1.19233507417 -1.94925757942
1326 1324 -0.0722489407823 3.06934371281
1327 1123 1.25353426589 -1.8880583877
1328 1326 -0.103454678609 3.03813797498
1329 1126 1.24294644163 -1.89864621196
1330 1126 0.100690269718 -3.04090238387
1331 1328 -0.0459035116161 3.09568914197
1332 1329 0.0768350840426 -3.06475756955
1333 1330 0.17971666089 -2.9618759927
1334 1333 -1.05779526325 2.08379739034
1335 1127 -0.0973319147106 3.04426073888
1336 1334 -1.04220952562 2.09938312797
1337 1128 0.281496792436 -2.86009586115
1338 1336 -1.32420598872 1.81738666487
1339 1128 -0.827193719049 2.31439893454
1340 1338 -1.29831613216 1.84327652143
1341 1129 -0.796554697681 2.34503795591
1342 1340 -1.49155488622 1.65003776737
1343 1340 0.904140251162 -2.23745240243
1344 1132 -1.22487807538 1.91671457821
1345 1342 -1.53065196072 1.61094069287
1346 1342 0.868314935831 -2.27327771776
1347 1343 1.08316696199 -2.0584256916
1348 1347 0.736643177296 -2.40494947629
1349 1133 -1.15778436865 1.98380828494
1350 1348 0.93411361455 -2.20747903904
1351 1134 -1.09139500888 2.05019764471
1352 1350 0.632052032079 -2.50954062151
1353 1135 -1.10878788745 2.03280476614
1354 1352 0.335183527293 -2.8064091263
1355 1135 1.13791617737 -2.00367647622
1356 1354 -0.015628354564 3.12596429903
1357 1139 1.51429585036 -1.62729680323
1358 1356 -0.178605832401 2.96298682119
1359 1142 1.42239056464 -1.71920208895
1360 1358 -0.237235158298 2.90435749529
1361 1142 0.808771122391 -2.3328215312
1362 1142 -0.25143227649 2.8901603771
1363 1360 -0.25763237564 2.88396027795
1364 1361 -0.33196698042 2.80962567317
1365 1362 -0.387838906292 2.7537537473
1366 1365 -1.5613510757 1.58024157789
1367 1143 -0.0889278006039 3.05266485299
1368 1366 -1.47426747901 1.66732517458
1369 1144 -0.100656982495 3.04093567109
1370 1368 1.03617931638 -2.10541333721
1371 1144 -0.968349126404 2.17324352719
1372 1370 1.2241058346 -1.91748681899
1373 1145 -1.36877259823 1.77282005536
1374 1372 1.45839175977 -1.68320089382
1375 1147 -1.18858616509 1.9530064885
1376 1374 1.53604358152 -1.60554907207
1377 1149 -1.24954143144 1.89205122215
1378 1376 -1.5509238504 1.59066880319
1379 1152 -1.44055728066 1.70103537293
1380 1152 -1.56302047147 1.57857218212
1381 1378 -1.5349560544 1.60663659919
1382 1379 -0.0787330638147 3.06285958978
1383 1380 -0.0385065238968 3.10308612969
1384 1383 -1.26609314662 1.87549950697
1385 1153 -0.0638606168057 3.07773203678
1386 1384 -1.20690054886 1.93469210473
1387 1154 -0.0668939477832 3.07469870581
1388 1386 -1.0099089552 2.13168369839
1389 1155 -0.0575313483947 3.0840613052
1390 1388 -1.00441250592 2.13718014767
1391 1157 -0.0354968050099 3.10609584858
1392 1390 -1.09528142701 2.04631122658
1393 1159 -0.0358970371094 3.10569561648
1394 1392 -1.17875650272 1.96283615087
1395 1161 -0.0162998086976 3.12529284489
1396 1394 -1.30065977029 1.8409328833
1397 1163 0.0179691169368 -3.12362353665
1398 1396 -1.38108280137 1.76050985222
1399 1165 0.0445737725461 -3.09701888104
1400 1398 1.43544165289 -1.70615100069
1401 1167 0.196312696846 -2.94527995674
1402 1400 0.985767397006 -2.15582525658
1403 1169 0.468983829901 -2.67260882369
1404 1402 -1.43906599161 1.70252666198
1405 1169 0.201075622934 -2.94051703066
1406 1404 1.30199809961 -1.83959455398
1407 1171 0.510664355889 -2.6309282977
1408 1406 0.532328663722 -2.60926398987
1409 1406 0.195357490984 -2.94623516261
1410 1174 -0.385616829516 2.75597582407
1411 1408 -0.362088555261 2.77950409833
1412 1409 -1.40560440761 1.73598824598
1413 1409 1.26552026276 -1.87607239083
1414 1410 -0.324218347461 2.81737430613
1415 1174 1.18790092544 -1.95369172815
1416 1174 -0.702952557628 2.43864009596
1417 1414 1.3974060307 -1.74418662289
1418 1415 0.0992442417808 -3.04234841181
1419 1416 -0.110948015948 3.03064463764
1420 1419 0.893215088138 -2.24837756545
1421 1175 -0.10966068987 3.03193196372
1422 1420 -1.43297223848 1.70862041511
1423 1175 -1.04174816041 2.09984449318
1424 1422 1.33529504275 -1.80629761084
1425 1176 0.043646850955 -3.09794580263
1426 1176 -0.928851403175 2.21274125041
1427 1424 -1.33487945662 1.80671319697
1428 1425 -1.20453164808 1.93706100551
1429 1426 -0.978563894173 2.16302875942
1430 1429 -1.19868165406 1.94291099953
1431 1177 -0.443881429872 2.69771122372
1432 1430 -1.50640087194 1.63519178165
1433 1179 0.401076804199 -2.74051584939
1434 1432 -1.49998956983 1.64160308376
1435 1181 0.288765974103 -2.85282667949
1436 1434 -1.25455542168 1.88703723191
1437 1184 -0.466218212379 2.67537444121
1438 1436 -0.875869630105 2.26572302349
1439 1184 0.536920705287 -2.6046719483
1440 1184 -0.120864176768 3.02072847682
1441 1438 1.16913597006 -1.97245668353
1442 1438 0.865682361249 -2.27591029234
1443 1440 1.06990490528 -2.07168774831
1444 1443 0.296359999687 -2.8452326539
1445 1185 -1.00099243179 2.1406002218
1446 1444 1.434688778 -1.70690387559
1447 1186 -0.731105755297 2.41048689829
1448 1446 1.10982217494 -2.03177047865
1449 1187 0.317180783852 -2.82441186974
1450 1448 -1.48833781636 1.65325483723
1451 1187 -1.18219647828 1.95939617531
1452 1450 0.445598164845 -2.69599448874
1453 1189 -1.13713401241 2.00445864118
1454 1452 -0.530843531669 2.61074912192
1455 1191 -0.760585522618 2.38100713097
1456 1454 -0.950188051025 2.19140460256
1457 1455 -0.667518534501 2.47407411909
1458 1194 -1.44681720139 1.6947754522
1459 1456 1.08286986839 -2.0587227852
1460 1457 -0.40037185 2.74122080359
1461 1457 0.841467454997 -2.30012519859
1462 1458 1.43226660202 -1.70932605157
1463 1194 0.83654198478 -2.30505066881
1464 1462 0.596857034798 -2.54473561879
1465 1196 -1.38726845781 1.75432419578
1466 831 0.500145812487 -2.6414468411
1467 831 0.760141554289 -2.3814510993
1468 1432 1.48489630658 -1.65669634701
1469 1429 -1.46022856867 1.68136408492
1470 832 0.375072749979 -2.76651990361
1471 832 -0.868387153851 2.27320549974
1472 832 -1.10598084549 2.0356118081
1473 1427 -0.49588141275 2.64571124084
1474 1472 1.38530258193 -1.75629007166
1475 1474 0.40832067319 -2.7332719804
1476 1472 1.15317367864 -1.98841897495
1477 832 1.30021775975 -1.84137489384
1478 1475 0.737882354242 -2.40371029935
1479 1475 0.470154246776 -2.67143840681
1480 1476 0.793468451064 -2.34812420253
1481 1477 0.929420137539 -2.21217251605
1482 836 1.23260958756 -1.90898306603
1483 1481 -0.531722317349 2.60987033624
1484 837 1.37358940762 -1.76800324597
1485 1483 -0.314322386992 2.8272702666
1486 837 0.4651732544 -2.67641939919
1487 1485 -0.175251038801 2.96634161479
1488 1202 0.575306738224 -2.56628591537
1489 1310 -1.47929867044 1.66229398315
1490 1204 1.34915137147 -1.79244128212
1491 1485 1.24534020052 -1.89625245307
1492 1313 1.54131759881 -1.60027505478
1493 1313 1.47034531699 -1.6712473366
1494 1491 0.767316956689 -2.3742756969
1495 1492 0.991370175475 -2.15022247811
1496 1493 1.24999563157 -1.89159702202
1497 1496 -0.0779859244283 3.06360672916
1498 1314 1.4895516311 -1.65204102249
1499 1497 0.327581548235 -2.81401110535
1500 1314 1.37480511432 -1.76678753927
1501 1499 0.231039645139 -2.91055300845
1502 1315 1.42392955461 -1.71766309898
1503 1501 0.291616133995 -2.8499765196
1504 1316 1.49926132333 -1.64233133026
1505 1503 0.409308968796 -2.73228368479
1506 1318 -1.5423688056 1.59922384799
1507 1505 0.428483837233 -2.71310881636
1508 1320 -1.49138180851 1.65021084508
1509 1507 0.356046738775 -2.78554591481
1510 1322 -1.46209220502 1.67950044857
1511 1509 0.311202784385 -2.8303898692
1512 1324 -1.44221630723 1.69937634636
1513 1511 0.270742484981 -2.87085016861
1514 1326 -1.42419867105 1.71739398254
1515 1513 0.228185406446 -2.91340724714
1516 1328 -1.39009471524 1.75149793835
1517 1515 0.183533555422 -2.95805909817
1518 1331 -1.34504839511 1.79654425848
1519 1331 0.0477888889945 -3.0938037646
1520 1517 0.178032218067 -2.96356043552
1521 1518 0.123117509215 -3.01847514437
1522 1519 0.188160134657 -2.95343251893
1523 1522 -1.12009597702 2.02149667657
1524 1332 0.156971982026 -2.98462067156
1525 1523 -1.08665197377 2.05494067982
1526 1333 0.245754265264 -2.89583838833
1527 1525 -0.972890818453 2.16870183514
1528 1334 0.713228847985 -2.4283638056
1529 1527 -0.589311894541 2.55228075905
1530 1334 -0.547606668359 2.59398598523
1531 1529 -0.423439452027 2.71815320156
1532 1368 -0.584548692233 2.55704396136
1533 1336 -0.275221847213 2.86637080638
1534 1531 1.14912098607 -1.99247166752
1535 1368 -1.27529027626 1.86630237733
1536 1338 -0.238706217069 2.90288643652
1537 1340 -0.156422547542 2.98517010605
1538 1342 -0.197729482144 2.94386317145
1539 1345 -0.236319255325 2.90527339826
1540 1360 0.556386537928 -2.58520611566
1541 1363 0.622938281676 -2.51865437191
1542 1345 -1.47807287619 1.6635197774
1543 1540 1.28029261378 -1.86130003981
1544 1541 1.45158562354 -1.69000703005
1545 1542 -1.44694594147 1.69464671212
1546 1542 1.15205244443 -1.98954020916
1547 1345 1.02924749012 -2.11234516347
1548 1546 0.155003748716 -2.98658890487
1549 1346 1.30299116286 -1.83860149073
1550 1548 0.291578957565 -2.85001369602
1551 1348 -1.0955109437 2.04608170989
1552 1550 0.464871101148 -2.67672155244
1553 1350 -1.17450923963 1.96708341396
1554 1552 0.735164429129 -2.40642822446
1555 1352 -1.19648493142 1.94510772217
1556 1554 0.474697171122 -2.66689548247
1557 1354 -1.40053166805 1.74106098554
1558 1556 -0.278890379442 2.86270227415
1559 1356 1.28546503347 -1.85612762012
1560 1558 -0.385927846936 2.75566480665
1561 1358 1.12475428081 -2.01683837278
1562 1540 -1.25844920248 1.88314345111
1563 1360 1.16133342238 -1.98025923121
1564 1558 0.636264096477 -2.50532855711
1565 1543 -1.43689512922 1.70469752437
1566 1543 1.27472493531 -1.86686771828
1567 1564 1.10443121106 -2.03716144253
1568 1565 1.18299595002 -1.95859670357
1569 1566 1.26140056187 -1.88019209172
1570 1569 -0.00464710083081 3.13694555276
1571 1544 1.47838107962 -1.66321157397
1572 1570 0.132785948718 -3.00880670487
1573 1544 1.15314376376 -1.98844888983
1574 1572 -0.268594831315 2.87299782228
1575 1545 1.34235800593 -1.79923464766
1576 1574 -0.0630141061862 3.0785785474
1577 1546 -1.56094233801 1.58065031558
1578 1576 0.423883467865 -2.71770918572
1579 1548 -1.54029046415 1.60130218944
1580 1578 0.707802196134 -2.43379045746
1581 1550 1.55372995051 -1.58786270308
1582 1580 0.796183062321 -2.34540959127
1583 1554 -0.918276474016 2.22331617957
1584 1582 0.555081463031 -2.58651119056
1585 1556 -1.20714258959 1.934450064
1586 1564 1.51838459969 -1.6232080539
1587 1556 0.625977819506 -2.51561483408
1588 1584 -1.23357504616 1.90801760743
1589 1567 -1.2979261996 1.84366645399
1590 1567 1.05349253116 -2.08810012243
1591 1588 -1.25547858029 1.8861140733
1592 1588 0.137859400206 -3.00373325338
1593 1589 0.0513865535574 -3.09020610003
1594 1593 -0.244836784769 2.89675586882
1595 1568 1.09837461705 -2.04321803654
1596 1594 -0.106530448166 3.03506220542
1597 1568 0.65202064825 -2.48957200534
1598 1596 -0.0292960964675 3.11229655712
1599 1569 0.878932069673 -2.26266058392
1600 1598 0.152845491063 -2.98874716253
1601 1570 1.20150501417 -1.94008763942
1602 1600 0.285965195034 -2.85562745856
1603 1572 1.45784924798 -1.68374340561
1604 1602 0.393557618973 -2.74803503462
1605 1574 1.55662701697 -1.58496563662
1606 1604 0.427211951424 -2.71438070217
1607 1576 -1.38058370524 1.76100894835
1608 1606 0.533422769187 -2.6081698844
1609 1578 -1.25768565854 1.88390699505
1610 1588 0.0724900552043 -3.06910259839
1611 1582 -0.855765539129 2.28582711446
1612 1606 -1.42998190357 1.71161075002
1613 1591 0.143219283053 -2.99837337054
1614 1591 1.20737263315 -1.93422002044
1615 1612 -0.916898617421 2.22469403617
1616 1612 1.45787974616 -1.68371290743
1617 1613 -0.239476596858 2.90211605673
1618 1614 0.0922742537994 -3.04931839979
1619 1591 -0.14755488097 2.99403777262
1620 1618 -0.42781705106 2.71377560253
1621 1593 1.05718122094 -2.08441143265
1622 1620 -0.493103573864 2.64848907973
1623 1594 1.14628725027 -1.99530540332
1624 1622 -0.267047408203 2.87454524539
1625 1596 1.14925166978 -1.99234098381
1626 1624 0.206673970632 -2.93491868296
1627 1598 1.4287496502 -1.71284300339
1628 1626 0.525231724654 -2.61636092894
1629 1600 -1.39908233622 1.74251031737
1630 1628 0.442685921082 -2.69890673251
1631 1602 -1.15614588671 1.98544676688
1632 1630 0.438758652219 -2.70283400137
1633 1602 1.47723573378 -1.66435691981
1634 1615 0.512188650387 -2.6294040032
1635 1604 -1.4389760409 1.70261661269
1636 720 -0.805069200237 2.33652345335
1637 722 -1.30737845739 1.8342141962
1638 722 -0.702147585018 2.43944506857
1639 722 -1.14552089344 1.99607176015
1640 722 0.253059588138 -2.88853306545
1641 782 0.0134412642505 -3.12815138934
1642 776 0.459980652594 -2.681612001
1643 776 1.01605872758 -2.12553392601
1644 776 -1.52013793882 1.62145471477
1645 786 -1.41827232268 1.72332033091
1646 716 -1.15188456096 1.98970809263
1647 716 0.50548940389 -2.6361032497
1648 716 -1.45833482047 1.68325783312
1649 719 -1.07330868885 2.06828396474
1650 742 0.874226227846 -2.26736642574
1651 742 -0.86180141467 2.27979123892
1652 742 -1.53067545406 1.61091719953
1653 742 1.14005801497 -2.00153463862
1654 751 -0.484052423109 2.65754023048
1655 740 1.11570001988 -2.02589263371
1656 750 -0.682268734196 2.45932391939
1657 1534 0.875734816247 -2.26585783734
1658 1368 1.26045479865 -1.88113785494
1659 1657 1.30811288792 -1.83347976567
1660 1370 1.45683837377 -1.68475427982
1661 1659 1.46132849601 -1.68026415758
1662 1372 -1.22769633635 1.91389631724
1663 1661 1.50298350596 -1.63860914763
1664 1374 -1.18763078138 1.95396187221
1665 1663 1.53530962714 -1.60628302645
1666 1376 -1.4057706713 1.73582198229
1667 1665 1.53652416868 -1.60506848491
1668 1378 -1.39005168705 1.75154096654
1669 902 -1.02798686571 2.11360578788
1670 902 -0.780708432549 2.36088422104
1671 867 -0.506932697738 2.63465995585
1672 867 -0.917891413739 2.22370123985
1673 866 -0.388806907357 2.75278574623
1674 863 -0.299486011488 2.8421066421
1675 862 -0.141470269763 3.00012238383
1676 858 0.306503406536 -2.83508924705
1677 858 0.495663618912 -2.64592903468
1678 855 0.340022644841 -2.80157000875
1679 854 0.414305414116 -2.72728723947
1680 850 0.281751203557 -2.85984145003
1681 846 0.0318092028286 -3.10978345076
1682 846 0.238704999134 -2.90288765446
1683 843 0.0125188203393 -3.12907383325
1684 841 -0.289364486483 2.85222816711
1685 840 -0.175279641808 2.96631301178
1686 840 0.973099459521 -2.16849319407
1687 840 -0.716983970637 2.42460868295
1688 893 -0.00822416562312 3.13336848797
1689 893 -1.17909665872 1.96249599487
1690 892 -0.348034989223 2.79355766437
1691 1411 -0.927417843294 2.2141748103
1692 895 1.29054495973 -1.85104769386
1693 1691 0.779566017131 -2.36202663646
1694 1691 1.20747445206 -1.93411820153
1695 1411 -0.239095999873 2.90249665372
1696 1694 -1.1097375814 2.03185507219
1697 1413 -1.14440093587 1.99719171772
1698 1696 -1.00669018284 2.13490247075
1699 1414 -1.24400119927 1.89759145432
1700 1698 -0.502095846543 2.63949680705
1701 1417 -1.30655355106 1.83503910253
1702 1700 0.528421698776 -2.61317095481
1703 1417 1.55943943106 -1.58215322253
1704 1417 -1.04457592411 2.09701672948
1705 1702 -1.44982637996 1.69176627363
1706 1703 0.821991557488 -2.3196010961
1707 1704 0.0220479655805 -3.11954468801
1708 1707 0.948687989423 -2.19290466417
1709 1418 1.02372625612 -2.11786639747
1710 1708 1.5401301297 -1.60146252389
1711 1419 -0.580085501857 2.56150715173
1712 1710 -0.705253825578 2.43633882801
1713 1420 0.311350916078 -2.83024173751
1714 1712 -1.23142771041 1.91016494318
1715 1420 -0.629117023352 2.51247563024
1716 1714 0.897379680598 -2.24421297299
1717 1422 -0.420668575274 2.72092407832
1718 1716 0.802887341031 -2.33870531256
1719 1424 0.261682739728 -2.87990991386
1720 1718 -1.55255330371 1.58903934988
1721 1427 -1.19345504167 1.94813761192
1722 1720 -0.602024068884 2.53956858471
1723 1474 1.52344747472 -1.61814517887
1724 1702 0.882825092834 -2.25876756076
1725 1700 -1.15382992654 1.98776272705
1726 1474 -0.309305445102 2.83228720849
1727 1475 0.705834613509 -2.43575804008
1728 1478 -1.10050305658 2.04108959701
1729 1694 -1.16050451215 1.98108814144
1730 1478 1.37962303961 -1.76196961398
1731 1693 -0.900022832823 2.24156982077
1732 1729 0.25917191346 -2.88242074013
1733 1732 0.57586744772 -2.56572520587
1734 1478 0.696638100432 -2.44495455316
1735 1733 0.863110604931 -2.27848204866
1736 1479 0.611545127223 -2.53004752637
1737 1735 0.361503929834 -2.78008872376
1738 1480 0.890599807215 -2.25099284637
1739 1737 0.225912419428 -2.91568023416
1740 1481 0.992989537702 -2.14860311589
1741 1491 -1.52841244074 1.61318021285
1742 1483 1.04915117931 -2.09244147428
1743 942 -1.06457000218 2.07702265141
1744 940 -0.939846497942 2.20174615565
1745 939 -0.375091884876 2.76650076871
1746 936 0.0962249526484 -3.04536770094
1747 934 -0.573777859968 2.56781479362
1748 933 -0.656014965626 2.48557768796
1749 933 0.104695952187 -3.0368967014
1750 889 0.251922925018 -2.88966972857
1751 889 -0.921519006603 2.22007364699
1752 889 -0.381185373538 2.76040728005
1753 888 -0.459153631401 2.68243902219
1754 884 -0.721281706231 2.42031094736
1755 881 -1.0200885841 2.12150406949
1756 880 -1.06352616951 2.07806648408
1757 876 -1.04593134532 2.09566130827
1758 876 -1.00832076978 2.13327188381
1759 873 -1.31800237665 1.82359027694
1760 871 -1.50870236785 1.63289028574
1761 870 1.41532935551 -1.72626329808
1762 1520 0.232487570854 -2.90910508274
1763 870 1.24394023636 -1.89765241723
1764 1762 0.26504028291 -2.87655237068
1765 1764 -1.07630590143 2.06528675216
1766 1521 0.369686582407 -2.77190607118
1767 1765 -0.983837235425 2.15775541816
1768 1522 0.451604396684 -2.68998825691
1769 1767 -1.07041885632 2.07117379727
1770 1522 -0.156285160458 2.98530749313
1771 1769 -1.04979053544 2.09180211815
1772 1523 -0.0773370922565 3.06425556133
1773 1771 -0.915290762683 2.22630189091
1774 1525 -0.422772578975 2.71882007462
1775 1773 -0.473604636972 2.66798801662
1776 1527 0.180576258609 -2.96101639498
1777 1775 0.0429480998098 -3.09864455378
1778 1775 -0.383236650994 2.7583560026
1779 1529 0.311796262822 -2.82979639077
1780 1777 0.225705756935 -2.91588689665
1781 1777 -0.172844448369 2.96874820522
1782 1778 -0.0439834994264 3.09760915416
1783 1782 -0.921175276798 2.22041737679
1784 1531 0.906405554126 -2.23518709946
1785 1783 1.21946041344 -1.92213224015
1786 1534 -0.232399950156 2.90919270343
1787 1785 1.00375926495 -2.13783338864
1788 1534 -1.37036194897 1.77123070462
1789 1534 0.879086631742 -2.26250602185
1790 1787 1.00765178993 -2.13394086366
1791 1788 0.829485307723 -2.31210734587
1792 1789 0.919029550666 -2.22256310292
1793 1792 1.06164476221 -2.07994789138
1794 1657 -1.12107528947 2.02051736412
1795 1793 1.47134714433 -1.67024550926
1796 1659 -0.724928439703 2.41666421389
1797 1795 1.35942083659 -1.782171817
1798 1661 -0.515114609322 2.62647804427
1799 1797 1.42709786311 -1.71449479048
1800 1663 -0.148884492527 2.99270816106
1801 1799 -1.55894179805 1.58265085554
1802 1665 0.116142387406 -3.02545026618
1803 1801 -1.53668068632 1.60491196727
1804 1665 -1.35601677762 1.78557587597
1805 903 -1.33434357334 1.80724908025
1806 903 -0.821361001849 2.32023165174
1807 1803 -0.148549292032 2.99304336156
1808 905 1.5080570384 -1.63353561519
1809 1807 -0.0804657412819 3.06112691231
1810 911 -0.76098570952 2.38060694407
1811 1809 -0.0185515902375 3.12304106335
1812 909 0.177572391153 -2.96402026244
1813 1811 0.0654976021669 -3.07609505142
1814 908 1.14763582297 -1.99395683062
1815 1763 -0.980159932257 2.16143272133
1816 908 -0.585244927078 2.55634772651
1817 870 0.129014590983 -3.01257806261
1818 98 -0.667929373226 2.47366328036
1819 123 -0.683385317401 2.45820733619
1820 143 -0.576608581283 2.56498407231
1821 58 -1.07998256158 2.06161009201
1822 896 -1.0722322443 2.06936040929
1823 944 -1.00136127778 2.1402313758
1824 898 0.802130186926 -2.33946246666
1825 898 -0.866397531099 2.27519512249
1826 898 0.694956830085 -2.4466358235
1827 942 -1.37019278881 1.77139986478
1828 182 1.37742793537 -1.76416471822
1829 1811 -1.28825726834 1.85333538525
1830 1764 -0.942377372654 2.19921528094
1831 1829 -0.950346513934 2.19124613966
1832 1765 -0.784437221577 2.35715543201
1833 1831 -0.964216621912 2.17737603168
1834 1767 -0.116661557843 3.02493109575
1835 1833 -0.898855718368 2.24273693522
1836 1769 -0.0486021013602 3.09299055223
1837 1835 -0.725645567862 2.41594708573
1838 1771 -0.26293223481 2.87866041878
1839 1837 -0.471209815157 2.67038283843
1840 1773 0.0318000836868 -3.1097925699
1841 1839 -0.333101742193 2.8084909114
1842 1775 0.423694428639 -2.71789822495
1843 1841 -0.151724789675 2.98986786391
1844 1777 0.6171088445 -2.52448380909
1845 1843 0.0865174766405 -3.05507517695
1846 1843 -0.49799226241 2.64360039118
1847 1780 0.335382479603 -2.80621017399
1848 1845 0.183408230947 -2.95818442264
1849 1845 -0.559040383685 2.5825522699
1850 1846 -0.416258817089 2.7253338365
1851 1850 -0.957866451598 2.18372620199
1852 1781 0.434611273198 -2.70698138039
1853 1851 -0.812533209254 2.32905944434
1854 1781 -0.22522583388 2.91636681971
1855 1853 -1.01330085614 2.12829179745
1856 1783 0.628874506685 -2.5127181469
1857 1855 -1.51600772349 1.6255849301
1858 1783 -0.939553896624 2.20203875697
1859 1857 1.11173573916 -2.02985691443
1860 1785 -1.28972237154 1.85187028205
1861 1859 1.05077738896 -2.09081526463
1862 1787 -1.29027453739 1.8513181162
1863 1861 1.13185059848 -2.00974205511
1864 1790 -1.20330282767 1.93828982592
1865 1790 0.902655132084 -2.23893752151
1866 1863 1.28620773089 -1.85538492269
1867 1864 1.16891299261 -1.97267966098
1868 1865 1.07732607385 -2.06426657974
1869 1868 -0.157448255883 2.98414439771
1870 1791 1.01455515017 -2.12703750342
1871 1869 0.29357998041 -2.84801267318
1872 1792 1.1769190332 -1.96467362039
1873 1871 0.959898097905 -2.18169455568
1874 1793 -1.37134857162 1.77024408197
1875 1873 1.43337951209 -1.7082131415
1876 1795 -0.379069727774 2.76252292582
1877 1875 1.47482487531 -1.66676777828
1878 1797 -0.343926738845 2.79766591475
1879 1877 -1.55378571316 1.58780694043
1880 1799 -0.336119930036 2.80547272355
1881 1807 -1.49905947329 1.6425331803
1882 1801 -0.332175423676 2.80941722991
1883 1831 0.286074849772 -2.85551780382
1884 1809 -1.35112550491 1.79046714868
1885 1833 0.13676834926 -3.00482430433
1886 1835 0.0238545941329 -3.11773805946
1887 1837 -0.882595723292 2.2589969303
1888 1839 1.54656927107 -1.59502338252
1889 1839 0.555136400086 -2.5864562535
1890 1841 0.573489676954 -2.56810297664
1891 1843 0.804401004374 -2.33719164922
1892 1845 0.823403177874 -2.31818947572
1893 1863 -0.96032091027 2.18127174332
1894 1866 -0.862856044 2.27873660959
1895 1848 0.225397782237 -2.91619487135
1896 1893 -0.0570625488385 3.08453010475
1897 1893 -0.870338342578 2.27125431101
1898 1894 -0.715852477642 2.42574017595
1899 1898 -1.28052712174 1.86106553185
1900 1848 -0.518888832397 2.62270382119
1901 1899 -1.21453431531 1.92705833828
1902 1849 -0.241032807608 2.90055984598
1903 1901 -1.05973213706 2.08186051653
1904 1851 0.410405029986 -2.7311876236
1905 1903 -1.0758277736 2.06576487999
1906 1853 0.414422898385 -2.72716975521
1907 1905 -1.24196250328 1.89963015031
1908 1855 0.43943461717 -2.70215803642
1909 1907 -1.55481459602 1.58677805757
1910 1855 -0.799870655377 2.34172199821
1911 1909 1.22067875489 -1.9209138987
1912 1857 -1.07609689 2.06549576359
1913 1911 1.10909293954 -2.03249971405
1914 1859 -0.946589048929 2.19500360466
1915 1896 1.43322504241 -1.70836761118
1916 1861 -0.877214055934 2.26437859766
1917 1911 -0.667874068049 2.47371858554
1918 1896 0.41013721205 -2.73145544154
1919 1896 -0.199105634754 2.94248701884
1920 1917 -0.0165566803579 3.12503597323
1921 1918 -0.0691052873947 3.0724873662
1922 1919 -0.147838011955 2.99375464163
1923 1922 -1.56035295636 1.58123969723
1924 1897 -0.0954335215644 3.04615913203
1925 1923 -1.47062372588 1.67096892771
1926 1898 0.0756477597462 -3.06594489384
1927 1925 1.44359227335 -1.69800038024
1928 1899 0.239847446827 -2.90174520676
1929 1927 -1.49265667035 1.64893598324
1930 1901 0.231191678334 -2.91040097526
1931 1929 -0.961441800535 2.18015085306
1932 1903 0.194909530937 -2.94668312265
1933 1931 -0.842099029166 2.29949362442
1934 1905 0.283206704469 -2.85838594912
1935 1933 -1.35469722435 1.78689542924
1936 1907 0.276460670723 -2.86513198287
1937 1935 -1.53377924137 1.60781341222
1938 1907 -0.61181341634 2.52977923725
1939 1920 -1.40763848723 1.73395416635
1940 1909 -0.672618496883 2.46897415671
1941 1937 -0.581492172308 2.56010048128
1942 1937 0.0566809113042 -3.08491174229
1943 1920 0.0525739713529 -3.08901868224
1944 1942 0.0963716789741 -3.04522097462
1945 1941 0.195888999613 -2.94570365398
1946 1941 -0.800912449012 2.34068020458
1947 1946 -1.32358683362 1.81800581997
1948 1921 -0.0288457590534 3.11274689454
1949 1947 -1.21294264252 1.92865001107
1950 1922 0.0439833827772 -3.09760927081
1951 1949 -1.30318492009 1.8384077335
1952 1922 -0.621026952603 2.52056570099
1953 1951 -1.40243848051 1.73915417308
1954 1923 -0.525610012221 2.61598264137
1955 1953 -1.52081438601 1.62077826758
1956 1925 -0.199546822235 2.94204583135
1957 1955 -1.50429273156 1.63729992203
1958 1927 -0.177262859772 2.96432979382
1959 1957 -1.37631053557 1.76528211802
1960 1931 0.187473437714 -2.95411921588
1961 1959 -1.33777261836 1.80382003523
1962 1933 0.152080364015 -2.98951228957
1963 1942 1.13146236506 -2.01013028853
1964 1935 0.120065038526 -3.02152761506
1965 1959 -0.459460425847 2.68213222774
1966 1961 -0.80369821211 2.33789444148
1967 1944 0.278220496051 -2.86337215754
1968 1965 0.369449098896 -2.77214355469
1969 1965 -0.582757133832 2.55883551976
1970 1966 -0.596385210294 2.5452074433
1971 1967 -0.380297259934 2.76129539366
1972 1944 -0.935872393131 2.20572026046
1973 1971 -1.20778355842 1.93380909517
1974 1945 -0.776535598936 2.36505705465
1975 1973 -1.29961559815 1.84197705544
1976 1947 0.23189908276 -2.90969357083
1977 1975 -1.2676393357 1.87395331789
1978 1949 0.23270819806 -2.90888445553
1979 1977 -0.968792469673 2.17280018392
1980 1951 0.334472864648 -2.80711978894
1981 1979 -0.941315427051 2.20027722654
1982 1951 -0.518592559982 2.62300009361
1983 1981 -1.24253225261 1.89906040098
1984 1955 0.373345101928 -2.76824755166
1985 1983 -1.30610366996 1.83548898363
1986 1955 -0.248521252744 2.89307140085
1987 1968 -1.13566384859 2.005928805
1988 1957 -0.385128030767 2.75646462282
1989 923 -0.421876623709 2.71971602988
1990 919 -0.0762621224506 3.06533053114
1991 919 0.64269985846 -2.49889279513
1992 919 0.188220770235 -2.95337188335
1993 919 1.53230176343 -1.60929089016
1994 1001 0.240638272987 -2.9009543806
1995 992 0.0932879604626 -3.04830469313
1996 992 0.379863346553 -2.76172930704
1997 992 0.889018495262 -2.25257415833
1998 997 0.951154759561 -2.19043789403
1999 927 1.19137679251 -1.95021586108
2000 927 -0.469742753065 2.67184990053
2001 927 0.29045191541 -2.85114073818
2002 924 -0.522952730078 2.61863992351
2003 986 0.653579119736 -2.48801353385
2004 987 0.0895063459226 -3.05208630767
2005 994 -0.119320129366 3.02227252422
2006 981 1.38919080553 -1.75240184806
2007 981 -0.114154044292 3.0274386093
2008 980 1.49289818369 -1.6486944699
2009 981 -1.40811409036 1.73347856323
2010 1720 0.829611700304 -2.31198095329
2011 1705 0.590655780847 -2.55093687274
2012 1705 -0.790275992773 2.35131666082
2013 2010 -0.909982977497 2.23160967609
2014 2011 1.41676538701 -1.72482726658
2015 2012 1.03332009437 -2.10827255922
2016 2012 -1.20530363515 1.93628901844
2017 1706 0.450217620752 -2.69137503284
2018 2016 -0.361751064369 2.77984158922
2019 1707 -1.3976377202 1.74395493339
2020 2018 -0.55405671348 2.58753594011
2021 1708 -0.360410760698 2.78118189289
2022 2020 0.891922491341 -2.24967016225
2023 1710 1.25699083722 -1.88460181637
2024 2022 1.29801987895 -1.84357277464
2025 1712 -1.51179143868 1.62980121491
2026 2024 1.44628268822 -1.69530996537
2027 1712 -1.18707288423 1.95451976936
2028 2026 -1.00992111205 2.13167154154
2029 1714 -0.34985001625 2.79174263734
2030 2028 -0.783106866643 2.35848578695
2031 1718 -0.543815844164 2.59777680943
2032 2013 -1.0626196549 2.07897299869
2033 1720 0.377168019434 -2.76442463416
2034 2030 0.730122460343 -2.41147019325
2035 2032 0.42018763653 -2.72140501706
2036 2013 -0.567853203682 2.57373944991
2037 2034 0.491247595752 -2.65034505784
2038 2035 0.239765847503 -2.90182680609
2039 2036 0.375997117704 -2.76559553589
2040 2039 -1.23699244786 1.90460020573
2041 2014 -1.01578467855 2.12580797504
2042 2040 -0.487393424471 2.65419922912
2043 2015 1.34676718811 -1.79482546548
2044 2042 -1.03699457863 2.10459807496
2045 2015 -1.5227289613 1.61886369229
2046 2044 -0.791253120464 2.35033953313
2047 2016 0.969416770945 -2.17217588264
2048 2046 -1.38910726415 1.75248538944
2049 2020 1.38882459675 -1.75276805684
2050 2048 0.15341328455 -2.98817936904
2051 2022 0.162212712754 -2.97937994084
2052 2050 -0.903680553819 2.23791209977
2053 2024 0.26601499248 -2.87557766111
2054 2052 -0.893069884162 2.24852276943
2055 2024 0.00887961660435 -3.13271303699
2056 2034 1.31439546437 -1.82719718922
2057 2026 0.633137043078 -2.50845561051
2058 2052 1.11944903012 -2.02214362347
2059 2037 -0.0527051413636 3.08888751223
2060 2037 -0.947511395131 2.19408125846
2061 2058 -0.735431984108 2.40616066948
2062 2058 0.919586653137 -2.22200600045
2063 2060 1.51804594553 -1.62354670806
2064 2063 -0.0464453347536 3.09514731884
2065 2038 1.31833127288 -1.82326138071
2066 2064 0.231142570263 -2.91045008333
2067 2038 0.984316767149 -2.15727588644
2068 2066 0.942729205174 -2.19886344842
2069 2040 -0.896772078358 2.24482057523
2070 2068 0.600450689577 -2.54114196401
2071 2042 -1.23654895938 1.90504369421
2072 2070 0.985661884842 -2.15593076875
2073 2044 -1.3968132586 1.74477939499
2074 2072 0.83919981081 -2.30239284278
2075 2044 1.23279603247 -1.90879662112
2076 2074 1.40515550356 -1.73643715003
2077 2048 -0.66302277322 2.47856988037
2078 2076 -0.627787084764 2.51380556883
2079 2050 -1.48738925329 1.6542034003
2080 2061 0.352847802606 -2.78874485098
2081 2050 0.728808994183 -2.41278365941
2082 2078 -0.819516359436 2.32207629415
2083 2061 0.650803867248 -2.49078878634
2084 2061 -0.621205958376 2.52038669521
2085 2082 -0.827121784897 2.31447086869
2086 2083 -0.306887966357 2.83470468723
2087 2084 -0.912091768044 2.22950088555
2088 2084 0.414146963553 -2.72744569004
2089 2061 0.661399257971 -2.48019339562
2090 2088 0.0817319077886 -3.0598607458
2091 2063 1.3659007011 -1.77569195249
2092 2090 0.382122410511 -2.75947024308
2093 2063 0.423464728956 -2.71812792463
2094 2092 0.524402085938 -2.61719056765
2095 2064 1.29414052076 -1.84745213283
2096 2094 0.558561525 -2.58303112859
2097 2068 -0.833520813958 2.30807183963
2098 2096 0.503307207887 -2.6382854457
2099 2070 -0.974920248957 2.16667240463
2100 2098 0.322401602232 -2.81919105136
2101 2072 -0.845716522169 2.29587613142
2102 2100 0.501656271027 -2.63993638256
2103 2072 -1.42497609746 1.71661655613
2104 2082 0.460548094513 -2.68104455908
2105 2076 -0.587624462507 2.55396819108
2106 2100 1.51390235157 -1.62769030202
2107 2085 -0.143602867571 2.99798978602
2108 2085 -0.772395941907 2.36919671168
2109 2106 -0.971800556099 2.16979209749
2110 2106 -1.38627763344 1.75531502015
2111 2108 -0.468323205742 2.67326944785
2112 2108 -0.989449631734 2.15214302186
2113 2085 -1.42413588627 1.71745676732
2114 2112 -1.24779427224 1.89379838134
2115 2086 -0.954076953823 2.18751569977
2116 2114 -0.661641473859 2.47995117973
2117 2087 0.177235993739 -2.96435665985
2118 2116 -0.306000239506 2.83559241408
2119 2090 1.48377200103 -1.65782065256
2120 2118 0.0272193220045 -3.11437333159
2121 2092 -1.50512515141 1.63646750218
2122 2120 0.271587822496 -2.87000483109
2123 2094 -1.25159348274 1.88999917085
2124 2122 0.425026910933 -2.71656574266
2125 2096 -1.15611161538 1.98548103821
2126 2124 0.545388109451 -2.59620454414
2127 2098 -1.12647276293 2.01511989066
2128 2109 0.589528586922 -2.55206406667
2129 2098 1.3557290751 -1.78586357849
2130 976 -0.929267607481 2.21232504611
2131 976 0.234639617015 -2.90695303657
2132 963 -0.560808609998 2.58078404359
2133 956 1.37665457484 -1.76493807875
2134 2109 -1.29646339958 1.84512925401
2135 956 -0.239371424397 2.90222122919
2136 952 -1.22483695445 1.91675569914
2137 952 0.397423406873 -2.74416924672
2138 965 0.752454496636 -2.38913815695
2139 965 -1.41392602484 1.72766662875
2140 967 -0.380277255767 2.76131539782
2141 2118 0.741576488499 -2.40001616509
2142 974 1.5139950351 -1.62759761849
2143 974 -0.483172676478 2.65841997711
2144 966 -0.411729108524 2.72986354507
2145 946 1.31353171913 -1.82806093446
2146 946 -0.739032538593 2.402560115
2147 958 0.410575283461 -2.73101737013
2148 946 0.109899145039 -3.03169350855
2149 957 0.330088990203 -2.81150366339
2150 948 -0.313947497889 2.8276451557
2151 1434 -1.3230874622 1.81850519139
2152 1436 1.42317061401 -1.71842203958
2153 1436 -1.42901833442 1.71257431917
2154 1438 0.89475643228 -2.24683622131
2155 1456 0.838454184647 -2.30313846894
2156 1441 -0.786239175994 2.3553534776
2157 1441 0.612072691081 -2.52951996251
2158 2155 1.17516865287 -1.96642400071
2159 2155 0.62238300375 -2.51920964984
2160 2157 1.39584189175 -1.74575076184
2161 2160 -0.0301863951424 3.11140625845
2162 1441 0.927132481318 -2.21446017227
2163 2161 0.398062872848 -2.74352978074
2164 1442 -0.626924326446 2.51466832714
2165 2163 0.163679901787 -2.9779127518
2166 1444 -1.05913047762 2.08246217597
2167 1446 0.901443471757 -2.24014918183
2168 2165 -1.07313053718 2.06846211641
2169 2168 -0.902704046413 2.23888860718
2170 1448 -0.00719151627849 3.13440113731
2171 2169 -0.822161058452 2.31943159514
2172 1448 0.100094566819 -3.04149808677
2173 2171 -1.23366680589 1.9079258477
2174 1450 0.794376744406 -2.34721590918
2175 2173 -1.16168880811 1.97990384548
2176 1452 -1.08840851287 2.05318414072
2177 2158 -0.438186090783 2.70340656281
2178 1454 -0.412205070105 2.72938758348
2179 2173 0.391464710361 -2.75012794323
2180 2175 0.51302803313 -2.62856462046
2181 2158 1.11961946134 -2.02197319225
2182 2179 0.85945633487 -2.28213631872
2183 2179 0.496478448372 -2.64511420522
2184 2180 0.563406366235 -2.57818628735
2185 2184 -0.418975326487 2.7226173271
2186 2159 1.21378156166 -1.92781109193
2187 2185 -0.229236174325 2.91235647926
2188 2160 1.34105942911 -1.80053322448
2189 2187 -0.0829585378487 3.05863411574
2190 2161 -1.54903254046 1.59256011313
2191 2189 0.287703236965 -2.85388941662
2192 2163 -1.2845922751 1.85700037849
2193 2191 0.812013849526 -2.32957880406
2194 2165 -1.22973667042 1.91185598317
2195 2193 -1.39414310245 1.74744955114
2196 2168 0.195571521153 -2.94602113244
2197 2195 -1.00588696567 2.13570568792
2198 2168 -0.0818390762333 3.05975357736
2199 2197 -0.878669127337 2.26292352625
2200 2169 0.13699607583 -3.00459657776
2201 2182 -0.877993104842 2.26359954875
2202 2171 0.315326408172 -2.82626624542
2203 2199 0.643647272386 -2.4979453812
2204 2201 0.750806482402 -2.39078617119
2205 2182 0.837455707787 -2.3041369458
2206 2203 0.573681042599 -2.56791161099
2207 2204 0.717166998542 -2.42442565505
2208 2204 0.106511187251 -3.03508146634
2209 2205 0.21305646447 -2.92853618912
2210 2182 0.288773343561 -2.85281931003
2211 2209 -0.785087241882 2.35650541171
2212 2183 0.300665182513 -2.84092747108
2213 2211 -0.693867748055 2.44772490553
2214 2184 0.143352060284 -2.99824059331
2215 2213 -0.435461534972 2.70613111862
2216 2187 1.24059036219 -1.9010022914
2217 2215 0.213992246261 -2.92760040733
2218 2187 0.461279770772 -2.68031288282
2219 2217 0.678937281894 -2.4626553717
2220 2191 -1.15229318882 1.98929946477
2221 2219 0.735023788095 -2.40656886549
2222 2193 -0.896627094375 2.24496555921
2223 2221 1.35507342852 -1.78651922507
2224 2195 -0.263290141665 2.87830251192
2225 2203 1.24362532398 -1.89796732961
2226 2197 0.357911880389 -2.7836807732
2227 800 0.15504167556 -2.98655097803
2228 818 -0.736444000757 2.40514865283
2229 818 0.386749136477 -2.75484351711
2230 803 0.904735603457 -2.23685705013
2231 818 1.25063168315 -1.89096097044
2232 820 0.863065418487 -2.2785272351
2233 796 0.395372013602 -2.74622063999
2234 796 1.19420540432 -1.94738724927
2235 795 -1.4107905296 1.73080212399
2236 811 0.801632902535 -2.33995975105
2237 810 0.931777846467 -2.20981480712
2238 801 1.34955051979 -1.7920421338
2239 801 -0.917997880615 2.22359477297
2240 800 -0.744841411755 2.39675124184
2241 791 -1.29083274844 1.85075990515
2242 791 0.545418855537 -2.59617379805
2243 791 -1.31176830814 1.82982434545
2244 798 -1.50298836439 1.6386042892
2245 798 0.86396625322 -2.27762640037
2246 802 0.831362585964 -2.31023006763
2247 790 -1.34271813556 1.79887451803
