1290 4 0
0 1 -0.0513100858891 1.51948624091 3.0902825677 -1.62210641268
1 0 0.586148366425 2.15694469322 -2.55544428717 -0.98464796037
2 1 0.696886955082 2.26768328188 -2.44470569851 -0.873909371713
3 4 -0.486760646235 1.08403568056 2.65483200736 -2.05755697303
4 3 -0.409737382288 1.16105894451 2.7318552713 -1.98053370908
5 4 0.629136713444 2.19993304024 -2.51245594015 -0.941659613351
6 2 -0.611944500953 0.958851825842 2.52964815264 -2.18274082775
7 0 -0.620322729092 0.950473597703 2.5212699245 -2.19111905589
8 9 -0.566672398259 1.00412392854 2.57492025533 -2.13746872505
9 8 0.697094290552 2.26789061735 -2.44449836304 -0.873702036243
10 11 -0.557191097685 1.01360522911 2.5844015559 -2.12798742448
11 10 -0.0764706886307 1.49432563816 3.06512196496 -1.64726701543
12 5 0.253848731627 1.82464505842 -2.88774392196 -1.31694759517
13 12 -0.450587760797 1.120208566 2.69100489279 -2.02138408759
14 1 -0.480691307075 1.09010501972 2.66090134651 -2.05148763387
15 14 0.100040711448 1.67083703824 -3.04155194214 -1.47075561535
16 10 -0.517376493417 1.05341983338 2.62421616017 -2.08817282021
17 11 0.353805545521 1.92460187232 -2.78778710807 -1.21699078127
18 8 -0.197308884325 1.37348744247 2.94428376926 -1.76810521112
19 17 0.168970442705 1.7397667695 -2.97262221089 -1.40182588409
20 8 -0.322706045741 1.24809028105 2.81888660785 -1.89350237254
21 13 -0.650416516205 0.92037981059 2.49117613738 -2.221212843
22 3 -0.576700377439 0.994095949356 2.56489227615 -2.14749670423
23 0 0.303302281423 1.87409860822 -2.83829037217 -1.26749404537
24 22 0.29871713441 1.8695134612 -2.84287551918 -1.27207919238
25 16 -0.385658663282 1.18513766351 2.75593399031 -1.95645499008
26 15 -0.579782049834 0.99101427696 2.56181060376 -2.15057837663
27 1 0.13787753346 1.70867386026 -3.00371512013 -1.43291879333
28 17 0.572938551624 2.14373487842 -2.56865410197 -0.99785777517
29 9 -0.366801640105 1.20399468669 2.77479101348 -1.9375979669
30 17 -0.316645253748 1.25415107305 2.82494739984 -1.88744158054
31 17 0.478234250094 2.04903057689 -2.6633584035 -1.0925620767
32 28 -0.663453398171 0.907342928624 2.47813925542 -2.23424972497
33 11 -0.0658854997014 1.50491082709 3.07570715389 -1.6366818265
34 29 -0.237625241727 1.33317108507 2.90396741186 -1.80842156852
35 29 0.289420329218 1.86021665601 -2.85217232437 -1.28137599758
36 9 0.00179503132364 1.57259135812 -3.13979762227 -1.56900129547
37 3 -0.311113258307 1.25968306849 2.83047939528 -1.8819095851
38 4 0.472725046633 2.04352137343 -2.66886760696 -1.09807128016
39 5 -0.232552366931 1.33824395986 2.90904028666 -1.80334869373
40 11 -0.0649003441087 1.50589598269 3.07669230948 -1.6356966709
41 10 -0.0462627886979 1.5245335381 3.09532986489 -1.61705911549
42 11 0.222374947407 1.7931712742 -2.91921770618 -1.34842137939
43 17 0.779537609597 2.35033393639 -2.36205504399 -0.791258717198
44 18 0.36445733371 1.9352536605 -2.77713531988 -1.20633899308
45 8 0.16956863365 1.74036496045 -2.97202401994 -1.40122769314
46 8 -0.0437380288577 1.52705829794 3.09785462473 -1.61453435565
47 9 0.26071045298 1.83150677977 -2.88088220061 -1.31008587382
48 6 0.21227523779 1.78307156458 -2.9293174158 -1.35852108901
49 13 -0.227850463597 1.3429458632 2.91374218999 -1.79864679039
50 13 -0.130522451835 1.44027387496 3.01107020175 -1.70131877863
51 13 0.754490081013 2.32528640781 -2.38710257258 -0.816306245782
52 7 0.694744365774 2.26554069257 -2.44684828782 -0.876051961021
53 54 -0.750895977147 0.819900349647 2.39069667644 -2.32169230394
54 53 0.747740992948 2.31853731974 -2.39385166064 -0.823055333847
55 54 -0.603820357838 0.966975968957 2.53777229575 -2.17461668463
56 57 -0.48183978528 1.08895654152 2.65975286831 -2.05263611207
57 56 -0.401452809794 1.169343517 2.7401398438 -1.97224913659
58 57 0.29813567907 1.86893200587 -2.84345697452 -1.27266064772
59 60 0.427017722882 1.99781404968 -2.71457493071 -1.14377860391
60 59 0.605986032627 2.17678235942 -2.53560662096 -0.964810294168
61 59 -0.76259176028 0.808204566515 2.37900089331 -2.33338808708
62 63 0.353080369048 1.92387669584 -2.78851228454 -1.21771595775
63 62 -0.274707275736 1.29608905106 2.86688537785 -1.84550360253
64 62 0.646747156864 2.21754348366 -2.49484549673 -0.924049169931
65 55 0.149293064744 1.72008939154 -2.99229958885 -1.42150326205
66 58 0.0049640951251 1.57576042192 -3.13662855846 -1.56583223167
67 56 0.00628303429998 1.57707936109 -3.13530961929 -1.56451329249
68 53 0.0113160766034 1.5821124034 -3.13027657699 -1.55948025019
69 53 0.779479674995 2.35027600179 -2.36211297859 -0.7913166518
70 54 -0.146819956743 1.42397637005 2.99477269685 -1.71761628354
71 55 0.347713012411 1.91850933921 -2.79387964118 -1.22308331438
72 59 -0.774750045023 0.796046281772 2.36684260857 -2.34554637182
73 60 0.721453857738 2.29225018453 -2.42013879585 -0.849342469057
74 59 -0.749363241384 0.821433085411 2.39222941221 -2.32015956818
75 65 0.194711982364 1.76550830916 -2.94688067123 -1.37608434443
76 60 0.553236413812 2.12403274061 -2.58835623978 -1.01755991298
77 53 -0.205657095566 1.36513923123 2.93593555802 -1.77645342236
78 54 0.142574777743 1.71337110454 -2.99901787585 -1.42822154905
79 55 0.331137345306 1.9019336721 -2.81045530828 -1.23965898149
80 59 0.491834425197 2.06263075199 -2.64975822839 -1.0789619016
81 60 0.305930163021 1.87672648982 -2.83566249057 -1.26486616377
82 61 -0.150862738959 1.41993358784 2.99072991463 -1.72165906575
83 61 -0.183588524684 1.38720780211 2.95800412891 -1.75438485148
84 53 0.257928052312 1.82872437911 -2.88366460128 -1.31286827448
85 0 -0.327297396321 1.24349893047 2.81429525727 -1.89809372312
86 3 0.266877175838 1.83767350263 -2.87471547775 -1.30391915096
87 3 0.229685301999 1.80048162879 -2.91190735159 -1.3411110248
88 3 0.121535174411 1.69233150121 -3.02005747918 -1.44926115238
89 1 -0.727602724456 0.843193602339 2.41398992913 -2.29839905125
90 1 -0.211987231972 1.35880909482 2.92960542162 -1.78278355877
91 2 -0.271151492714 1.29964483408 2.87044116088 -1.84194781951
92 4 -0.645884174411 0.924912152384 2.49570847918 -2.21668050121
93 56 0.340257374247 1.91105370104 -2.80133527934 -1.23053895255
94 56 -0.383061762216 1.18773456458 2.75853089137 -1.95385808901
95 57 -0.320114529931 1.25068179686 2.82147812366 -1.89091085673
96 97 0.00773528766904 1.57853161446 -3.13385736592 -1.56306103913
97 96 0.664378852213 2.23517517901 -2.47721380138 -0.906417474581
98 97 0.629000851243 2.19979717804 -2.51259180235 -0.941795475552
99 98 0.124103101654 1.69489942845 -3.01748955194 -1.44669322514
100 96 0.23589027309 1.80668659988 -2.9057023805 -1.33490605371
101 62 0.226569274488 1.79736560128 -2.9150233791 -1.34422705231
102 63 -0.517038265931 1.05375806086 2.62455438766 -2.08783459273
103 62 0.157392737811 1.72818906461 -2.98419991578 -1.41340358898
104 100 0.287526980998 1.85832330779 -2.85406567259 -1.2832693458
105 104 -0.757014538028 0.813781788767 2.38457811556 -2.32781086482
106 105 0.262824516834 1.83362084363 -2.87876813676 -1.30797180996
107 58 -0.672012528447 0.898783798348 2.46958012514 -2.24280885524
108 99 0.734249721199 2.30504604799 -2.40734293239 -0.836546605596
109 63 0.120435095484 1.69123142228 -3.02115755811 -1.45036123131
110 93 -0.726170335574 0.844625991221 2.41542231802 -2.29696666237
111 93 -0.621280122093 0.949516204702 2.5203125315 -2.19207644889
112 94 -0.699702743261 0.871093583534 2.44188991033 -2.27049907006
113 94 0.403389179327 1.97418550612 -2.73820347426 -1.16740714747
114 101 -0.411450281793 1.159346045 2.7301423718 -1.98224660859
115 101 -0.0725363292868 1.49825999751 3.0690563243 -1.64333265608
116 101 0.310211022606 1.8810073494 -2.83138163098 -1.26058530419
117 95 0.178635583605 1.7494319104 -2.96295706998 -1.39216074319
118 100 -0.494412594869 1.07638373193 2.64718005872 -2.06520892166
119 96 0.685512360369 2.25630868716 -2.45608029322 -0.885283966425
120 97 -0.703732685953 0.867063640842 2.43785996764 -2.27452901275
121 98 -0.0351695109684 1.53562681583 3.10642314262 -1.60596583776
122 99 -0.179709872502 1.39108645429 2.96188278109 -1.7505061993
123 100 0.332137902323 1.90293422912 -2.80945475127 -1.23865842447
124 105 -0.67229832509 0.898498001705 2.4692943285 -2.24309465188
125 106 -0.154943698239 1.41585262856 2.98664895535 -1.72574002503
126 106 -0.221150160742 1.34964616605 2.92044249285 -1.79194648754
127 100 0.00662142676056 1.57741775356 -3.13497122683 -1.56417490003
128 129 0.586861431203 2.157657758 -2.55473122239 -0.983934895592
129 128 0.695923900538 2.26672022733 -2.44566875305 -0.874872426257
130 128 0.196461018796 1.76725734559 -2.94513163479 -1.374335308
131 128 -0.467121719849 1.10367460695 2.67447093374 -2.03791804664
132 128 0.661212577235 2.23200890403 -2.48038007636 -0.90958374956
133 131 -0.146774206066 1.42402212073 2.99481844752 -1.71757053286
134 129 0.230456566372 1.80125289317 -2.91113608722 -1.34033976042
135 129 -0.391219593438 1.17957673336 2.75037306015 -1.96201592023
136 129 0.200737827569 1.77153415436 -2.94085482602 -1.37005849923
137 138 0.337410212266 1.90820653906 -2.80418244132 -1.23338611453
138 137 0.194319487885 1.76511581468 -2.9472731657 -1.37647683891
139 138 -0.297222448556 1.27357387824 2.84437020503 -1.86801877535
140 141 0.568531824047 2.13932815084 -2.57306082954 -1.00226450275
141 139 0.438787307725 2.00958363452 -2.70280534586 -1.13200901907
142 140 -0.538086505244 1.03270982155 2.60350614835 -2.10888283204
143 137 0.218506915435 1.78930324223 -2.92308573815 -1.35228941136
144 130 -0.642495043961 0.928301282834 2.49909760963 -2.21329137076
145 144 -0.313333844394 1.2574624824 2.8282588092 -1.88413017119
146 145 0.0996951299308 1.67049145673 -3.04189752366 -1.47110119686
147 133 -0.512204826668 1.05859150013 2.62938782692 -2.08300115346
148 151 -0.544456157442 1.02634016935 2.59713649615 -2.11525248424
149 150 -0.357206743303 1.21358958349 2.78438591029 -1.9280030701
150 149 -0.622153822608 0.948642504187 2.51943883098 -2.1929501494
151 148 -0.451356157679 1.11944016912 2.69023649591 -2.02215248447
152 159 -0.277068866343 1.29372746045 2.86452378725 -1.84786519314
153 149 0.519005233316 2.08980156011 -2.62258742027 -1.05179109348
154 153 0.703049249539 2.27384557633 -2.43854340405 -0.867747077256
155 148 -0.308003681906 1.26279264489 2.83358897168 -1.8788000087
156 157 -0.237883681046 1.33291264575 2.90370897254 -1.80868000784
157 154 0.0969769303981 1.66777325719 -3.04461572319 -1.4738193964
158 155 0.135712330512 1.70650865731 -3.00588032308 -1.43508399628
159 152 -0.563578265315 1.00721806148 2.57801438827 -2.13437459211
160 145 -0.167009497625 1.40378682917 2.97458315596 -1.73780582442
161 129 0.0617869247814 1.63258325158 -3.07980572881 -1.50900940201
162 139 -0.246571959754 1.32422436704 2.89502069384 -1.81736828655
163 133 0.691988263228 2.26278459002 -2.44960439036 -0.878808063567
164 139 0.52074334264 2.09153966943 -2.62084931095 -1.05005298416
165 140 0.0338077922016 1.604604119 -3.10778486139 -1.53698853459
166 148 -0.751382694721 0.819413632074 2.39020995887 -2.32217902152
167 148 0.0967254578038 1.6675217846 -3.04486719579 -1.47407086899
168 138 -0.0828741771026 1.48792214969 3.05871847649 -1.6536705039
169 128 0.585336809921 2.15613313672 -2.55625584367 -0.985459516874
170 129 -0.319419203626 1.25137712317 2.82217344996 -1.89021553042
171 130 0.259538643462 1.83033497026 -2.88205401013 -1.31125768333
172 144 -0.54028324089 1.03051308591 2.6013094127 -2.11107956768
173 140 -0.337712206681 1.23308412011 2.80388044691 -1.90850853348
174 137 -0.484245653126 1.08655067367 2.65734700046 -2.05504197992
175 152 -0.169405251 1.4013910758 2.97218740259 -1.74020157779
176 149 0.469352551412 2.04014887821 -2.67224010218 -1.10144377538
177 137 0.0574615568477 1.62825788364 -3.08413109674 -1.51333476995
178 137 -0.166277104845 1.40451922195 2.97531554875 -1.73707343164
179 137 0.458369442183 2.02916576898 -2.68322321141 -1.11242688461
180 138 -0.320086459634 1.25070986716 2.82150619396 -1.89088278643
181 185 -0.0200430393743 1.55075328742 3.12154961422 -1.59083936617
182 188 -0.641106125261 0.929690201534 2.50048652833 -2.21190245206
183 184 -0.715000870648 0.855795456147 2.42659178294 -2.28579719744
184 183 -0.055050542385 1.51574578441 3.0865421112 -1.62584686918
185 181 0.183763850431 1.75456017723 -2.95782880316 -1.38703247636
186 187 -0.352277115846 1.21851921095 2.78931553774 -1.92307344264
187 186 0.197695652938 1.76849197973 -2.94389700065 -1.37310067386
188 182 -0.780711642334 0.790084684461 2.36088101126 -2.35150796913
189 183 -0.0951091560482 1.47568717075 3.04648349754 -1.66590548284
190 184 0.516030110266 2.08682643706 -2.62556254332 -1.05476621653
191 181 -0.316767854503 1.25402847229 2.82482479909 -1.8875641813
192 193 0.068580709388 1.63937703618 -3.0730119442 -1.50221561741
193 192 -0.51634946554 1.05444686125 2.62524318805 -2.08714579234
194 181 -0.0749550486291 1.49584127817 3.06663760496 -1.64575137542
195 181 0.329476218118 1.90027254491 -2.81211643547 -1.24132010868
196 189 -0.768705471488 0.802090855306 2.3728871821 -2.33950179828
197 183 -0.468961589334 1.10183473746 2.67263106426 -2.03975791613
198 184 -0.332427677421 1.23836864937 2.80916497617 -1.90322400422
199 181 -0.517738936205 1.05305739059 2.62385371738 -2.088535263
200 201 -0.59646927976 0.974327047035 2.54512337383 -2.16726560655
201 200 0.311027993732 1.88182432053 -2.83056465986 -1.25976833306
202 200 0.598128811188 2.16892513798 -2.5434638424 -0.972667515607
203 186 -0.334503691366 1.23629263543 2.80708896222 -1.90530001816
204 183 0.333646060851 1.90444238765 -2.80794659274 -1.23715026594
205 183 0.197495317453 1.76829164425 -2.94409733614 -1.37330100934
206 181 0.507169401396 2.07796572819 -2.63442325219 -1.0636269254
207 156 0.511531316022 2.08232764282 -2.63006133757 -1.05926501077
208 159 0.475840441667 2.04663676846 -2.66575221192 -1.09495588513
209 178 -0.259162407177 1.31163391962 2.88243024641 -1.82995873397
210 178 -0.250827171696 1.3199691551 2.89076548189 -1.82162349849
211 157 0.468271801143 2.03906812794 -2.67332085245 -1.10252452565
212 157 0.209051186127 1.77984751292 -2.93254146746 -1.36174514067
213 155 -0.635950347465 0.93484597933 2.50564230612 -2.20674667426
214 155 -0.400327930154 1.17046839664 2.74126472344 -1.97112425695
215 192 0.225970005247 1.79676633204 -2.91562264834 -1.34482632155
216 192 -0.687229264564 0.883567062231 2.45436338903 -2.25802559136
217 181 -0.291117248598 1.2796790782 2.85047540499 -1.86191357539
218 192 0.22119788795 1.79199421474 -2.92039476564 -1.34959843885
219 193 0.316262133197 1.88705845999 -2.82533052039 -1.2545341936
220 182 -0.533475031101 1.03732129569 2.60811762249 -2.1042713579
221 182 -0.119801973601 1.45099435319 3.02179067999 -1.6905983004
222 223 0.470528830034 2.04132515683 -2.67106382356 -1.10026749676
223 221 0.308553725618 1.87935005241 -2.83303892797 -1.26224260118
224 221 0.23509866091 1.8058949877 -2.90649399268 -1.33569766588
225 242 0.196306799978 1.76710312677 -2.94528585361 -1.37448952682
226 227 0.715007948923 2.28580427572 -2.42658470467 -0.855788377872
227 226 -0.770050700523 0.800745626271 2.37154195307 -2.34084702732
228 224 0.508991077572 2.07978740437 -2.63260157602 -1.06180524922
229 227 0.585478173379 2.15627450017 -2.55611448021 -0.985318153416
230 228 0.720802784733 2.29159911153 -2.42078986886 -0.849993542062
231 237 -0.221678127746 1.34911819905 2.91991452584 -1.79247445454
232 186 -0.561499707559 1.00929661924 2.58009294603 -2.13229603435
233 186 -0.252344882931 1.31845144386 2.88924777066 -1.82314120973
234 187 -0.119569264129 1.45122706267 3.02202338946 -1.69036559092
235 226 0.460964601034 2.03176092783 -2.68062805256 -1.10983172576
236 226 0.149322428945 1.72011875574 -2.99227022464 -1.42147389785
237 231 -0.67535314625 0.895443180545 2.46623950734 -2.24614947305
238 237 -0.144792051327 1.42600427547 2.99680060226 -1.71558837812
239 228 0.684466601817 2.25526292861 -2.45712605177 -0.886329724978
240 226 0.742518958643 2.31331528544 -2.39907369495 -0.828277368152
241 222 0.586988202132 2.15778452893 -2.55460445146 -0.983808124663
242 203 -0.557547666137 1.01324866066 2.58404498745 -2.12834399293
243 225 0.206728943803 1.7775252706 -2.93486370979 -1.36406738299
244 232 0.0859700678742 1.65676639467 -3.05562258572 -1.48482625892
245 233 -0.340830519404 1.22996580739 2.80076213419 -1.9116268462
246 227 0.264689661311 1.83548598811 -2.87690299228 -1.30610666548
247 228 -0.160205115389 1.41059121141 2.9813875382 -1.73100144218
248 225 0.140079917205 1.710876244 -3.00151273638 -1.43071640959
249 224 -0.372953533438 1.19784279336 2.76863912015 -1.94374986023
250 222 0.236088747059 1.80688507385 -2.90550390653 -1.33470757974
251 218 -0.740448689807 0.830347636988 2.40114396378 -2.3112450166
252 219 0.624495288348 2.19529161514 -2.51709736524 -0.946301038447
253 182 0.526846570863 2.09764289766 -2.61474608273 -1.04394975593
254 225 0.655090184199 2.22588651099 -2.48650246939 -0.915706142596
255 222 0.290499758775 1.86129608557 -2.85109289482 -1.28029656802
256 257 -0.333770135577 1.23702619122 2.80782251801 -1.90456646237
257 256 -0.230257438353 1.34053888844 2.91133521524 -1.80105376515
258 260 0.745848238872 2.31664456567 -2.39574441472 -0.824948087922
259 124 0.399151377031 1.96994770383 -2.74244127656 -1.17164494976
260 258 -0.450888367203 1.11990795959 2.69070428639 -2.021684694
261 262 0.385692960898 1.95648928769 -2.75589969269 -1.1851033659
262 261 -0.472494673863 1.09830165293 2.66909797973 -2.04329100066
263 119 0.618951524006 2.1897478508 -2.52264112958 -0.951844802788
264 273 -0.507811112487 1.06298521431 2.6337815411 -2.07860743928
265 230 0.629379167794 2.20017549459 -2.5122134858 -0.941417159001
266 238 -0.0843035530871 1.48649277371 3.0572891005 -1.65509987988
267 265 -0.746447354164 0.824348972631 2.39514529943 -2.31724368096
268 237 0.456305982619 2.02710230941 -2.68528667097 -1.11449034418
269 268 -0.606338469246 0.964457857549 2.53525418434 -2.17713479604
270 237 0.608765423166 2.17956174996 -2.53282723042 -0.962030903629
271 268 -0.710394927426 0.860401399369 2.43119772616 -2.28119125422
272 256 0.182124299 1.75292062579 -2.95946835459 -1.3886720278
273 264 -0.764499548219 0.806296778575 2.37709310537 -2.33529587501
274 122 0.0286305470249 1.59942687382 -3.11296210656 -1.54216577977
275 264 -0.0446593785922 1.5261369482 3.096933275 -1.61545570539
276 226 -0.514129224107 1.05666710269 2.62746342948 -2.0849255509
277 257 -0.700198809616 0.870597517179 2.44139384397 -2.27099513641
278 258 -0.690970247045 0.879826079749 2.45062240654 -2.26176657384
279 290 -0.704390775946 0.866405550849 2.43720187764 -2.27518710274
280 277 -0.637747017722 0.933049309073 2.50384563587 -2.20854334452
281 280 0.612181224846 2.18297755164 -2.52941142874 -0.958615101949
282 281 0.730542871506 2.3013391983 -2.41104978208 -0.840253455289
283 284 -0.219705070453 1.35109125634 2.92188758314 -1.79050139725
284 283 -0.314771597853 1.25602472894 2.82682105574 -1.88556792465
285 284 0.633941995455 2.20473832225 -2.50765065813 -0.93685433134
286 285 0.302783951039 1.87358027783 -2.83880870255 -1.26801237576
287 261 0.195689029868 1.76648535666 -2.94590362372 -1.37510729693
288 124 -0.739423906311 0.831372420484 2.40216874728 -2.31022023311
289 257 -0.243087794533 1.32770853226 2.89850485906 -1.81388412133
290 263 -0.611515765372 0.959280561422 2.53007688822 -2.18231209217
291 226 -0.348208477959 1.22258784884 2.79338417563 -1.91900480475
292 227 0.604011685295 2.17480801209 -2.5375809683 -0.9667846415
293 229 -0.106242218633 1.46455410816 3.03535043496 -1.67703854543
294 279 -0.660032744702 0.910763582093 2.48155990889 -2.2308290715
295 281 0.497171734913 2.06796806171 -2.64442091868 -1.07362459188
296 281 0.464607503856 2.03540383065 -2.67698514973 -1.10618882294
297 119 -0.569411945128 1.00138438167 2.57218070846 -2.14020827192
298 120 0.367708134913 1.93850446171 -2.77388451868 -1.20308819188
299 121 -0.741460827707 0.829335499088 2.40013182588 -2.3122571545
300 283 -0.404424946755 1.16637138004 2.73716770683 -1.97522127355
301 279 0.100440371689 1.67123669848 -3.0411522819 -1.47035595511
302 123 -0.50557285144 1.06522347535 2.63601980215 -2.07636917824
303 123 0.473955963435 2.04475229023 -2.66763669015 -1.09684036336
304 259 -0.229759979064 1.34103634773 2.91183267453 -1.80055630586
305 261 -0.170917239274 1.39987908752 2.97067541432 -1.74171356607
306 261 0.531361044591 2.10215737139 -2.610231609 -1.0394352822
307 125 -0.444271444645 1.12652488215 2.69732120894 -2.01506777144
308 258 0.101773579737 1.67256990653 -3.03981907385 -1.46902274706
309 260 -0.196950134058 1.37384619274 2.94464251953 -1.76774646085
310 261 0.142405969746 1.71320229654 -2.99918668384 -1.42839035705
311 261 -0.432841245467 1.13795508133 2.70875140812 -2.00363757226
312 287 0.310333563075 1.88112988987 -2.83125909052 -1.26046276372
313 312 -0.566230940202 1.00456538659 2.57536171339 -2.137027267
314 282 -0.360843316772 1.20995301002 2.78074933682 -1.93163964357
315 283 0.585617769115 2.15641409591 -2.55597488448 -0.98517855768
316 298 0.392449621189 1.96324594798 -2.7491430324 -1.17834670561
317 287 -0.717611195773 0.853185131021 2.42398145782 -2.28840752257
318 279 0.378171639708 1.9489679665 -2.76342101388 -1.19262468709
319 277 0.051298369178 1.62209469597 -3.09029428441 -1.51949795762
320 231 -0.488864061271 1.08193226552 2.65272859232 -2.05966038807
321 266 -0.13153160702 1.43926471977 3.01006104657 -1.70232793382
322 287 -0.647320485132 0.923475841663 2.49427216846 -2.21811681193
323 265 0.371337700603 1.9421340274 -2.77025495299 -1.19945862619
324 256 0.286475673758 1.85727200055 -2.85511697983 -1.28432065304
325 256 0.59424670637 2.16504303317 -2.54734594722 -0.976549620425
326 256 -0.388181629062 1.18261469773 2.75341102453 -1.95897795586
327 258 -0.730282599768 0.840513727027 2.41131005382 -2.30107892656
328 326 0.0753698037832 1.64616613058 -3.06622284981 -1.49542652301
329 328 -0.593290612865 0.97750571393 2.54830204073 -2.16408693966
330 338 -0.53822621615 1.03257011065 2.60336643744 -2.10902254294
331 313 -0.776461667655 0.79433465914 2.36513098594 -2.34725799445
332 310 0.437268395932 2.00806472273 -2.70432425766 -1.13352793086
333 332 0.531552939714 2.10234926651 -2.61003971388 -1.03924338708
334 333 -0.738445188044 0.832351138751 2.40314746555 -2.30924151484
335 312 0.0819728837205 1.65276921052 -3.05961976987 -1.48882344307
336 311 -0.442674525032 1.12812180176 2.69891812856 -2.01347085183
337 282 -0.512617332935 1.05817899386 2.62897532066 -2.08341365973
338 256 -0.43969511793 1.13110120886 2.70189753566 -2.01049144473
339 328 0.470078460183 2.04087478698 -2.67151419341 -1.10071786661
340 280 0.467937460749 2.03873378754 -2.67365519284 -1.10285886605
341 328 -0.00445080284759 1.56634552395 3.13714185074 -1.57524712964
342 340 -0.121288274113 1.44950805268 3.02030437948 -1.69208460091
343 331 -0.365145579027 1.20565074777 2.77644707456 -1.93594190582
344 337 -0.477079482506 1.09371684429 2.66451317108 -2.0478758093
345 280 -0.168553379476 1.40224294732 2.97303927411 -1.73934970627
346 330 -0.370873237707 1.19992308909 2.77071941588 -1.9416695645
347 277 0.685243174966 2.25603950176 -2.45634947862 -0.885553151829
348 257 0.555081454499 2.12587778129 -2.58651119909 -1.0157148723
349 282 0.60168980354 2.17248613033 -2.53990285005 -0.969106523255
350 337 0.30420692172 1.87500324851 -2.83738573187 -1.26658940508
351 337 0.134878031625 1.70567435842 -3.00671462196 -1.43591829517
352 344 -0.460902439988 1.10989388681 2.6806902136 -2.03169876678
353 344 0.495527755791 2.06632408259 -2.6460648978 -1.075268571
354 342 -0.105542931497 1.4652533953 3.03604972209 -1.67633925829
355 342 -0.136332897046 1.43446342975 3.00525975654 -1.70712922384
356 352 -0.457622589272 1.11317373752 2.68397006432 -2.02841891607
357 352 0.477321132493 2.04811745929 -2.6642715211 -1.0934751943
358 353 0.434774682918 2.00557100971 -2.70681797067 -1.13602164388
359 354 -0.175910548832 1.39488577796 2.96568210476 -1.74670687563
360 356 -0.40155978178 1.16923654501 2.74003287181 -1.97235610857
361 356 -0.662412747794 0.908383579001 2.4791799058 -2.23320907459
362 357 0.758046598692 2.32884292549 -2.3835460549 -0.812749728103
363 359 0.252467513188 1.82326383998 -2.8891251404 -1.31832881361
364 365 -0.321450447674 1.24934587912 2.82014220592 -1.89224677447
365 364 -0.559727250822 1.01106907597 2.58186540277 -2.13052357762
366 364 -0.285140120447 1.28565620635 2.85645253314 -1.85593644724
367 366 0.252218574642 1.82301490144 -2.88937407895 -1.31857775215
368 364 0.437233633148 2.00802995994 -2.70435902044 -1.13356269365
369 370 0.590387378556 2.16118370535 -2.55120527503 -0.980408948239
370 368 0.327230236974 1.89802656377 -2.81436241662 -1.24356608982
371 364 0.653961166451 2.22475749325 -2.48763148714 -0.916835160344
372 373 -0.430472976737 1.14032335006 2.71111967685 -2.00126930353
373 372 -0.424680567458 1.14611575934 2.71691208613 -1.99547689425
374 377 0.39038269858 1.96117902537 -2.75120995501 -1.18041362822
375 376 -0.125059815466 1.44573651133 3.01653283812 -1.69585614226
376 375 -0.438464467729 1.13233185907 2.70312818586 -2.00926079452
377 373 -0.0623369789254 1.50845934787 3.07925567466 -1.63313330572
378 342 0.210109190306 1.7809055171 -2.93148346328 -1.36068713649
379 363 -0.0524604151262 1.51833591167 3.08913223846 -1.62325674192
380 367 -0.129521798031 1.44127452876 3.01207085556 -1.70031812483
381 385 0.0909323462154 1.66172867301 -3.05066030737 -1.47986398058
382 362 -0.285762139202 1.28503418759 2.85583051439 -1.856558466
383 361 0.587911374115 2.15870770091 -2.55368127948 -0.98288495268
384 360 -0.297768915867 1.27302741093 2.84382373772 -1.86856524266
385 374 -0.348053654896 1.2227426719 2.79353899869 -1.91884998169
386 375 -0.231161053329 1.33963527347 2.91043160026 -1.80195738012
387 376 -0.357704610833 1.21309171596 2.78388804276 -1.92850093763
388 365 -0.544470089146 1.02632623765 2.59712256444 -2.11526641594
389 369 -0.178198814893 1.3925975119 2.9633938387 -1.74899514169
390 375 0.40215783057 1.97295415737 -2.73943482302 -1.16863849622
391 372 0.12667666837 1.69747299517 -3.01491598522 -1.44411965842
392 367 0.646872650444 2.21766897724 -2.49472000315 -0.923923676351
393 368 -0.332163788648 1.23863253815 2.80942886494 -1.90296011544
394 369 -0.266827038331 1.30396928846 2.87476561526 -1.83762336513
395 364 -0.111127848916 1.45966847788 3.03046480467 -1.68192417571
396 372 0.625151358655 2.19594768545 -2.51644129494 -0.94564496814
397 369 -0.199027604329 1.37176872247 2.94256504926 -1.76982393112
398 369 0.636817849227 2.20761417602 -2.50477480436 -0.933978477567
399 374 0.195830048995 1.76662637579 -2.94576260459 -1.3749662778
400 329 -0.609396498649 0.961399828146 2.53219615494 -2.18019282544
401 329 -0.763262350508 0.807533976287 2.37833030308 -2.3340586773
402 330 -0.490385731969 1.08041059483 2.65120692162 -2.06118205876
403 342 0.591017448333 2.16181377513 -2.55057520526 -0.979778878461
404 371 0.0730053508826 1.64380167768 -3.06858730271 -1.49779097591
405 369 0.578913940526 2.14971026732 -2.56267871306 -0.991882386269
406 368 0.563078118325 2.13387444512 -2.57851453526 -1.00771820847
407 367 0.380581207371 1.95137753417 -2.76101144622 -1.19021511942
408 374 -0.401626292848 1.16917003395 2.73996636074 -1.97242261964
409 379 -0.446660066422 1.12413626037 2.69493258717 -2.01745639322
410 379 0.426653165367 1.99744949216 -2.71493948822 -1.14414316143
411 382 0.194550329769 1.76534665656 -2.94704232382 -1.37624599703
412 361 -0.171069862749 1.39972646405 2.97052279084 -1.74186618954
413 344 0.0782465866484 1.64904291344 -3.06334606694 -1.49254974015
414 343 0.412294595974 1.98309092277 -2.72929805762 -1.15850173082
415 343 0.0383345018469 1.60913082864 -3.10325815174 -1.53246182495
416 352 0.0798045363675 1.65060086316 -3.06178811722 -1.49099179043
417 413 0.137929887137 1.70872621393 -3.00366276645 -1.43286643966
418 414 0.125373441183 1.69616976798 -3.01621921241 -1.44542288561
419 356 -0.163646604766 1.40714972203 2.97794604882 -1.73444293156
420 416 0.596364704357 2.16716103115 -2.54522794923 -0.974431622438
421 418 0.158833554393 1.72962988119 -2.9827590992 -1.4119627724
422 365 0.655273604647 2.22606993144 -2.48631904894 -0.915522722148
423 422 0.719657386758 2.29045371355 -2.42193526683 -0.851138940037
424 423 0.284986657874 1.85578298467 -2.85660599572 -1.28580966892
425 365 -0.0970081513946 1.4737881754 3.0445845022 -1.66780447819
426 370 -0.0668375946247 1.50395873217 3.07475505897 -1.63763392142
427 422 -0.126189223991 1.4446071028 3.0154034296 -1.69698555079
428 429 -0.500459907472 1.07033641932 2.64113274612 -2.07125623427
429 428 -0.343988386813 1.22680793998 2.79760426678 -1.91478471361
430 432 0.242147813426 1.81294414022 -2.89944484016 -1.32864851337
431 376 0.702457040546 2.27325336734 -2.43913561304 -0.868339286249
432 429 -0.339173430159 1.23162289664 2.80241922343 -1.90996975695
433 343 0.21908571953 1.78988204633 -2.92250693406 -1.35171060726
434 421 -0.416618788852 1.15417753794 2.72497386474 -1.98741511565
435 424 0.43117608957 2.00197241637 -2.71041656402 -1.13962023722
436 439 -0.275030980514 1.29576534628 2.86656167308 -1.84582730731
437 420 -0.61623695618 0.954559370614 2.52535569741 -2.18703328298
438 419 -0.422506745385 1.14828958141 2.7190859082 -1.99330307218
439 430 -0.439999196387 1.13079713041 2.7015934572 -2.01079552318
440 376 0.248678451488 1.81947477828 -2.8929142021 -1.32211787531
441 390 0.581971550574 2.15276787737 -2.55962110302 -0.988824776221
442 428 0.532989331037 2.10378565783 -2.60860332255 -1.03780699576
443 424 -0.0716657536996 1.4991305731 3.06992689989 -1.64246208049
444 370 0.538431974116 2.10922830091 -2.60316067947 -1.03236435268
445 422 0.531079756259 2.10187608305 -2.61051289733 -1.03971657054
446 428 -0.0612787638279 1.50951756297 3.08031388976 -1.63207509062
447 426 0.612419050153 2.18321537695 -2.52917360344 -0.958377276642
448 426 -0.0480136929089 1.52278263389 3.09357896068 -1.6188100197
449 430 0.299330862471 1.87012718927 -2.84226179112 -1.27146546432
450 329 -0.454281512579 1.11651481422 2.68731114101 -2.02507783937
451 333 0.649187275551 2.21998360235 -2.49240537804 -0.921609051244
452 334 0.38172460013 1.95252092693 -2.75986805346 -1.18907172666
453 427 0.280297029485 1.85109335628 -2.86129562411 -1.29049929731
454 426 -0.277074340412 1.29372198638 2.86451831318 -1.84787066721
455 425 -0.128305850317 1.44249047648 3.01328680327 -1.69910217711
456 424 -0.135327688859 1.43546863794 3.00626496473 -1.70612401565
457 430 0.391792684123 1.96258901092 -2.74979996947 -1.17900364267
458 434 0.639263493299 2.21005982009 -2.50232916029 -0.931532833496
459 434 0.214646405107 1.7854427319 -2.92694624848 -1.35614992169
460 437 0.303891756414 1.87468808321 -2.83770089718 -1.26690457038
461 384 -0.568373086125 1.00242324067 2.57321956746 -2.13916941292
462 387 -0.0378747110351 1.53292161576 3.10371794255 -1.60867103783
463 384 -0.585957715203 0.984838611592 2.55563493839 -2.156754042
464 383 -0.607442723273 0.963353603522 2.53414993032 -2.17823905007
465 386 -0.0291630180675 1.54163330873 3.11242963552 -1.59995934486
466 462 -0.0878693674156 1.48292695938 3.05372328617 -1.65866569421
467 463 0.357091981053 1.92788830785 -2.78450067254 -1.21370434574
468 465 0.300816726965 1.87161305376 -2.84077592662 -1.26997959983
469 383 0.334126996941 1.90492332374 -2.80746565665 -1.23666932985
470 465 -0.689059286031 0.881737040763 2.45253336756 -2.25985561283
471 467 0.22266244165 1.79345876844 -2.91893021194 -1.34813388515
472 383 0.705462611205 2.276258938 -2.43613004239 -0.86533371559
473 467 -0.401353650505 1.16944267629 2.74023900309 -1.9721499773
474 438 -0.0682651148838 1.50253121191 3.07332753871 -1.63906144168
475 387 0.336799317442 1.90759564424 -2.80479333615 -1.23399700935
476 463 0.0669661055751 1.63776243237 -3.07462654801 -1.50383022122
477 475 -0.732529110669 0.838267216126 2.40906354292 -2.30332543746
478 476 0.264550463167 1.83534678996 -2.87704219042 -1.30624586363
479 477 -0.0778203926816 1.49297593411 3.06377226091 -1.64861671948
480 474 0.0634185485732 1.63421487537 -3.07817410502 -1.50737777822
481 468 -0.0780558527471 1.49274047405 3.06353680084 -1.64885217954
482 464 -0.566439815527 1.00435651127 2.57515283806 -2.13723614232
483 463 0.196178582021 1.76697490882 -2.94541407157 -1.37461774477
484 438 0.392348568952 1.96314489575 -2.74924408464 -1.17844775784
485 466 -0.347800031633 1.22299629516 2.79379262196 -1.91859635843
486 476 -0.0396874970015 1.53110882979 3.10190515659 -1.6104838238
487 438 0.637894103901 2.2086904307 -2.50369854969 -0.932902222894
488 471 -0.599614257246 0.971182069549 2.54197839634 -2.17041058404
489 529 -0.229038538107 1.34175778869 2.91255411548 -1.7998348649
490 528 -0.529951574046 1.04084475275 2.61164107954 -2.10074790084
491 493 0.245085166249 1.81588149304 -2.89650748734 -1.32571116055
492 493 0.239052606142 1.80984893294 -2.90254004745 -1.33174372065
493 491 0.222820979921 1.79361730672 -2.91877167367 -1.34797534687
494 531 0.590734875075 2.16153120187 -2.55085777852 -0.98006145172
495 502 -0.558341804898 1.0124545219 2.58325084869 -2.12913813169
496 545 -0.544362900469 1.02643342633 2.59722975312 -2.11515922726
497 481 0.404829520617 1.97562584741 -2.73676313297 -1.16596680618
498 526 0.394294505107 1.9650908319 -2.74729814848 -1.17650182169
499 526 -0.0478060664029 1.52299026039 3.09378658719 -1.6186023932
500 501 -0.221517870341 1.34927845645 2.92007478325 -1.79231419714
501 500 -0.333495543952 1.23730078284 2.80809710964 -1.90429187075
502 495 -0.641633846036 0.929162480759 2.49995880755 -2.21243017283
503 500 -0.291027557101 1.27976876969 2.85056509649 -1.8618238839
504 505 -0.0098194884308 1.56097683836 3.13177316516 -1.58061581523
505 491 -0.169656952661 1.40113937413 2.97193570093 -1.74045327946
506 491 0.613485923787 2.18428225058 -2.5281067298 -0.957310403007
507 488 -0.49141042894 1.07938589785 2.65018222465 -2.06220675574
508 517 0.0358823381153 1.60667866491 -3.10571031547 -1.53491398868
509 562 0.342159571975 1.91295589877 -2.79943308161 -1.22863675482
510 511 0.429222928309 2.0000192551 -2.71236972528 -1.14157339849
511 510 0.418869920912 1.98966624771 -2.72272273268 -1.15192640588
512 501 0.245851592643 1.81664791944 -2.89574106095 -1.32494473415
513 515 -0.705987974006 0.864808352789 2.43560467958 -2.2767843008
514 622 -0.406557565958 1.16423876084 2.73503508763 -1.97735389275
515 513 -0.427710260333 1.14308606646 2.71388239326 -1.99850658713
516 500 -0.101101584613 1.46969474218 3.04049106898 -1.67189791141
517 508 0.0113702646855 1.58216659148 -3.1302223889 -1.55942606211
518 524 0.734695336855 2.30549166365 -2.40689731673 -0.83610098994
519 505 -0.188441060872 1.38235526592 2.95315159272 -1.75923738767
520 505 0.345964148556 1.91676047535 -2.79562850503 -1.22483217824
521 504 -0.290827954565 1.27996837223 2.85076469902 -1.86162428136
522 504 0.739147439651 2.30994376645 -2.40244521394 -0.831648887144
523 519 -0.197854608844 1.37294171795 2.94373804475 -1.76865093564
524 518 -0.697619464125 0.87317686267 2.44397318947 -2.26841579092
525 518 -0.0659122454508 1.50488408134 3.07568040814 -1.63670857225
526 498 0.487673630189 2.05846995698 -2.6539190234 -1.08312269661
527 499 0.653950601255 2.22474692805 -2.48764205233 -0.916845725539
528 490 -0.521838389599 1.0489579372 2.61975426399 -2.09263471639
529 489 -0.373470884831 1.19732544196 2.76812176876 -1.94426721163
530 490 0.475953771305 2.0467500981 -2.66563888228 -1.09484255549
531 494 0.45904903671 2.02984536351 -2.68254361688 -1.11174729008
532 490 0.511029020867 2.08182534766 -2.63056363272 -1.05976730593
533 489 0.0635523001353 1.63434862693 -3.07804035345 -1.50724402666
534 528 -0.407151588601 1.16364473819 2.73444106499 -1.9779479154
535 530 0.317046354337 1.88784268113 -2.82454629925 -1.25374997246
536 492 -0.502743218897 1.0680531079 2.63884943469 -2.07353954569
537 494 0.738215576044 2.30901190284 -2.40337707755 -0.832580750751
538 503 0.283419725227 1.85421605202 -2.85817292836 -1.28737660157
539 515 0.663855006461 2.23465133326 -2.47773764713 -0.906941320334
540 529 0.128387448532 1.69918377533 -3.01320520506 -1.44240887826
541 529 -0.374804123178 1.19599220362 2.76678853041 -1.94560044997
542 489 -0.0547388359255 1.51605749087 3.08685381766 -1.62553516272
543 494 -0.717330845463 0.853465481332 2.42426180813 -2.28812717226
544 543 0.726477707025 2.29727403382 -2.41511494656 -0.84431861977
545 496 -0.577692927992 0.993103398803 2.5638997256 -2.14848925479
546 497 0.266374427909 1.8371707547 -2.87521822568 -1.30442189889
547 481 0.536176595789 2.10697292258 -2.6054160578 -1.03461973101
548 473 -0.725544517786 0.845251809009 2.4160481358 -2.29634084458
549 473 -0.137296862268 1.43349946453 3.00429579132 -1.70809318906
550 541 -0.575570886962 0.995225439833 2.56602176663 -2.14636721376
551 501 0.679380610346 2.25017693714 -2.46221204324 -0.891415716449
552 489 -0.681279235495 0.8895170913 2.46031341809 -2.25207556229
553 495 -0.298808638336 1.27198768846 2.84278401525 -1.86960496513
554 506 -0.640545888719 0.930250438076 2.50104676487 -2.21134221551
555 496 0.512199027658 2.08299535445 -2.62939362593 -1.05859729914
556 546 -0.448919023697 1.1218773031 2.69267362989 -2.01971535049
557 499 -0.140932551286 1.42986377551 3.0006601023 -1.71172887808
558 554 -0.462459195494 1.1083371313 2.6791334581 -2.03325552229
559 537 -0.484042861169 1.08675346563 2.65754979242 -2.05483918796
560 495 0.0935077976944 1.66430412449 -3.0480848559 -1.4772885291
561 495 -0.517402827368 1.05339349943 2.62418982622 -2.08819915416
562 509 0.26114087751 1.83193720431 -2.88045177608 -1.30965544928
563 509 -0.0976201517163 1.47317617508 3.04397250187 -1.66841647851
564 509 -0.663844480585 0.90695184621 2.47774817301 -2.23464080738
565 508 0.496801161179 2.06759748797 -2.64479149241 -1.07399516562
566 508 -0.363334104945 1.20746222185 2.77825854864 -1.93413043174
567 509 0.779506178518 2.35030250531 -2.36208647507 -0.791290148277
568 567 -0.228041909897 1.3427544169 2.91355074369 -1.79883823669
569 508 0.0263597954882 1.59715612228 -3.1152328581 -1.54443653131
570 507 0.752193615263 2.32298994206 -2.38939903833 -0.818602711532
571 507 0.0103989520121 1.58119527881 -3.13119370158 -1.56039737478
572 511 -0.0151961317976 1.555600195 3.12639652179 -1.58599245859
573 468 0.312566943107 1.8833632699 -2.82902571048 -1.25822938369
574 519 -0.543226073062 1.02757025373 2.59836658053 -2.11402239986
575 498 0.472403081716 2.04319940851 -2.66918957187 -1.09839324508
576 498 -0.382479551113 1.18831677568 2.75911310248 -1.95327587791
577 545 0.217918472623 1.78871479942 -2.92367418097 -1.35287785417
578 581 -0.292770130156 1.27802619664 2.84882252343 -1.86356645695
579 582 -0.603895356221 0.966900970574 2.53769729737 -2.17469168302
580 544 -0.569644947027 1.00115137977 2.57194770656 -2.14044127382
581 578 -0.300621805572 1.27017452122 2.84097084802 -1.87141813237
582 579 -0.608558476621 0.962237850174 2.53303417697 -2.17935480342
583 579 -0.380851774682 1.18994455211 2.76074087891 -1.95164810148
584 545 0.598939027596 2.16973535439 -2.54265362599 -0.971857299199
585 543 -0.585631082011 0.985165244783 2.55596157158 -2.15642740881
586 581 0.403456409421 1.97425273622 -2.73813624417 -1.16733991737
587 578 0.0608181253372 1.63161445213 -3.08077452825 -1.50997820146
588 578 -0.195464224296 1.3753321025 2.94612842929 -1.76626055109
589 496 -0.697673321642 0.873123005153 2.44391933195 -2.26846964844
590 583 0.772946577837 2.34374290463 -2.36864607575 -0.797849748958
591 568 -0.618980220001 0.951816106794 2.52261243359 -2.1897765468
592 578 0.647583677535 2.21838000433 -2.49400897605 -0.92321264926
593 577 0.470469535258 2.04126586205 -2.67112311833 -1.10032679154
594 579 0.269839807221 1.84063613402 -2.87175284637 -1.30095651957
595 524 0.138311212536 1.70910753933 -3.00328144105 -1.43248511426
596 518 -0.415724802665 1.15507152413 2.72586785092 -1.98652112946
597 509 0.229477458577 1.80027378537 -2.91211519501 -1.34131886822
598 489 0.719339772534 2.29013609933 -2.42225288106 -0.851456554261
599 489 -0.392435025169 1.17836130163 2.74915762842 -1.96323135196
600 529 -0.775602921407 0.795193405388 2.36598973218 -2.3463992482
601 529 0.182840614967 1.75363694176 -2.95875203862 -1.38795571183
602 601 0.0943217523952 1.66511807919 -3.04727090119 -1.4764745744
603 532 -0.25882099453 1.31197533227 2.88277165906 -1.82961732132
604 490 -0.706208623301 0.864587703493 2.43538403029 -2.2770049501
605 489 0.541724211092 2.11252053789 -2.5998684425 -1.0290721157
606 507 -0.308182852543 1.26261347425 2.83340980105 -1.87897917934
607 582 0.222737886118 1.79353421291 -2.91885476747 -1.34805844068
608 488 0.417299881331 1.98809620813 -2.72429277226 -1.15349644546
609 524 -0.0969683002431 1.47382802655 3.04462435335 -1.66776462704
610 471 -0.718271814297 0.852524512498 2.42332083929 -2.28906814109
611 502 -0.553346475743 1.01744985105 2.58824617785 -2.12414280254
612 544 0.738077806067 2.30887413286 -2.40351484752 -0.832718520728
613 541 0.606900115928 2.17769644272 -2.53469253766 -0.963896210867
614 502 -0.248442491412 1.32235383538 2.89315016218 -1.81923881821
615 510 0.784072597942 2.35486892474 -2.35752005565 -0.786723728853
616 491 -0.265738384664 1.30505794213 2.87585426893 -1.83653471146
617 519 0.343210713614 1.91400704041 -2.79838193998 -1.22758561318
618 496 -0.636615495755 0.93418083104 2.50497715783 -2.20741182255
619 494 -0.121040648601 1.44975567819 3.02055200499 -1.6918369754
620 494 0.173529180628 1.74432550742 -2.96806347296 -1.39726714617
621 521 -0.373603982982 1.19719234381 2.76798867061 -1.94440030978
622 498 -0.304970053246 1.26582627355 2.83662260034 -1.87576638004
623 499 -0.172867750013 1.39792857678 2.96872490358 -1.74366407681
624 491 -0.574863033518 0.995933293277 2.56672962007 -2.14565936031
625 514 -0.509978140197 1.0608181866 2.63161451339 -2.08077446699
626 488 0.320543721516 1.89134004831 -2.82104893207 -1.25025260528
627 508 -0.0868219590736 1.48397436772 3.05477069452 -1.65761828587
628 509 0.466830164272 2.03762649107 -2.67476248932 -1.10396616252
629 510 -0.0266784202989 1.5441179065 3.11491423329 -1.59747474709
630 490 -0.199811030884 1.37098529591 2.94178162271 -1.77060735768
631 549 -0.140077695162 1.43071863163 3.00151495843 -1.71087402196
632 568 0.592033016967 2.16282934376 -2.54955963662 -0.978763309828
633 538 -0.560279795508 1.01051653129 2.58131285808 -2.1310761223
634 492 -0.36774647416 1.20304985263 2.77384617943 -1.93854280095
635 491 -0.0450189332909 1.5257773935 3.0965737203 -1.61581526009
636 513 -0.663504086048 0.907292240746 2.47808856754 -2.23430041284
637 492 0.328205502068 1.89900182886 -2.81338715152 -1.24259082473
638 674 0.0488044604243 1.61960078722 -3.09278819317 -1.52199186637
639 673 0.00887496872181 1.57967129552 -3.13271768487 -1.56192135807
640 641 -0.346995791137 1.22380053566 2.79459686245 -1.91779211793
641 640 -0.357847839397 1.2129484874 2.78374481419 -1.92864416619
642 488 -0.442189577525 1.12860674927 2.69940307607 -2.01298590432
643 466 -0.175369777118 1.39542654968 2.96622287647 -1.74616610391
644 478 -0.670889949963 0.899906376832 2.47070270363 -2.24168627676
645 646 -0.69669465232 0.874101674475 2.44489800127 -2.26749097912
646 645 -0.609219524638 0.961576802157 2.53237312895 -2.18001585143
647 666 0.224216548174 1.79501287497 -2.91737610542 -1.34657977862
648 645 -0.0940187936497 1.47677753315 3.04757385994 -1.66481512044
649 672 0.155675628952 1.72647195575 -2.98591702464 -1.41512069784
650 656 0.0147760961765 1.58557242297 -3.12681655741 -1.55602023062
651 664 -0.211953018935 1.35884330786 2.92963963465 -1.78274934573
652 653 0.676667916233 2.24746424303 -2.46492473736 -0.894128410562
653 652 0.661697111992 2.23249343879 -2.4798955416 -0.909099214803
654 694 -0.220673423235 1.35012290356 2.92091923036 -1.79146975003
655 657 0.0763278540304 1.64712418083 -3.06526479956 -1.49446847276
656 636 -0.700228889872 0.870567436922 2.44136376372 -2.27102521667
657 514 -0.297976946459 1.27281938034 2.84361570713 -1.86877327325
658 515 -0.506402647749 1.06439367905 2.63519000584 -2.07719897454
659 641 0.0266593487244 1.59745567552 -3.11493330487 -1.54413697807
660 640 0.406828637213 1.97762496401 -2.73476401638 -1.16396768958
661 667 0.481584304893 2.05238063169 -2.6600083487 -1.0892120219
662 663 -0.763598612278 0.807197714517 2.37799404131 -2.33439493907
663 662 -0.74248242097 0.828313905825 2.39911023262 -2.31327874776
664 651 -0.218652182803 1.35214414399 2.92294047079 -1.7894485096
665 515 0.209794461643 1.78059078844 -2.93179819195 -1.36100186515
666 647 0.220031737133 1.79082806393 -2.92156091646 -1.35076458966
667 500 0.649543143902 2.2203394707 -2.49204950969 -0.921253182893
668 696 -0.401551597263 1.16924472953 2.74004105633 -1.97234792406
669 659 -0.213033829102 1.35776249769 2.92855882449 -1.7838301559
670 468 0.688411151373 2.25920747817 -2.45318150222 -0.882385175422
671 729 -0.0474646877113 1.52333163908 3.09412796588 -1.61826101451
672 645 -0.307322213354 1.26347411344 2.83427044024 -1.87811854015
673 639 -0.0507130796868 1.52008324711 3.0908795739 -1.62150940648
674 638 0.0443003103751 1.61509663717 -3.09729234321 -1.52649601642
675 655 -0.49294628761 1.07785003918 2.64864636598 -2.06374261441
676 488 -0.662678714332 0.908117612463 2.47891393926 -2.23347504113
677 566 0.339300369015 1.91009669581 -2.80229228458 -1.23149595778
678 562 -0.153026513461 1.41776981333 2.98856614013 -1.72382284026
679 629 0.104830899247 1.67562722604 -3.03676175434 -1.46596542755
680 516 0.541456386011 2.11225271281 -2.60013626758 -1.02933994078
681 516 0.119466677224 1.69026300402 -3.02212597637 -1.45132964957
682 651 -0.621691399521 0.949104927274 2.51990125407 -2.19248772632
683 651 -0.275347344719 1.29544898208 2.86624530887 -1.84614367151
684 651 -0.497295662569 1.07350066423 2.64429699102 -2.06809198936
685 513 -0.700927686131 0.869868640664 2.44066496746 -2.27172401293
686 504 0.374685753745 1.94548208054 -2.76690689985 -1.19611057305
687 513 -0.145282089763 1.42551423703 2.99631056383 -1.71607841656
688 477 0.0503535545214 1.62114988132 -3.09123909907 -1.52044277227
689 729 0.227196045681 1.79799237248 -2.91439660791 -1.34360028111
690 658 -0.679182406836 0.891613919959 2.46241024675 -2.24997873363
691 650 -0.0992300693803 1.47156625741 3.04236258421 -1.67002639618
692 650 -0.529811438414 1.04098488838 2.61178121518 -2.10060776521
693 650 0.584035308623 2.15483163542 -2.55755734497 -0.986761018171
694 653 0.152179502509 1.7229758293 -2.98941315108 -1.41861682429
695 666 0.210551417548 1.78134774434 -2.93104123604 -1.36024490925
696 652 0.648405365393 2.21920169219 -2.4931872882 -0.922390961402
697 479 0.34083280931 1.9116291361 -2.80075984428 -1.22996351749
698 655 -0.611933012513 0.958863314282 2.52965964108 -2.18272933931
699 500 0.137594183237 1.70839051003 -3.00399847035 -1.43320214356
700 645 0.452642634947 2.02343896174 -2.68895001864 -1.11815369185
701 504 -0.436507356227 1.13428897057 2.70508529736 -2.00730368302
702 663 -0.537980518811 1.03281580798 2.60361213478 -2.10877684561
703 531 -0.338982208925 1.23181411787 2.80261044466 -1.90977853572
704 506 0.611066520631 2.18186284743 -2.53052613296 -0.959729806164
705 503 -0.345408601425 1.22538772537 2.79618405216 -1.91620492822
706 624 -0.398171123825 1.17262520297 2.74342152977 -1.96896745062
707 504 0.0475542582594 1.61835058505 -3.09403839533 -1.52324206854
708 498 -0.459011605221 1.11178472157 2.68258104837 -2.02980793202
709 499 -0.727463092868 0.843333233926 2.41412956072 -2.29825941966
710 492 -0.72876866259 0.842027664205 2.412823991 -2.29956498939
711 495 -0.458175838744 1.11262048805 2.68341681485 -2.02897216554
712 500 0.461047547132 2.03184387393 -2.68054510646 -1.10974877966
713 496 0.406754727785 1.97755105458 -2.73483792581 -1.16404159901
714 496 -0.260330415337 1.31046591146 2.88126223825 -1.83112674213
715 529 -0.752719954341 0.818076372454 2.38887269925 -2.32351628114
716 510 0.000377529117596 1.57117385591 -3.14121512447 -1.57041879768
717 564 -0.71150430981 0.859292016985 2.43008834378 -2.28230063661
718 517 -0.0962652182711 1.47453110852 3.04532743532 -1.66706154507
719 497 0.377714705922 1.94851103272 -2.76387794767 -1.19308162087
720 651 -0.781091793249 0.789704533546 2.36050086034 -2.35188812004
721 651 -0.0588467490241 1.51194957777 3.08274590457 -1.62964307582
722 504 0.473908921887 2.04470524868 -2.6676837317 -1.09688740491
723 596 -0.00377823587809 1.56701809092 3.13781441771 -1.57457456267
724 518 -0.213971378775 1.35682494802 2.92762127481 -1.78476770557
725 518 -0.760049951353 0.810746375441 2.38154270224 -2.33084627815
726 498 -0.0260167542934 1.5447795725 3.1155758993 -1.59681308109
727 651 0.00868059436193 1.57947692116 -3.13291205923 -1.56211573243
728 690 -0.779997191987 0.790799134808 2.3615954616 -2.35079351878
729 671 0.481877071254 2.05267339805 -2.65971558234 -1.08891925554
730 658 0.399156842052 1.96995316885 -2.74243581154 -1.17163948474
731 662 0.365239317521 1.93603564432 -2.77635333607 -1.20555700927
732 658 -0.237599109798 1.333197217 2.90399354379 -1.80839543659
733 654 0.621749416429 2.19254574322 -2.51984323716 -0.949046910366
734 662 0.25984001954 1.83063634633 -2.88175263405 -1.31095630726
735 662 0.764294948034 2.33509127483 -2.37729770556 -0.806501378761
736 663 0.651660238222 2.22245656502 -2.48993241537 -0.919136088573
737 652 0.163699490344 1.73449581714 -2.97789316325 -1.40709683645
738 503 0.60349586662 2.17429219341 -2.53809678697 -0.967300460175
739 515 0.0249490585927 1.59574538539 -3.116643595 -1.5458472682
740 661 -0.108383782109 1.46241254469 3.03320887148 -1.6791801089
741 647 0.741381182484 2.31217750928 -2.40021147111 -0.829415144311
742 647 0.432094471865 2.00289079866 -2.70949818173 -1.13870185493
743 653 -0.496418736075 1.07437759072 2.64517391751 -2.06721506287
744 646 -0.766992071327 0.803804255468 2.37460058226 -2.33778839812
745 653 0.707955199425 2.27875152622 -2.43363745416 -0.862841127369
746 675 0.67052519492 2.24132152171 -2.47106745867 -0.900271131875
747 479 -0.542897563883 1.02789876291 2.59869508971 -2.11369389068
748 478 0.680511617895 2.25130794469 -2.4610810357 -0.8902847089
749 478 0.137481416053 1.70827774285 -3.00411123754 -1.43331491074
750 647 0.210841696083 1.78163802288 -2.93075095751 -1.35995463071
751 661 -0.572803433761 0.997992893034 2.56878921983 -2.14359976056
752 647 -0.374833840077 1.19596248672 2.76675881351 -1.94563016687
753 647 0.140551879272 1.71134820607 -3.00104077432 -1.43024444752
754 651 0.191426306545 1.76222263334 -2.95016634704 -1.37937002025
755 652 0.667754195789 2.23855052258 -2.4738384578 -0.903042131006
756 651 0.75141532224 2.32221164903 -2.39017733135 -0.819381004555
757 655 -0.0590515873896 1.51174473941 3.0825410662 -1.62984791418
758 663 -0.45485891753 1.11593740926 2.68673373606 -2.02565524433
759 652 0.64183703629 2.21263336308 -2.4997556173 -0.928959290505
760 654 -0.348633160282 1.22216316651 2.79295949331 -1.91942948708
761 645 -0.0895699643436 1.48122636245 3.05202268925 -1.66036629114
762 562 -0.174015662547 1.39678066425 2.96757699104 -1.74481198934
763 639 0.61947536855 2.19027169534 -2.52211728504 -0.951320958245
764 566 -0.0809745144595 1.48982181234 3.06061813913 -1.65177084125
765 638 -0.330569392691 1.2402269341 2.8110232609 -1.90136571949
766 645 0.471956582012 2.04275290881 -2.66963607158 -1.09883974478
767 569 -0.654574744031 0.916221582764 2.48701790956 -2.22537107083
768 638 -0.716759397251 0.854036929544 2.42483325634 -2.28755572405
769 477 -0.723215914918 0.847580411877 2.41837673867 -2.29401224171
770 498 0.304855492212 1.87565181901 -2.83673716138 -1.26594083458
771 498 -0.592079956735 0.978716370059 2.54951269685 -2.16287628353
772 745 -0.198548006102 1.37224832069 2.94304464749 -1.7693443329
773 776 0.218507005515 1.78930333231 -2.92308564807 -1.35228932128
774 668 0.781970944721 2.35276727152 -2.35962170887 -0.788825382074
775 646 -0.559604777957 1.01119154884 2.58198787563 -2.13040110475
776 660 0.0251222704051 1.5959185972 -3.11647038318 -1.54567405639
777 641 -0.200428225693 1.3703681011 2.9411644279 -1.77122455249
778 641 -0.634779957253 0.936016369542 2.50681269634 -2.20557628405
779 668 -0.675751202036 0.895045124758 2.46584145155 -2.24654752883
780 743 0.582972125221 2.15376845202 -2.55862052837 -0.987824201574
781 640 0.705757683615 2.27655401041 -2.43583496997 -0.86503864318
782 641 -0.717565227602 0.853231099193 2.42402742599 -2.2883615544
783 773 0.148054337683 1.71885066448 -2.99353831591 -1.42274198911
784 668 0.784296612037 2.35509293883 -2.35729604155 -0.786499714758
785 641 -0.143717432439 1.42707889436 2.99787522115 -1.71451375923
786 645 -0.271213117524 1.29958320927 2.87037953607 -1.84200944432
787 660 -0.706232952729 0.864563374066 2.43535970086 -2.27702927952
788 772 -0.597667462095 0.9731288647 2.54392519149 -2.16846378889
789 668 0.255962522359 1.82675884915 -2.88563013123 -1.31483380444
790 689 -0.468343803148 1.10245252365 2.67324885044 -2.03914012994
791 689 0.423824888844 1.99462121564 -2.71776776475 -1.14697143795
792 729 -0.452014205414 1.11878212138 2.68957844818 -2.02281053221
793 671 -0.431135028537 1.13966129826 2.71045762505 -2.00193135533
794 671 0.690949131102 2.2617454579 -2.45064352249 -0.879847195693
795 671 0.536509407778 2.10730573457 -2.60508324581 -1.03428691902
796 690 -0.608623067186 0.962173259608 2.5329695864 -2.17941939398
797 689 -0.222841444419 1.34795488238 2.91875120917 -1.79363777121
798 799 -0.26604609615 1.30475023065 2.87554655744 -1.83684242294
799 798 0.58925455264 2.16005087943 -2.55233810095 -0.981541774155
800 798 -0.723559037385 0.84723728941 2.4180336162 -2.29435536418
801 800 0.672583205786 2.24337953258 -2.4690094478 -0.898213121009
802 803 0.240328819305 1.8111251461 -2.90126383428 -1.33046750749
803 801 -0.373505703539 1.19729062326 2.76808695005 -1.94430203033
804 799 0.604230523059 2.17502684985 -2.53736213053 -0.966565803736
805 798 0.420382257618 1.99117858441 -2.72121039597 -1.15041406918
806 798 -0.555195726602 1.01560060019 2.58639692699 -2.1259920534
807 805 0.354190668584 1.92498699538 -2.78740198501 -1.21660565821
808 805 -0.595102542202 0.975693784593 2.54649011139 -2.165898869
809 807 0.479121779739 2.04991810653 -2.66247087385 -1.09167454706
810 808 0.599860792339 2.17065711913 -2.54173186125 -0.970935534456
811 798 -0.309070193694 1.2617261331 2.8325224599 -1.87986652049
812 806 -0.376912266103 1.19388406069 2.76468038749 -1.9477085929
813 807 -0.344981199015 1.22581512778 2.79661145457 -1.91577752581
814 803 0.288736035247 1.85953236204 -2.85285661834 -1.28206029155
815 802 0.355963144569 1.92675947136 -2.78562950902 -1.21483318223
816 817 0.490543930766 2.06134025756 -2.65104872282 -1.08025239603
817 816 -0.509032200136 1.06176412666 2.63256045345 -2.07982852693
818 816 -0.604019657024 0.966776669771 2.53757299657 -2.17481598382
819 817 0.555877820843 2.12667414764 -2.58571483275 -1.01491850595
820 821 -0.33483352943 1.23596279736 2.80675912416 -1.90562985623
821 814 -0.522063274773 1.04873305202 2.61952937882 -2.09285960157
822 820 0.00541421144934 1.57621053824 -3.13617844214 -1.56538211535
823 821 -0.262128277833 1.30866804896 2.87946437576 -1.83292460463
824 802 0.297955248344 1.86875157514 -2.84363740525 -1.27284107845
825 818 0.16667599155 1.73747231835 -2.97491666204 -1.40412033524
826 819 0.349721132782 1.92051745958 -2.79187152081 -1.22107519401
827 822 0.717935083869 2.28873141066 -2.42365756972 -0.852861242926
828 823 -0.234715611001 1.33608071579 2.90687704259 -1.8055119378
829 798 0.668004162744 2.23880048954 -2.47358849085 -0.902792164051
830 805 -0.783924198663 0.786872128132 2.35766845493 -2.35472052546
831 808 -0.58523123083 0.985565095964 2.55636142276 -2.15602755763
832 801 0.0569771127468 1.62777343954 -3.08461554084 -1.51381921405
833 829 -0.386869199614 1.18392712718 2.75472345398 -1.95766552641
834 830 -0.54170367013 1.02909265667 2.59988898346 -2.11249999692
835 803 -0.194863606581 1.37593272021 2.94672904701 -1.76565993338
836 820 0.420186248821 1.99098257562 -2.72140640477 -1.15061007797
837 820 0.391951020045 1.96274734684 -2.74964163354 -1.17884530675
838 839 0.640023158948 2.21081948574 -2.50156949464 -0.930773167847
839 838 -0.140273434979 1.43052289182 3.00131921861 -1.71106976177
840 841 0.688343397513 2.25913972431 -2.45324925608 -0.882452929282
841 839 0.13104750545 1.70184383225 -3.01054514814 -1.43974882134
842 838 -0.305767827309 1.26502849949 2.83582482628 -1.8765641541
843 840 0.758098152793 2.32889447959 -2.3834945008 -0.812698174002
844 845 0.0261184562925 1.59691478309 -3.1154741973 -1.5446778705
845 844 -0.377725146292 1.1930711805 2.7638675073 -1.94852147309
846 847 0.253188594005 1.8239849208 -2.88840405958 -1.31760773279
847 845 -0.0805351576576 1.49026116914 3.06105749593 -1.65133148445
848 844 -0.594796171192 0.976000155603 2.5467964824 -2.16559249799
849 846 -0.207124533721 1.36367179307 2.93446811987 -1.77792086052
850 851 0.159106604085 1.72990293088 -2.9824860495 -1.41168972271
851 850 -0.538021906161 1.03277442063 2.60357074743 -2.10881823296
852 853 -0.523849408105 1.04694691869 2.61774324548 -2.0946457349
853 851 0.669213040669 2.24000936746 -2.47237961292 -0.901583286126
854 850 -0.527172665313 1.04362366148 2.61441998828 -2.09796899211
855 852 -0.139743825897 1.4310525009 3.00184882769 -1.71054015269
856 857 -0.190293471787 1.38050285501 2.9512991818 -1.76108979858
857 856 -0.0407492228975 1.5300471039 3.10084343069 -1.61154554969
858 859 0.265310264334 1.83610659113 -2.87628238926 -1.30548606246
859 857 0.189148190276 1.75994451707 -2.95244446331 -1.38164813652
860 856 0.495081312536 2.06587763933 -2.64651134105 -1.07571501426
861 858 -0.784571450219 0.786224876576 2.35702120337 -2.35536777701
862 812 -0.447108185401 1.12368814139 2.69448446819 -2.0179045122
863 813 -0.272386968272 1.29840935852 2.86920568532 -1.84318329507
864 799 -0.207132305286 1.36366402151 2.9344603483 -1.77792863208
865 862 -0.183720735955 1.38707559084 2.95787191764 -1.75451706275
866 863 -0.447520035535 1.12327629126 2.69407261805 -2.01831636233
867 799 -0.654390319463 0.916406007331 2.48720233413 -2.22518664626
868 828 0.489322363234 2.06011869003 -2.65227029036 -1.08147396356
869 827 0.0200087527762 1.59080507957 -3.12158390081 -1.55078757402
870 804 0.670513400341 2.24130972714 -2.47107925325 -0.900282926454
871 809 -0.0594102074391 1.51138611936 3.08218244615 -1.63020653423
872 809 -0.272315217203 1.29848110959 2.86927743639 -1.843111544
873 872 -0.762343001667 0.808453325128 2.37924965192 -2.33313932846
874 810 0.225326955917 1.79612328271 -2.91626569767 -1.34546937088
875 831 0.0197252352407 1.59052156204 -3.12186741835 -1.55107109155
876 831 -0.760835094672 0.809961232123 2.38075755892 -2.33163142147
877 873 -0.360826203838 1.20997012296 2.78076644975 -1.93162253063
878 831 -0.377567719397 1.1932286074 2.76402493419 -1.94836404619
879 831 -0.731903584934 0.838892741861 2.40968906866 -2.30269991173
880 875 0.126644382314 1.69744070911 -3.01494827128 -1.44415194448
881 834 -0.054054023743 1.51674230305 3.08753862985 -1.62485035054
882 834 -0.741965324556 0.828831002239 2.39962732903 -2.31276165135
883 880 0.776602607175 2.34739893397 -2.36499004641 -0.79419371962
884 882 0.0289469226826 1.59974324948 -3.11264573091 -1.54184940411
885 834 -0.325564774538 1.24523155226 2.81602787905 -1.89636110133
886 834 -0.598648977162 0.972147349633 2.54294367643 -2.16944530396
887 881 0.604522972873 2.17531929967 -2.53706968072 -0.966273353922
888 837 -0.186670877461 1.38412544933 2.95492177613 -1.75746720426
889 837 -0.422219976221 1.14857635057 2.71937267737 -1.99301630302
890 887 -0.461910406277 1.10888592052 2.67968224731 -2.03270673307
891 889 0.75567986169 2.32647618848 -2.3859127919 -0.815116465105
892 820 -0.207793541607 1.36300278519 2.93379911198 -1.7785898684
893 820 -0.386534018878 1.18426230792 2.75505863471 -1.95733034567
894 892 0.154769821176 1.72556614797 -2.98682283241 -1.41602650562
895 837 0.19900974963 1.76980607643 -2.94258290396 -1.37178657716
896 888 -0.702237561593 0.868558765202 2.439355092 -2.27303388839
897 894 -0.475179386742 1.09561694005 2.66641326685 -2.04597571354
898 814 -0.0369146176626 1.53388170913 3.10467803593 -1.60771094446
899 814 -0.777123848121 0.793672478674 2.36446880547 -2.34792017492
900 821 -0.275573835249 1.29522249155 2.86601881834 -1.84637016204
901 823 0.334705782761 1.90550210956 -2.80688687083 -1.23609054403
902 815 -0.399004703821 1.17179162297 2.74258794977 -1.96980103062
903 824 0.21133059179 1.78212691859 -2.9302620618 -1.359465735
904 839 -0.0815803316246 1.48921599517 3.06001232197 -1.65237665842
905 838 -0.364477618585 1.20631870821 2.777115035 -1.93527394538
906 840 0.27367433083 1.84447065763 -2.86791832276 -1.29712199596
907 840 -0.100770770384 1.47002555641 3.04082188321 -1.67156709718
908 838 0.348931134957 1.91972746175 -2.79266151863 -1.22186519184
909 842 0.678893048006 2.2496893748 -2.46269960558 -0.891903278789
910 845 -0.569568390726 1.00122793607 2.57202426286 -2.14036471752
911 844 -0.0779672348172 1.49282909198 3.06362541877 -1.64876356161
912 846 0.561779939471 2.13257626627 -2.57981271412 -1.00901638732
913 846 -0.39074390818 1.18005241862 2.75084874541 -1.96154023497
914 844 -0.0519309231928 1.5188654036 3.0896617304 -1.62272724999
915 848 -0.602001900076 0.968794426719 2.53959075351 -2.17279822687
916 851 0.484403639367 2.05519996616 -2.65718901422 -1.08639268743
917 850 0.47198505904 2.04278138583 -2.66960759455 -1.09881126776
918 852 0.00673985491401 1.57753618171 -3.13485279868 -1.56405647188
919 852 0.266399895421 1.83719622222 -2.87519275817 -1.30439643137
920 850 -0.262409255857 1.30838707094 2.87918339773 -1.83320558265
921 854 -0.517006215416 1.05379011138 2.62458643817 -2.08780254221
922 857 -0.18498179125 1.38581453555 2.95661086234 -1.75577811804
923 856 0.082788790347 1.65358511714 -3.05880386324 -1.48800753645
924 858 -0.189058175932 1.38173815086 2.95253447766 -1.75985450273
925 858 -0.578318222105 0.99247810469 2.56327443148 -2.1491145489
926 894 0.709239275315 2.28003560211 -2.43235337828 -0.86155705148
927 856 0.452602057982 2.02339838478 -2.68899059561 -1.11819426881
928 892 0.775823078585 2.34661940538 -2.365769575 -0.79497324821
929 860 0.220065965859 1.79086229265 -2.92152668773 -1.35073036094
930 817 -0.281712696508 1.28908363029 2.85987995708 -1.8525090233
931 816 0.0828003715923 1.65359669839 -3.058792282 -1.4879959552
932 816 0.239574866995 1.81037119379 -2.9020177866 -1.3312214598
933 819 0.142722607667 1.71351893446 -2.99887004592 -1.42807371913
934 818 0.763627409052 2.33442373585 -2.37796524454 -0.807168917743
935 825 0.170170648544 1.74096697534 -2.97142200505 -1.40062567825
936 822 -0.438065411521 1.13273091527 2.70352724207 -2.00886173832
937 827 -0.468806426777 1.10198990002 2.67278622681 -2.03960275357
938 869 -0.5316602776 1.03913604919 2.60993237599 -2.1024566044
939 866 0.079678670682 1.65047499748 -3.06191398291 -1.49111765611
940 889 0.265902893041 1.83669921984 -2.87568976055 -1.30489343375
941 887 -0.0420470932969 1.5287492335 3.09954556029 -1.61284342009
942 856 0.416435159989 1.98723148678 -2.7251574936 -1.15436116681
943 850 0.391248262633 1.96204458943 -2.75034439096 -1.17954806416
944 844 0.314972870161 1.88576919696 -2.82661978343 -1.25582345663
945 838 -0.170417051955 1.40037927484 2.97117560163 -1.74121337875
946 882 0.537869774071 2.10866610087 -2.60372287952 -1.03292655272
947 880 -0.0761309949459 1.49466533185 3.06546165864 -1.64692732174
948 816 0.292840974116 1.86363730091 -2.84875167947 -1.27795535268
949 876 -0.312595282036 1.25820104476 2.82899737155 -1.88339160883
950 872 -0.282177471627 1.28861885517 2.85941518196 -1.85297379842
951 863 -0.276993957844 1.29380236895 2.86459869575 -1.84779028464
952 809 0.305709532272 1.87650585907 -2.83588312132 -1.26508679452
953 863 0.463554023422 2.03435035022 -2.67803863017 -1.10724230337
954 866 -0.350369955592 1.2204263712 2.791222698 -1.92116628239
955 956 -0.0438974818363 1.52689884496 3.09769517175 -1.61469380863
956 955 -0.393156791062 1.17763953573 2.74843586253 -1.96395311786
957 955 0.50868575688 2.07948208367 -2.63290689671 -1.06211056992
958 955 -0.500306254537 1.07049007226 2.64128639905 -2.07110258133
959 957 0.737056747202 2.307853074 -2.40453590639 -0.833739579593
960 958 -0.595590860812 0.975205465983 2.54600179278 -2.16638718761
961 956 0.308428514496 1.87922484129 -2.83316413909 -1.2623678123
962 956 -0.688496971721 0.882299355074 2.45309568187 -2.25929329852
963 957 -0.285962566486 1.28483376031 2.8556300871 -1.85675889328
964 965 -0.534402892326 1.03639343447 2.60718976126 -2.10519921912
965 964 -0.725627632457 0.845168694338 2.41596502113 -2.29642395925
966 967 0.599409754244 2.17020608104 -2.54218289935 -0.971386572551
967 966 -0.280602660829 1.29019366597 2.86098999276 -1.85139898762
968 966 0.344852985628 1.91564931242 -2.79673966796 -1.22594334117
969 967 0.514100460215 2.08489678701 -2.62749219338 -1.05669586658
970 971 -0.112298833358 1.45849749344 3.02929382023 -1.68309516015
971 964 -0.205083206463 1.36571312033 2.93650944713 -1.77587953326
972 970 0.214916847296 1.78571317409 -2.92667580629 -1.3558794795
973 971 -0.0443717208185 1.52642460598 3.09722093277 -1.61516804761
974 965 -0.176275176317 1.39452115048 2.96531747727 -1.74707150311
975 968 0.499441274067 2.07023760086 -2.64215137952 -1.07135505273
976 969 0.527518599419 2.09831492621 -2.61407405417 -1.04327772738
977 972 -0.781961507996 0.788834818799 2.35963114559 -2.35275783479
978 973 -0.355934055633 1.21486227116 2.78565859796 -1.92673038243
979 955 0.599151900804 2.1699482276 -2.54244075279 -0.971644425991
980 955 0.672992643436 2.24378897023 -2.46860001015 -0.897803683359
981 958 0.453040662856 2.02383698965 -2.68855199073 -1.11775566394
982 979 -0.780913259681 0.789883067114 2.36067939391 -2.35170958648
983 979 0.303529934839 1.87432626163 -2.83806271875 -1.26726639196
984 980 0.456282794627 2.02707912142 -2.68530985896 -1.11451353217
985 964 0.353382241198 1.92417856799 -2.78821041239 -1.2174140856
986 970 -0.601746640825 0.96904968597 2.53984601276 -2.17254296762
987 970 0.355340298187 1.92613662498 -2.7862523554 -1.21545602861
988 989 0.429096666913 1.99989299371 -2.71249598668 -1.14169965988
989 988 -0.0912857113545 1.47951061544 3.05030694224 -1.66208203815
990 991 0.650840694694 2.22163702149 -2.4907519589 -0.9199556321
991 989 -0.0238423019328 1.54695402486 3.11775035166 -1.59463862873
992 988 0.330836712096 1.90163303889 -2.81075594149 -1.2399596147
993 990 -0.442610541254 1.12818578554 2.69898211234 -2.01340686805
994 995 0.468777045353 2.03957337215 -2.67281560824 -1.10201928144
995 994 -0.0358042426041 1.53499208419 3.10578841099 -1.6066005694
996 997 0.67459548348 2.24539181028 -2.46699717011 -0.896200843315
997 995 -0.617868578832 0.952927747963 2.52372407476 -2.18866490563
998 994 0.692781361619 2.26357768841 -2.44881129197 -0.878014965176
999 996 -0.669558066718 0.901238260077 2.47203458687 -2.24035439351
1000 1001 0.508240287973 2.07903661477 -2.63335236562 -1.06255603882
1001 1000 0.54595250329 2.11674883008 -2.5956401503 -1.02484382351
1002 1003 -0.659821878485 0.91097444831 2.4817707751 -2.23061820528
1003 1001 0.421840052753 1.99263637955 -2.71975260084 -1.14895627404
1004 1000 0.246572708637 1.81736903543 -2.89501994495 -1.32422361816
1005 1002 -0.132453342206 1.43834298459 3.00913931138 -1.703249669
1006 1007 -0.028207664024 1.54258866277 3.11338498957 -1.59900399082
1007 1006 0.433544539823 2.00434086662 -2.70804811377 -1.13725178697
1008 1009 -0.0723627622622 1.49843356453 3.06922989133 -1.64315908906
1009 1007 -0.0616136574689 1.50918266933 3.07997899612 -1.63240998426
1010 1006 -0.0106070486977 1.5601892781 3.13098560489 -1.58140337549
1011 1008 -0.652253543864 0.918542782931 2.48933910973 -2.22304987066
1012 962 -0.592933710408 0.977862616387 2.54865894318 -2.1637300372
1013 963 -0.64047698506 0.930319341734 2.50111566853 -2.21127331186
1014 961 -0.15283878953 1.41795753726 2.98875386406 -1.72363511633
1015 1012 0.418222565288 1.98901889208 -2.7233700883 -1.15257376151
1016 1013 -0.325520311339 1.24527601546 2.81607234225 -1.89631663813
1017 1012 -0.499578743425 1.07121758337 2.64201391016 -2.07037507022
1018 978 -0.111866442474 1.45892988432 3.02972621112 -1.68266276927
1019 977 0.0693267610707 1.64012308787 -3.07226589252 -1.50146956572
1020 974 -0.0958033914958 1.4749929353 3.04578926209 -1.66659971829
1021 959 0.187304329975 1.75810065677 -2.95428832361 -1.38349199682
1022 959 0.329459227894 1.90025555469 -2.8121334257 -1.2413370989
1023 1022 -0.300774305392 1.2700220214 2.8408183482 -1.87157063219
1024 960 -0.401564425967 1.16923190083 2.74002822762 -1.97236075276
1025 981 0.438096266189 2.00889259298 -2.7034963874 -1.13270006061
1026 981 -0.183024817298 1.3877715095 2.95856783629 -1.75382114409
1027 1023 -0.342744384687 1.22805194211 2.7988482689 -1.91354071148
1028 981 -0.0260963201227 1.54470000667 3.11549633347 -1.59689264692
1029 981 0.440979447863 2.01177577466 -2.70061320573 -1.12981687893
1030 1025 0.450079033401 2.0208753602 -2.69151362019 -1.12071729339
1031 984 -0.657422685295 0.9133736415 2.4841699683 -2.22821901209
1032 984 -0.711857221032 0.858939105763 2.42973543256 -2.28265354783
1033 1030 -0.0439055623656 1.52689076443 3.09768709122 -1.61470188916
1034 1032 -0.153310421802 1.41748590499 2.98828223179 -1.7241067486
1035 984 -0.356640376764 1.21415595003 2.78495227683 -1.92743670356
1036 984 0.00936858211435 1.58016490891 -3.13222407148 -1.56142774468
1037 1031 0.244348710573 1.81514503737 -2.89724394302 -1.32644761622
1038 987 0.554447518413 2.12524384521 -2.58714513518 -1.01634880838
1039 987 0.147335186884 1.71813151368 -2.99425746671 -1.42346113991
1040 1037 -0.0540211741545 1.51677515264 3.08757147944 -1.62481750095
1041 1039 0.491661092856 2.06245741965 -2.64993156073 -1.07913523394
1042 970 0.412622262896 1.98341858969 -2.72897039069 -1.1581740639
1043 970 0.0951220388151 1.66591836561 -3.04647061477 -1.47567428798
1044 1042 -0.458511216336 1.11228511046 2.68308143725 -2.02930754313
1045 987 -0.677232319511 0.893564007284 2.46436033408 -2.24802864631
1046 1038 0.276498678632 1.84729500543 -2.86509397496 -1.29429764816
1047 1044 0.262369553944 1.83316588074 -2.87922309965 -1.30842677285
1048 964 -0.28588727484 1.28490905195 2.85570537875 -1.85668360164
1049 964 0.312359257565 1.88315558436 -2.82923339603 -1.25843706923
1050 971 -0.645016328744 0.925779998051 2.49657632485 -2.21581265554
1051 973 0.244183059008 1.8149793858 -2.89740959458 -1.32661326779
1052 965 -0.745870180961 0.824926145834 2.39572247263 -2.31666650776
1053 974 -0.763542477144 0.807253849651 2.37805017645 -2.33433880394
1054 989 0.305473334725 1.87626966152 -2.83611931887 -1.26532299207
1055 988 -0.620774515256 0.950021811539 2.52081813833 -2.19157084205
1056 990 0.202672096656 1.77346842345 -2.93892055693 -1.36812423014
1057 990 -0.471090151971 1.09970617482 2.67050250162 -2.04188647877
1058 988 -0.700549405345 0.87024692145 2.44104324824 -2.27134573214
1059 992 0.0448006011892 1.61559692798 -3.0967920524 -1.52599572561
1060 995 0.605887269701 2.1766835965 -2.53570538389 -0.964909057094
1061 994 0.64875463288 2.21955095967 -2.49283802071 -0.922041693915
1062 996 0.726581810555 2.29737813735 -2.41501084303 -0.84421451624
1063 996 0.326737764731 1.89753409153 -2.81485488886 -1.24405856206
1064 994 -0.741224169642 0.829572157152 2.40036848395 -2.31202049644
1065 998 -0.676315693653 0.894480633142 2.46527695994 -2.24711202045
1066 1001 -0.314645633562 1.25615069323 2.82694702003 -1.88544196036
1067 1000 -0.0790131915381 1.49178313526 3.06257946205 -1.64980951833
1068 1002 -0.555896538922 1.01489978787 2.58569611467 -2.12669286572
1069 1002 0.772595165068 2.34339149186 -2.36899748852 -0.798201161727
1070 1000 0.0131875259223 1.58398385272 -3.12840512767 -1.55760880087
1071 1004 -0.252593383539 1.31820294326 2.88899927005 -1.82338971033
1072 1007 0.700852276134 2.27164860293 -2.44074037746 -0.869944050661
1073 1006 0.776025970628 2.34682229742 -2.36556668296 -0.794770356167
1074 1008 -0.444093714542 1.12670261225 2.69749893905 -2.01489004134
1075 1008 0.756339884717 2.32713621151 -2.38525276887 -0.814456442078
1076 1044 0.669395082756 2.24019140955 -2.47219757083 -0.901401244039
1077 1006 -0.209282969021 1.36151335777 2.93230968457 -1.78007929582
1078 1042 -0.701870475071 0.868925851724 2.43972217852 -2.27266680187
1079 1010 0.253322707847 1.82411903464 -2.88826994574 -1.31747361895
1080 967 -0.460861762118 1.10993456468 2.68073089147 -2.03165808891
1081 966 0.675324792278 2.24612111907 -2.46626786131 -0.895471534517
1082 966 0.360409476107 1.9312058029 -2.78118317748 -1.21038685069
1083 969 -0.524031901719 1.04676442508 2.61756075187 -2.09482822851
1084 968 0.311724395788 1.88252072258 -2.8298682578 -1.25907193101
1085 975 -0.29973022309 1.27106610371 2.8418624305 -1.87052654988
1086 972 0.375474567794 1.94627089459 -2.7661180858 -1.195321759
1087 977 -0.749496763779 0.821299563015 2.39209588981 -2.32029309057
1088 1019 -0.749508490538 0.821287836257 2.39208416305 -2.32030481733
1089 1016 0.0999894325236 1.67078575932 -3.04160322107 -1.47080689427
1090 1039 -0.253373126291 1.3174232005 2.8882195273 -1.82416945309
1091 1037 0.223807480385 1.79460380718 -2.9177851732 -1.34698884641
1092 1006 -0.689184635179 0.881611691616 2.45240801841 -2.25998096197
1093 1000 -0.420966903101 1.14982942369 2.72062575049 -1.9917632299
1094 994 0.438333080881 2.00912940768 -2.70325957271 -1.13246324591
1095 988 0.205924901348 1.77672122814 -2.93566775224 -1.36487142545
1096 1032 -0.014557094069 1.55623923273 3.12703555952 -1.58535342086
1097 1030 0.145791849122 1.71658817592 -2.99580080447 -1.42500447767
1098 966 -0.0524722530947 1.5183240737 3.0891204005 -1.62326857989
1099 1026 0.0353115199835 1.60610784678 -3.10628113361 -1.53548480681
1100 1022 -0.307276524928 1.26351980187 2.83431612866 -1.87807285172
1101 1013 0.147112770767 1.71790909756 -2.99447988282 -1.42368355603
1102 959 -0.549855311849 1.02094101495 2.59173734174 -2.12065163864
1103 1013 -0.411658828792 1.159137498 2.7299338248 -1.98245515559
1104 1016 0.258745830945 1.82954215774 -2.88284682265 -1.31205049585
1105 955 -0.640186118273 0.930610208522 2.50140653532 -2.21098244507
1106 961 0.512950953346 2.08374728014 -2.62864170024 -1.05784537345
1107 979 -0.40963009231 1.16116623448 2.73196256128 -1.9804264191
1108 979 0.345719270563 1.91651559736 -2.79587338303 -1.22507705623
1109 965 0.456157360378 2.02695368717 -2.68543529321 -1.11463896642
1110 964 0.390401152027 1.96119747882 -2.75119150156 -1.18039517477
1111 974 -0.585186898285 0.98560942851 2.55640575531 -2.15598322508
1112 799 -0.0381246183119 1.53267170848 3.10346803528 -1.60892094511
1113 802 -0.576050857383 0.994745469412 2.56554179621 -2.14684718418
1114 801 -0.56736880786 1.00342751893 2.57422384573 -2.13816513465
1115 798 0.486376082231 2.05717240903 -2.65521657136 -1.08442024456
1116 798 0.517443486148 2.08823981294 -2.62414916744 -1.05335284065
1117 1118 -0.779550448137 0.791245878658 2.36204220545 -2.35034677493
1118 1117 0.158127344365 1.72892367116 -2.98346530922 -1.41266898243
1119 1118 -0.584103234762 0.986693092033 2.55748941883 -2.15489956156
1120 1114 0.652160578763 2.22295690556 -2.48943207483 -0.918635748032
1121 800 -0.755971514473 0.814824812322 2.38562113912 -2.32676784127
1122 1123 -0.766219377431 0.804576949364 2.37537327616 -2.33701570423
1123 1122 0.0205156252584 1.59131195205 -3.12107702833 -1.55028070154
1124 1123 0.716552022149 2.28734834894 -2.42504063144 -0.854244304645
1125 1112 0.417630415088 1.98842674188 -2.7239622385 -1.15316591171
1126 804 0.165071366429 1.73586769322 -2.97652128716 -1.40572496037
1127 1117 0.23725645391 1.8080527807 -2.90433619968 -1.33353987289
1128 1127 -0.263506859211 1.30728946758 2.87808579438 -1.83430318601
1129 1117 -0.219403799651 1.35139252714 2.92218885394 -1.79020012645
1130 1122 0.383198111152 1.95399443795 -2.75839454244 -1.18759821564
1131 1119 -0.351612847123 1.21918347967 2.78997980647 -1.92240917392
1132 1131 -0.184784442634 1.38601188416 2.95680821096 -1.75558076943
1133 1118 -0.457848948075 1.11294737872 2.68374370551 -2.02864527487
1134 1124 0.437174858954 2.00797118575 -2.70441779464 -1.13362146784
1135 1115 0.649528852976 2.22032517977 -2.49206380061 -0.921267473819
1136 1115 0.617849528913 2.18864585571 -2.52374312468 -0.952946797882
1137 1114 0.496524284537 2.06732061133 -2.64506836905 -1.07427204226
1138 1125 0.711367507462 2.28216383426 -2.43022514613 -0.859428819333
1139 1129 -0.682911791491 0.887884535304 2.4586808621 -2.25370811829
1140 1133 0.298239381183 1.86903570798 -2.84335327241 -1.27255694561
1141 1113 -0.674129384432 0.896666942363 2.46746326916 -2.24492571123
1142 1112 0.783586314927 2.35438264172 -2.35800633866 -0.787210011868
1143 1123 0.306785814064 1.87758214086 -2.83480683953 -1.26401051273
1144 1122 -0.0817017418101 1.48909458498 3.05989091178 -1.6524980686
1145 1123 -0.540143932634 1.03065239416 2.60144872096 -2.11094025943
1146 1133 -0.684839424465 0.88595690233 2.45675322912 -2.25563575126
1147 1117 -0.584390663773 0.986405663022 2.55720198982 -2.15518699057
1148 1122 0.21278354595 1.78357987274 -2.92880910764 -1.35801278085
1149 1118 0.0537876244098 1.6245839512 -3.08780502918 -1.51700870239
1150 1128 0.401381384843 1.97217771164 -2.74021126875 -1.16941494195
1151 802 -0.595209556128 0.975586770667 2.54638309746 -2.16600588292
1152 415 -0.64261027094 0.928186055854 2.49898238265 -2.21340659774
1153 1156 -0.703467100521 0.867329226274 2.43812555307 -2.27426342732
1154 1155 0.0226904496858 1.59348677648 -3.1189022039 -1.54810587711
1155 1154 -0.714942597005 0.855853729789 2.42665005658 -2.2857389238
1156 1153 -0.714193842096 0.856602484699 2.42739881149 -2.28499016889
1157 1155 0.536593567325 2.10738989412 -2.60499908626 -1.03420275947
1158 1159 0.330460920285 1.90125724708 -2.8111317333 -1.24033540651
1159 1153 -0.355359430344 1.21543689645 2.78623322325 -1.92615575714
1160 1153 0.11945042561 1.6902467524 -3.02214222798 -1.45134590119
1161 1155 -0.556287948671 1.01450837812 2.58530470492 -2.12708427547
1162 1154 -0.61987801021 0.950918316585 2.52171464338 -2.19067433701
1163 1154 -0.00531820467762 1.56547812212 3.13627444891 -1.57611453147
1164 1117 -0.366446163499 1.2043501633 2.77514649009 -1.93724249029
1165 1129 0.748602135383 2.31939846218 -2.39299051821 -0.822194191412
1166 1130 -0.188970856019 1.38182547078 2.95262179757 -1.75976718281
1167 1127 0.709998334755 2.28079466155 -2.43159431884 -0.86079799204
1168 1128 0.344498428679 1.91529475547 -2.79709422491 -1.22629789812
1169 1122 0.548350095485 2.11914642228 -2.5932425581 -1.02244623131
1170 418 -0.357376418387 1.21341990841 2.7842162352 -1.92817274518
1171 429 0.164462732551 1.73525905935 -2.97712992104 -1.40633359424
1172 421 0.740244921627 2.31104124842 -2.40134773196 -0.830551405168
1173 436 0.536348123206 2.10714445 -2.60524453038 -1.03444820359
1174 1163 0.276284282473 1.84708060927 -2.86530837112 -1.29451204432
1175 1162 0.200617391056 1.77141371785 -2.94097526253 -1.37017893574
1176 1159 0.427259651484 1.99805597828 -2.71433300211 -1.14353667531
1177 1158 0.0967292573147 1.66752558411 -3.04486339628 -1.47406706948
1178 1158 0.537433258185 2.10822958498 -2.60415939541 -1.03336306861
1179 432 -0.240057873795 1.330738453 2.90153477979 -1.81085420059
1180 1161 0.0630564724848 1.63385279928 -3.0785361811 -1.50773985431
1181 433 -0.111311999203 1.45948432759 3.03028065439 -1.682108326
1182 1153 0.240558488618 1.81135481541 -2.90103416497 -1.33023783818
1183 1122 -0.658579499614 0.912216827181 2.48301315398 -2.22937582641
1184 1117 0.251692235802 1.8224885626 -2.88990041779 -1.31910409099
1185 434 -0.737987042258 0.832809284537 2.40360561133 -2.30878336905
1186 1160 -0.154795268027 1.41600105877 2.98679738556 -1.72559159482
1187 1173 -0.656782988028 0.914013338767 2.48480966556 -2.22757931482
1188 1176 0.216144114421 1.78694044122 -2.92544853917 -1.35465221237
1189 1171 0.162263980012 1.73306030681 -2.97932867358 -1.40853234678
1190 1175 0.779363953407 2.3501602802 -2.36222870018 -0.791432373388
1191 1172 -0.718089422053 0.852706904742 2.42350323154 -2.28888574885
1192 1170 0.487595740452 2.05839206725 -2.65399691314 -1.08320058634
1193 1152 0.677812699032 2.24860902583 -2.46377995456 -0.892983627763
1194 429 0.777000113998 2.34779644079 -2.36459253959 -0.793796212797
1195 1171 -0.416488517464 1.15430780933 2.72510413613 -1.98728484426
1196 1161 -0.363740019005 1.20705630779 2.77785263458 -1.9345363458
1197 1156 -0.027618853098 1.5431774737 3.11397380049 -1.59841517989
1198 1154 0.699458280035 2.27025460683 -2.44213437356 -0.87133804676
1199 1157 0.672918855894 2.24371518269 -2.4686737977 -0.8978774709
1200 1157 0.169147017858 1.73994334465 -2.97244563573 -1.40164930894
1201 1235 0.104071525711 1.67486785251 -3.03752112788 -1.46672480108
1202 1203 -0.748328039595 0.8224682872 2.39326461399 -2.31912436639
1203 1202 0.394913563937 1.96570989073 -2.74667908965 -1.17588276286
1204 1206 -0.413213586974 1.15758273982 2.72837906662 -1.98400991377
1205 1206 -0.533784246783 1.03701208001 2.60780840681 -2.10458057358
1206 1204 -0.386275096198 1.1845212306 2.75531755739 -1.95707142299
1207 1203 0.429568577062 2.00036490386 -2.71202407653 -1.14122774973
1208 363 0.728700781299 2.29949710809 -2.41289187229 -0.842095545495
1209 381 0.0515672499421 1.62236357674 -3.09002540365 -1.51922907685
1210 1203 0.610055583084 2.18085190988 -2.53153707051 -0.960740743711
1211 1202 -0.735025568127 0.835770758668 2.40656708546 -2.30582189492
1212 1215 -0.015568554726 1.55522777207 3.12602409886 -1.58636488152
1213 1217 0.161709427007 1.7325057538 -2.97988322658 -1.40908689979
1214 1215 0.153052417168 1.72384874396 -2.98854023642 -1.41774390963
1215 1212 -0.111498617421 1.45929770937 3.03009403617 -1.68229494422
1216 1204 -0.00185885491321 1.56893747188 3.13973379868 -1.57265518171
1217 1213 -0.568975180553 1.00182114624 2.57261747304 -2.13977150735
1218 1211 0.48745208905 2.05824841584 -2.65414056454 -1.08334423775
1219 1210 -0.406991503843 1.16380482295 2.73460114975 -1.97778783064
1220 1223 -0.679869309761 0.890927017033 2.46172334383 -2.25066563656
1221 1222 -0.171992098913 1.39880422788 2.96960055468 -1.74278842571
1222 1212 0.128135219262 1.69893154606 -3.01345743433 -1.44266110753
1223 1213 -0.187697640837 1.38309868596 2.95389501275 -1.75849396763
1224 1213 -0.356638753188 1.21415757361 2.7849539004 -1.92743507998
1225 1212 0.446647297911 2.01744362471 -2.69494535568 -1.12414902888
1226 1204 -0.18472417249 1.3860721543 2.9568684811 -1.75552049928
1227 1219 0.642512288126 2.21330861492 -2.49908036546 -0.928284038668
1228 1220 0.662598442394 2.23339476919 -2.4789942112 -0.908197884401
1229 379 0.776844817801 2.3476411446 -2.36474783579 -0.793951508994
1230 1213 -0.37704032236 1.19375600444 2.76455233123 -1.94783664915
1231 1213 -0.180440400017 1.39035592678 2.96115225357 -1.75123672681
1232 1224 0.38648401203 1.95728033882 -2.75510864156 -1.18431231477
1233 355 -0.436481857311 1.13431446948 2.70511079628 -2.00727818411
1234 1204 -0.580935388228 0.989860938567 2.56065726536 -2.15173171502
1235 1201 0.161649632745 1.73244595954 -2.97994302084 -1.40914669405
1236 373 -0.443072087495 1.1277242393 2.6985205661 -2.01386841429
1237 373 -0.123494978123 1.44730134867 3.01809767547 -1.69429130492
1238 1214 -0.18647702355 1.38431930324 2.95511563004 -1.75727335034
1239 377 0.232439573772 1.80323590057 -2.90915307982 -1.33835675302
1240 1202 0.482223116653 2.05301944345 -2.65936953694 -1.08857321014
1241 378 0.623832653014 2.19462897981 -2.51776000058 -0.946963673781
1242 1201 -0.231111033554 1.33968529324 2.91048162004 -1.80190736035
1243 1201 -0.571993151425 0.99880317537 2.56959950216 -2.14278947822
1244 359 0.7350828517 2.30587917849 -2.40650980189 -0.835713475095
1245 1218 0.78457492669 2.35537125348 -2.3570177269 -0.786221400105
1246 1213 0.364564867405 1.9353611942 -2.77702778618 -1.20623145939
1247 1212 -0.101089697083 1.46970662971 3.04050295651 -1.67188602388
1248 1212 0.163885348176 1.73468167497 -2.97770730541 -1.40691097862
1249 1201 0.179294538003 1.7500908648 -2.96229811559 -1.39150178879
1250 1109 0.719198738943 2.28999506574 -2.42239391465 -0.851597587852
1251 1108 0.766347160226 2.33714348702 -2.37524549336 -0.804449166569
1252 1105 -0.339411925327 1.23138440147 2.80218072826 -1.91020825212
1253 1105 -0.141958102545 1.42883822425 2.99963455105 -1.71275442934
1254 1253 -0.528328732215 1.04246759458 2.61326392137 -2.09912505901
1255 1254 -0.23173370352 1.33906262327 2.90985895007 -1.80253003032
1256 1224 0.221313860383 1.79211018718 -2.92027879321 -1.34948246641
1257 1220 0.334756567367 1.90555289416 -2.80683608622 -1.23603975943
1258 1257 0.746360576005 2.3171569028 -2.39523207759 -0.82443575079
1259 1268 0.0213025027138 1.59209882951 -3.12029015088 -1.54949382408
1260 1258 -0.744269343697 0.826526983098 2.39732330989 -2.31506567049
1261 1251 -0.31368897876 1.25710734804 2.82790367483 -1.88448530555
1262 1107 0.155531978319 1.72632830511 -2.98606067527 -1.41526434848
1263 1221 0.358583660466 1.92937998726 -2.78300899312 -1.21221266633
1264 1222 -0.74268248406 0.828113842735 2.39891016953 -2.31347881085
1265 1260 -0.71993082156 0.850865505235 2.42166183203 -2.29072714835
1266 1225 0.714264165905 2.2850604927 -2.42732848768 -0.85653216089
1267 1255 0.28850917323 1.85930550002 -2.85308348036 -1.28228715357
1268 1254 -0.390374217293 1.1804221095 2.7512184363 -1.96117054409
1269 1254 0.291465390101 1.8622617169 -2.85012726349 -1.27933093669
1270 1111 -0.501135319773 1.06966100702 2.64045733382 -2.07193164657
1271 1255 -0.208895203637 1.36190112316 2.93269744995 -1.77969153043
1272 1252 -0.613816882758 0.956979444037 2.52777577083 -2.18461320955
1273 1252 -0.0493487210872 1.52144760571 3.0922439325 -1.62014504788
1274 1251 0.53934254135 2.11013886814 -2.60225011224 -1.03145378545
1275 1259 0.482349915012 2.05314624181 -2.65924273858 -1.08844641178
1276 1258 0.174116312544 1.74491263934 -2.96747634105 -1.39668001425
1277 1221 0.444754402022 2.01555072882 -2.69683825157 -1.12604192477
1278 1259 0.547008182351 2.11780450915 -2.59458447124 -1.02378814444
1279 1250 -0.475920966286 1.09487536051 2.6656716873 -2.04671729308
1280 1259 0.570020444139 2.14081677093 -2.57157220945 -1.00077588266
1281 1259 -0.0246063806072 1.54618994619 3.11698627298 -1.5954027074
1282 1257 0.654133919881 2.22493024668 -2.48745873371 -0.916662406914
1283 1255 -0.672343592906 0.898452733889 2.46924906068 -2.2431399197
1284 1258 0.636421195812 2.20721752261 -2.50517145778 -0.934375130983
1285 1256 0.099404514532 1.67020084133 -3.04218813906 -1.47139181226
1286 1109 -0.725951263103 0.844845063691 2.41564139049 -2.2967475899
1287 1220 0.643823337396 2.21461966419 -2.49776931619 -0.926972989399
1288 1106 -0.0105147563883 1.56028157041 3.1310778972 -1.58131108318
1289 1223 0.690503287885 2.26129961468 -2.4510893657 -0.88029303891
