1002 4 0
0 1 0.496702792546 2.06749911934 -2.64488986104 -1.07409353425
1 0 0.52689963314 2.09769595993 -2.61469302045 -1.04389669366
2 1 0.303205577924 1.87400190472 -2.83838707567 -1.26759074887
3 0 -0.547448135254 1.02334819154 2.59414451834 -2.11824446205
4 5 -0.274100035813 1.29669629098 2.86749261778 -1.84489636261
5 4 -0.139943369795 1.430852957 3.00164928379 -1.71073969659
6 7 -0.257922421722 1.31287390507 2.88367023187 -1.82871874852
7 6 -0.235915771719 1.33488055508 2.90567688187 -1.80671209851
8 6 -0.778568666573 0.792227660222 2.36302398702 -2.34936499337
9 13 0.271247098304 1.8420434251 -2.87034555529 -1.29954922849
10 7 -0.352671491709 1.21812483509 2.78892116188 -1.9234678185
11 4 -0.691690259429 0.879106067366 2.44990239416 -2.26248658622
12 4 0.655574835401 2.2263711622 -2.48601781819 -0.915221491394
13 0 0.559439721345 2.13023604814 -2.58215293224 -1.01135660545
14 7 -0.287515412853 1.28328091394 2.85407724074 -1.85831173965
15 4 0.151732902992 1.72252922979 -2.9898597506 -1.4190634238
16 1 0.630274608418 2.20107093521 -2.51131804517 -0.940521718377
17 0 0.765556868951 2.33635319575 -2.37603578464 -0.805239457844
18 0 0.0304469706916 1.60124329749 -3.1111456829 -1.5403493561
19 7 0.354555202174 1.92535152897 -2.78703745142 -1.21624112462
20 6 0.528684328397 2.09948065519 -2.61290832519 -1.0421119984
21 0 -0.237752007343 1.33304431945 2.90384064625 -1.80854833414
22 2 0.272169557443 1.84296588424 -2.86942309615 -1.29862676935
23 0 0.779680727915 2.35047705471 -2.36191192568 -0.79111559888
24 7 0.785093480196 2.35588980699 -2.35649917339 -0.785702846599
25 2 -0.256024437588 1.31477188921 2.885568216 -1.82682076438
26 7 -0.177911976937 1.39288434986 2.96368067665 -1.74870830373
27 6 0.0177660158479 1.58856234264 -3.12382663774 -1.55303031095
28 8 -0.378716872514 1.19207945428 2.76287578108 -1.94951319931
29 17 -0.292809995753 1.27798633104 2.84878265784 -1.86360632255
30 7 -0.783603204942 0.787193121853 2.35798944865 -2.35439953174
31 17 0.53647709088 2.10727341767 -2.60511556271 -1.03431923591
32 4 -0.700985959279 0.869810367516 2.44060669431 -2.27178228607
33 9 -0.369708817343 1.20108750945 2.77188383625 -1.94050514414
34 6 -0.333231940091 1.2375643867 2.8083607135 -1.90402826689
35 2 0.78114207574 2.35193840254 -2.36045057785 -0.789654251054
36 20 0.678094604453 2.24889093125 -2.46349804914 -0.892701722342
37 1 0.503702026015 2.07449835281 -2.63789062757 -1.06709430078
38 22 -0.0978944788739 1.47290184792 3.04369817472 -1.66869080567
39 21 0.145222599061 1.71601892586 -2.99637005453 -1.42557372773
40 13 -0.032460111864 1.53833621493 3.10913254173 -1.60325643866
41 5 0.672549605852 2.24334593265 -2.46904304774 -0.898246720943
42 19 -0.562093781911 1.00870254488 2.57949887168 -2.13289010871
43 4 0.721105949289 2.29190227608 -2.4204867043 -0.849690377505
44 20 0.295808265839 1.86660459263 -2.84578438775 -1.27498806096
45 26 0.617054524942 2.18785085174 -2.52453812865 -0.953741801853
46 3 0.520123555001 2.0909198818 -2.62146909859 -1.05067277179
47 16 0.117508265878 1.68830459267 -3.02408438771 -1.45328806092
48 1 -0.333678100883 1.23711822591 2.80791455271 -1.90447442768
49 22 0.766758159213 2.33755448601 -2.37483449438 -0.804038167582
50 26 0.107915865083 1.67871219188 -3.03367678851 -1.46288046171
51 4 -0.0595767508463 1.51121957595 3.08201590274 -1.63037307764
52 29 -0.209706922406 1.36108940439 2.93188573118 -1.7805032492
53 37 -0.128360372017 1.44243595478 3.01323228157 -1.69915669881
54 17 0.598864662493 2.16966098929 -2.5427279911 -0.971931664302
55 27 -0.261248108444 1.30954821835 2.88034454515 -1.83204443524
56 13 0.492827990344 2.06362431714 -2.64876466325 -1.07796833645
57 11 0.781903298131 2.35269962493 -2.35968935546 -0.788893028664
58 27 -0.685143200105 0.88565312669 2.45644945348 -2.2559395269
59 21 -0.25902513078 1.31177119601 2.88256752281 -1.82982145758
60 10 0.415659157332 1.98645548413 -2.72593349626 -1.15513716946
61 46 -0.534933951867 1.03586237493 2.60665870172 -2.10573027866
62 25 -0.765486662656 0.805309664139 2.37610599093 -2.33628298945
63 39 -0.682219018098 0.888577308697 2.45937363549 -2.25301534489
64 27 0.268953972636 1.83975029943 -2.87263868095 -1.30184235416
65 5 -0.258282616178 1.31251371062 2.88331003741 -1.82907894297
66 19 0.760785872437 2.33158219923 -2.38080678115 -0.810010454358
67 38 -0.109813680612 1.46098264618 3.03177897298 -1.68061000741
68 50 0.373705861713 1.94450218851 -2.76788679188 -1.19709046508
69 43 0.487597337264 2.05839366406 -2.65399531633 -1.08319898953
70 32 -0.517776530937 1.05301979586 2.62381612265 -2.08857285773
71 58 0.572414430793 2.14321075759 -2.5691782228 -0.998381896002
72 52 0.346188562614 1.91698488941 -2.79540409098 -1.22460776418
73 46 0.0582246447939 1.62902097159 -3.0833680088 -1.512571682
74 67 -0.74479296276 0.826003364035 2.39679969083 -2.31558928956
75 49 -0.157650191394 1.4131461354 2.9839424622 -1.72844651819
76 64 0.579385152891 2.15018147969 -2.5622075007 -0.991411173904
77 53 0.543897086758 2.11469341355 -2.59769556683 -1.02689924004
78 63 -0.19992305298 1.37087327381 2.94166960061 -1.77071937978
79 51 -0.694395115547 0.876401211248 2.44719753804 -2.26519144234
80 76 0.506641078894 2.07743740569 -2.6349515747 -1.0641552479
81 35 0.0296949438683 1.60049127066 -3.11189770972 -1.54110138293
82 51 0.518907077651 2.08970340445 -2.62268557594 -1.05188924914
83 32 0.204958734409 1.7757550612 -2.93663391918 -1.36583759239
84 70 0.19068904036 1.76148536715 -2.95090361323 -1.38010728643
85 41 -0.222720598429 1.34807572837 2.91887205516 -1.79351692522
86 66 0.663677579676 2.23447390647 -2.47791507391 -0.907118747119
87 60 -0.657134167742 0.913662159053 2.48445848585 -2.22793049454
88 73 -0.529191184076 1.04160514272 2.61240146951 -2.09998751087
89 53 0.200358314618 1.77115464141 -2.94123433897 -1.37043801218
90 78 0.182809303379 1.75360563017 -2.95878335021 -1.38798702342
91 74 -0.383080806675 1.18771552012 2.75851184691 -1.95387713347
92 48 -0.0479305427368 1.52286578406 3.09366211085 -1.61872686953
93 57 -0.207197455765 1.36359887103 2.93439519782 -1.77799378256
94 69 -0.128883500472 1.44191282632 3.01270915312 -1.69967982727
95 76 -0.59459924166 0.976197085135 2.54699341193 -2.16539556845
96 69 -0.640590812349 0.930205514445 2.50100184124 -2.21138713914
97 74 -0.257744178343 1.31305214845 2.88384847525 -1.82854050514
98 79 -0.477954612443 1.09284171435 2.66363804115 -2.04875093924
99 80 -0.061265853954 1.50953047284 3.08032679964 -1.63206218075
100 80 0.137985445629 1.70878177242 -3.00360720796 -1.43281088117
101 94 0.0113261659381 1.58212249273 -3.13026648765 -1.55947016086
102 81 0.232342457388 1.80313878418 -2.9092501962 -1.33845386941
103 74 0.309458619217 1.88025494601 -2.83213403437 -1.26133770758
104 88 -0.224827735965 1.34596859083 2.91676491762 -1.79562406276
105 88 0.242720143505 1.8135164703 -2.89887251009 -1.32807618329
106 94 -0.50855680107 1.06223952573 2.63303585252 -2.07935312786
107 79 0.148961982599 1.71975830939 -2.99263067099 -1.4218343442
108 77 0.444822554198 2.01561888099 -2.69677009939 -1.1259737726
109 91 0.258332213479 1.82912854027 -2.88326044011 -1.31246411332
110 89 0.428900460022 1.99969678682 -2.71269219357 -1.14189586677
111 90 0.293590400175 1.86438672697 -2.84800225342 -1.27720592662
112 94 0.585048781773 2.15584510857 -2.55654387182 -0.985747545022
113 98 0.610259229755 2.18105555655 -2.53133342383 -0.96053709704
114 105 0.279004652108 1.8498009789 -2.86258800148 -1.29179167469
115 96 -0.436226052095 1.1345702747 2.7053666015 -2.00702237889
116 80 -0.226548998302 1.34424732849 2.91504365529 -1.7973453251
117 91 -0.0132308148023 1.55756551199 3.12836183879 -1.5840271416
118 104 0.15120841296 1.72200473976 -2.99038424063 -1.41958791383
119 97 0.262082183326 1.83287851012 -2.87951047026 -1.30871414347
120 102 0.141648838443 1.71244516524 -2.99994381515 -1.42914748835
121 115 -0.164779957861 1.40601636893 2.97681269573 -1.73557628466
122 102 0.311540325673 1.88233665247 -2.83005232792 -1.25925600112
123 116 -0.0485562805744 1.52224004622 3.09303637302 -1.61935260737
124 98 0.0216548164281 1.59245114322 -3.11993783716 -1.54914151037
125 100 0.0210547933451 1.59185112014 -3.12053786024 -1.54974153345
126 109 -0.143384816053 1.42741151074 2.99820783754 -1.71418114285
127 101 0.312417109839 1.88321343663 -2.82917554375 -1.25837921696
128 106 -0.205309976263 1.36548635053 2.93628267733 -1.77610630306
129 121 -0.407086512697 1.1637098141 2.73450614089 -1.97788283949
130 104 -0.155930456432 1.41486587036 2.98566219716 -1.72672678323
131 98 -0.218629419084 1.35216690771 2.92296323451 -1.78942574588
132 111 0.378630404289 1.94942673108 -2.7629622493 -1.19216592251
133 109 0.0463924231123 1.61718874991 -3.09520023048 -1.52440390368
134 123 0.152844993252 1.72364132005 -2.98874766034 -1.41795133354
135 114 0.423747127005 1.9945434538 -2.71784552658 -1.14704919979
136 98 -0.121431685427 1.44936464137 3.02016096816 -1.69222801222
137 120 -0.288074853917 1.28272147288 2.85351779967 -1.85887118071
138 118 -0.265795434978 1.30500089182 2.87579721861 -1.83659176177
139 121 -0.10660095391 1.46419537288 3.03499169968 -1.67739728071
140 114 -0.206548984153 1.36424734264 2.93504366944 -1.77734531095
141 124 -0.172679004619 1.39811732218 2.96891364897 -1.74347533141
142 103 0.164305135097 1.73510146189 -2.97728751849 -1.4064911917
143 113 -0.189920429671 1.38087589712 2.95167222392 -1.76071675647
144 101 -0.285968222617 1.28482810418 2.85562443097 -1.85676454941
145 132 0.297542384177 1.86833871097 -2.84405026941 -1.27325394262
146 130 -0.221589326711 1.34920700008 2.92000332688 -1.79238565351
147 108 0.163304865991 1.73410119279 -2.9782877876 -1.4074914608
148 138 -0.0868244770568 1.48397184974 3.05476817653 -1.65762080385
149 131 -0.253519869093 1.3172764577 2.8880727845 -1.82431619589
150 123 -0.219847730793 1.350948596 2.9217449228 -1.79064405759
151 127 -0.251571489043 1.31922483775 2.89002116455 -1.82236781584
152 126 0.0404103296953 1.61120665649 -3.10118232389 -1.5303859971
153 120 0.386189774858 1.95698610165 -2.75540287873 -1.18460655194
154 131 0.123237469093 1.69403379589 -3.0183551845 -1.4475588577
155 146 0.0343772872041 1.605173614 -3.10721536639 -1.53641903959
156 127 -0.0753478058472 1.49544852095 3.06624484774 -1.64614413264
157 133 0.0942523824027 1.6650487092 -3.04734027119 -1.47654394439
158 142 0.214656695148 1.78545302194 -2.92693595844 -1.35613963165
159 129 -0.174953291374 1.39584303542 2.96663936222 -1.74574961817
160 135 0.363524757772 1.93432108457 -2.77806789582 -1.20727156902
161 128 -0.276771403084 1.29402492371 2.86482125051 -1.84756772988
162 134 0.385067621577 1.95586394837 -2.75652503201 -1.18572870522
163 138 0.180019001223 1.75081532802 -2.96157365237 -1.39077732557
164 134 -0.104842335939 1.46595399086 3.03675031765 -1.67563866273
165 144 -0.30076099476 1.27003533204 2.84083165883 -1.87155732155
166 129 -0.578914331121 0.991881995673 2.56267832247 -2.14971065792
167 135 -0.425919349492 1.1448769773 2.7156733041 -1.99671567629
168 147 -0.143103874536 1.42769245226 2.99848877905 -1.71390020133
169 143 0.182570843481 1.75336717028 -2.95902181011 -1.38822548331
170 137 0.278514867099 1.84931119389 -2.86307778649 -1.2922814597
171 146 -0.226540178816 1.34425614798 2.91505247477 -1.79733650561
172 131 -0.0317551329909 1.5390411938 3.1098375206 -1.60255145979
173 152 -0.0102656723127 1.56053065448 3.13132698128 -1.58106199911
174 156 -0.0420808701632 1.52871545663 3.09951178343 -1.61287719696
175 166 -0.617027829137 0.953768497658 2.52456482445 -2.18782415593
176 150 -0.1182943733 1.45250195349 3.02329828029 -1.6890907001
177 141 -0.499786541676 1.07100978512 2.64180611191 -2.07058286847
178 168 -0.283974870846 1.28682145595 2.85761778274 -1.85477119764
179 157 0.31204301034 1.88283933714 -2.82954964325 -1.25875331645
180 152 0.285166017195 1.85596234399 -2.85642663639 -1.2856303096
181 165 -0.148829939083 1.42196638771 2.99276271451 -1.71962626588
182 145 -0.11931787664 1.45147845015 3.02227477695 -1.69011420344
183 163 0.372304995377 1.94310132217 -2.76928765821 -1.19849133142
184 145 0.43830797329 2.00910430009 -2.7032846803 -1.1324883535
185 161 -0.242112246738 1.32868408006 2.89948040685 -1.81290857353
186 139 -0.278283831084 1.29251249571 2.86330882251 -1.84908015788
187 169 0.410269820196 1.98106614699 -2.73132283339 -1.1605265066
188 148 0.185294344853 1.75609067165 -2.95629830874 -1.38550198194
189 159 -0.668000302137 0.902796024658 2.47359235145 -2.23879662893
190 151 -0.209007369616 1.36178895718 2.93258528397 -1.77980369641
191 174 -0.0665367027029 1.50425962409 3.07505595089 -1.6373330295
192 175 -0.259881462649 1.31091486415 2.88171119094 -1.83067778944
193 181 -0.781946519999 0.788849806796 2.35964613359 -2.35274284679
194 174 0.545376060026 2.11617238682 -2.59621659356 -1.02542026677
195 162 0.40538714857 1.97618347537 -2.73620550502 -1.16540917822
196 160 -0.420273944983 1.15052238181 2.72131870861 -1.99107027178
197 155 0.415192113014 1.98598843981 -2.72640054058 -1.15560421378
198 178 -0.202559577221 1.36823674957 2.93903307637 -1.77335590402
199 188 0.0612782368679 1.63207456366 -3.08031441672 -1.50951808993
200 186 -0.235457798328 1.33533852847 2.90613485526 -1.80625412512
201 181 0.464141437364 2.03493776416 -2.67745121623 -1.10665488943
202 170 -0.0173662311914 1.5534300956 3.1242264224 -1.58816255799
203 162 -0.453531972034 1.11726435476 2.68806068156 -2.02432829883
204 182 -0.711870067372 0.858926259423 2.42972258622 -2.28266639417
205 171 -0.287634630946 1.28316169585 2.85395802264 -1.85843095774
206 183 0.127436573872 1.69823290067 -3.01415607972 -1.44335975292
207 187 -0.531899198058 1.03889712874 2.60969345553 -2.10269552485
208 196 0.286425283057 1.85722160985 -2.85516737053 -1.28437104374
209 179 -0.0274281429636 1.54336818383 3.11416451063 -1.59822446976
210 194 0.554943806026 2.12574013282 -2.58664884756 -1.01585252077
211 180 -0.134369208648 1.43642711815 3.00722344494 -1.70516553544
212 209 -0.0573864543578 1.51340987244 3.08420619923 -1.62818278115
213 181 -0.180240899336 1.39055542746 2.96135175425 -1.75103722613
214 204 0.406042510407 1.9768388372 -2.73555014318 -1.16475381639
215 177 -0.287379557725 1.28341676907 2.85421309586 -1.85817588452
216 189 -0.282910646404 1.28788568039 2.85868200719 -1.8537069732
217 193 0.701380292139 2.27217661893 -2.44021236145 -0.869416034656
218 199 0.291443492167 1.86223981896 -2.85014916142 -1.27935283463
219 198 -0.349854377321 1.22094194947 2.79173827627 -1.92065070412
220 193 -0.259375230227 1.31142109657 2.88221742336 -1.83017155702
221 171 0.283312718798 1.85410904559 -2.85827993479 -1.287483608
222 198 0.532432726323 2.10322905312 -2.60915992727 -1.03836360047
223 192 -0.323616694852 1.24717963194 2.81797595874 -1.89441302165
224 206 0.564036944765 2.13483327156 -2.57755570882 -1.00675938203
225 191 -0.55669098326 1.01410534353 2.58490167033 -2.12748731006
226 216 0.430956215961 2.00175254276 -2.71063643763 -1.13984011083
227 182 0.174900833175 1.74569715997 -2.96669182041 -1.39589549362
228 207 -0.218196660295 1.3525996665 2.9233959933 -1.78899298709
229 194 0.00626946284609 1.57706578964 -3.13532319074 -1.56452686395
230 206 0.162496092302 1.7332924191 -2.97909656129 -1.40830023449
231 217 0.596337190397 2.16713351719 -2.54525546319 -0.974459136398
232 213 0.590670617918 2.16146694471 -2.55092203567 -0.980125708877
233 208 -0.422333217066 1.14846310973 2.71925943652 -1.99312954386
234 191 -0.0717828038955 1.4990135229 3.06980984969 -1.64257913069
235 219 -0.277177857295 1.2936184695 2.8644147963 -1.84797418409
236 225 0.0821356525851 1.65293197938 -3.059457001 -1.48866067421
237 204 0.192489645275 1.76328597207 -2.94910300831 -1.37830668152
238 222 -0.144720058291 1.4260762685 2.9968725953 -1.71551638509
239 215 -0.102602612424 1.46819371437 3.03899004117 -1.67339893922
240 223 0.316781001604 1.8875773284 -2.82481165199 -1.25401532519
241 211 0.140098997277 1.71089532407 -3.00149365631 -1.43069732952
242 211 0.386527499383 1.95732382618 -2.75506515421 -1.18426882741
243 210 -0.0647142031129 1.50608212368 3.07687845048 -1.63551052991
244 208 0.00301447943308 1.57381080623 -3.13857817416 -1.56778184736
245 237 -0.308076737666 1.26271958913 2.83351591592 -1.87887306446
246 213 -0.386238226262 1.18455810053 2.75535442733 -1.95703455306
247 217 -0.393884685924 1.17691164087 2.74770796767 -1.96468101272
248 229 -0.184308811298 1.3864875155 2.95728384229 -1.75510513809
249 234 -0.110412026994 1.4603842998 3.0311806266 -1.68120835379
250 231 0.323958840792 1.89475516759 -2.8176338128 -1.246837486
251 244 0.0334713072383 1.60426763403 -3.10812134635 -1.53732501956
252 227 0.023718187602 1.5945145144 -3.11787446599 -1.54707813919
253 221 -0.00123669970413 1.56955962709 3.14035595389 -1.5720330265
254 232 0.594347568645 2.16514389544 -2.54724508494 -0.97644875815
255 217 -0.111126078645 1.45967024815 3.03046657494 -1.68192240544
256 227 0.396702691679 1.96749901847 -2.74488996191 -1.17409363512
257 218 0.265468578154 1.83626490495 -2.87612407544 -1.30532774864
258 230 0.237232205901 1.8080285327 -2.90436044769 -1.33356412089
259 235 0.673381773563 2.24417810036 -2.46821088003 -0.897414553232
260 222 0.187642601277 1.75843892807 -2.95395005231 -1.38315372552
261 235 0.335021466642 1.90581779344 -2.80657118695 -1.23577486015
262 263 0.235345448971 1.80614177577 -2.90624720462 -1.33545087782
263 228 0.451154584533 2.02195091133 -2.69043806906 -1.11964174226
264 253 0.637793118892 2.20858944569 -2.5037995347 -0.933003207903
265 251 -0.242767264659 1.32802906214 2.89882538893 -1.81356359145
266 251 0.38173622182 1.95253254862 -2.75985643177 -1.18906010497
267 239 0.608007472855 2.17880379965 -2.53358518074 -0.96278885394
268 248 0.409955091923 1.98075141872 -2.73163756167 -1.16084123487
269 262 -0.78041080247 0.790385524325 2.36118185112 -2.35120712926
270 228 -0.201794713233 1.36900161356 2.93979794036 -1.77259104003
271 235 -0.519039004011 1.05175732278 2.62255364958 -2.08983533081
272 232 0.779203787354 2.35000011415 -2.36238886624 -0.791592539441
273 248 -0.113285116694 1.4575112101 3.0283075369 -1.68408144349
274 235 -0.115605143067 1.45519118373 3.02598751052 -1.68640146986
275 261 -0.483644055609 1.08715227119 2.65794859798 -2.0544403824
276 220 -0.506151161572 1.06464516522 2.63544149202 -2.07694748837
277 257 0.283885970507 1.8546822973 -2.85770668308 -1.28691035629
278 237 -0.605686101434 0.965110225361 2.53590655216 -2.17648242823
279 249 -0.602977720353 0.967818606442 2.53861493324 -2.17377404715
280 272 -0.00624257433911 1.56455375246 3.13535007925 -1.57703890113
281 231 -0.596667283752 0.974129043043 2.54492536984 -2.16746361055
282 256 0.543439069452 2.11423539625 -2.59815358414 -1.02735725734
283 262 -0.751394964091 0.819401362703 2.3901976895 -2.32219129089
284 237 0.488268317743 2.05906464454 -2.65332433585 -1.08252800905
285 268 0.12967768679 1.70047401358 -3.0119149668 -1.44111864001
286 257 0.0318021214383 1.60259844823 -3.10979053215 -1.53899420536
287 251 -0.258594622756 1.31220170404 2.88299803083 -1.82939094955
288 276 0.279067228946 1.84986355574 -2.86252542464 -1.29172909785
289 253 0.0238292259207 1.59462555272 -3.11776342767 -1.54696710087
290 264 0.00612025414893 1.57691658094 -3.13547239944 -1.56467607265
291 249 -0.127783395923 1.44301293087 3.01380925767 -1.69857972272
292 272 -0.50479869163 1.06599763516 2.63679396196 -2.07559501843
293 245 -0.421887099348 1.14890922745 2.71970555424 -1.99268342614
294 255 0.298679606605 1.8694759334 -2.84291304699 -1.27211672019
295 278 -0.405381261699 1.1654150651 2.73621139189 -1.97617758849
296 266 -0.347851478621 1.22294484817 2.79374117497 -1.91864780542
297 277 -0.270944067716 1.29985225908 2.87064858587 -1.84174039451
298 250 0.161518122643 1.73231444944 -2.98007453095 -1.40927820415
299 275 -0.560324659545 1.01047166725 2.58126799404 -2.13112098634
300 262 -0.00434954821131 1.56644677858 3.13724310538 -1.57514587501
301 232 -0.179244173513 1.39155215328 2.96234848008 -1.75004050031
302 250 0.62472544609 2.19552177288 -2.5168672075 -0.946070880705
303 265 0.421004427326 1.99180075412 -2.72058822626 -1.14979189947
304 259 -0.0545355637146 1.51626076308 3.08705708988 -1.62533189051
305 266 0.269765314108 1.8405616409 -2.87182733948 -1.30103101269
306 271 -0.0219437180662 1.54885260873 3.11964893552 -1.59274004486
307 281 0.650906981666 2.22170330846 -2.49068567192 -0.919889345128
308 292 -0.49794468438 1.07285164241 2.64364796921 -2.06874101118
309 276 -0.579005793624 0.991790533171 2.56258685997 -2.14980212042
310 294 -0.739084221115 0.83171210568 2.40250843247 -2.30988054791
311 264 0.166974500107 1.7377708269 -2.97461815348 -1.40382182669
312 303 0.0351759843643 1.60597231116 -3.10641666923 -1.53562034243
313 279 -0.134536261 1.43626006579 3.00705639259 -1.7053325878
314 304 -0.246393618288 1.32440270851 2.8951990353 -1.81718994508
315 280 0.106284789299 1.67708111609 -3.03530786429 -1.4645115375
316 282 0.721755021283 2.29255134808 -2.41983763231 -0.849041305512
317 269 -0.342918976098 1.2278773507 2.79867367749 -1.91371530289
318 278 0.764204235809 2.3350005626 -2.37738841778 -0.806592090986
319 291 0.39658861761 1.96738494441 -2.74500403598 -1.17420770918
320 283 0.242287353579 1.81308368037 -2.89930530001 -1.32850897322
321 271 -0.544277793235 1.02651853356 2.59731486035 -2.11507412003
322 259 0.227098303686 1.79789463048 -2.9144943499 -1.34369802311
323 308 0.765782016472 2.33657834327 -2.37581063712 -0.805014310323
324 300 0.205355483553 1.77615181035 -2.93623717004 -1.36544084324
325 298 -0.676957489795 0.893838837 2.46463516379 -2.24775381659
326 295 -0.185708913055 1.38508741374 2.95588374053 -1.75650523985
327 269 -0.647609732768 0.923186594027 2.49398292082 -2.21840605956
328 282 0.168135345405 1.7389316722 -2.97345730818 -1.40266098139
329 291 -0.0386451952812 1.53215113151 3.10294745831 -1.60944152208
330 297 -0.130349515935 1.44044681086 3.01124313765 -1.70114584273
331 313 -0.191332629814 1.37946369698 2.95026002378 -1.76212895661
332 268 -0.027051420427 1.54374490637 3.11454123316 -1.59784774722
333 259 -0.421594467175 1.14920185962 2.71999818641 -1.99239079397
334 287 -0.135204973846 1.43559135295 3.00638767974 -1.70600130064
335 302 -0.697877504876 0.872918821919 2.44371514871 -2.26867383167
336 269 0.26202904944 1.83282537623 -2.87956360415 -1.30876727736
337 304 0.218133347696 1.78892967449 -2.92345930589 -1.3526629791
338 290 -0.141525558711 1.42927076808 3.00006709488 -1.71232188551
339 288 -0.452714651123 1.11808167567 2.68887800247 -2.02351097792
340 306 -0.631955751704 0.938840575091 2.50963690189 -2.2027520785
341 290 0.143070654041 1.71386698084 -2.99852199955 -1.42772567275
342 306 -0.00570204619173 1.5650942806 3.1358906074 -1.57649837299
343 313 0.192156484266 1.76295281106 -2.94943616932 -1.37863984253
344 312 0.443684626343 2.01448095314 -2.69790802725 -1.12711170045
345 308 0.164238524879 1.73503485167 -2.97735412871 -1.40655780192
346 299 -0.301491746174 1.26930458062 2.84010090742 -1.87228807297
347 296 0.141625146293 1.71242147309 -2.9999675073 -1.4291711805
348 287 -0.418586564796 1.152209762 2.72300608879 -1.98938289159
349 295 0.762129457276 2.33292578407 -2.37946319631 -0.808666869518
350 296 0.400012769872 1.97080909667 -2.74157988372 -1.17078355692
351 319 0.451702531155 2.02249885795 -2.68989012243 -1.11909379564
352 310 0.382425160827 1.95322148762 -2.75916749276 -1.18837116597
353 325 -0.611439293688 0.959357033107 2.5301533599 -2.18223562048
354 314 -0.715947867878 0.854848458917 2.42564478571 -2.28674419467
355 320 0.0375832894198 1.60837961621 -3.10400936417 -1.53321303738
356 323 -0.556395627008 1.01440069979 2.58519702658 -2.1271919538
357 344 -0.219551917737 1.35124440906 2.92204073585 -1.79034824453
358 344 -0.233563646292 1.3372326805 2.9080290073 -1.80435997309
359 326 0.573869832067 2.14466615886 -2.56772282152 -0.996926494728
360 319 -0.117058033495 1.4537382933 3.02453462009 -1.68785436029
361 319 0.171173159269 1.74196948606 -2.97041949432 -1.39962316753
362 326 0.00315607896253 1.57395240576 -3.13843657463 -1.56764024783
363 352 -0.360680857456 1.21011546934 2.78091179613 -1.93147718425
364 317 0.133330152128 1.70412647892 -3.00826250146 -1.43746617467
365 310 -0.342285284407 1.22851104239 2.79930736918 -1.9130816112
366 363 -0.0818132578457 1.48898306895 3.05977939574 -1.65260958464
367 340 -0.554084170993 1.0167121558 2.5875084826 -2.12488049779
368 353 0.618416426429 2.18921275322 -2.52317622716 -0.952379900366
369 322 0.074287538988 1.64508386578 -3.0673051146 -1.49650878781
370 334 0.012132976139 1.58292930293 -3.12945967745 -1.55866335066
371 359 0.207940123708 1.7787364505 -2.93365252988 -1.36285620309
372 347 0.150540343433 1.72133667023 -2.99105231016 -1.42025598336
373 352 0.0741848480898 1.64498117488 -3.0674078055 -1.49661147871
374 314 0.0490048201728 1.61980114697 -3.09258783342 -1.52179150662
375 355 0.222428220327 1.79322454712 -2.91916443326 -1.34836810647
376 340 -0.0255336722272 1.54526265457 3.11605898136 -1.59632999902
377 331 0.395424874304 1.9662212011 -2.74616777929 -1.17537145249
378 367 -0.716801219266 0.853995107529 2.42479143432 -2.28759754606
379 363 0.785184023011 2.35598034981 -2.35640863058 -0.785612303784
380 358 -0.249537966236 1.32125836056 2.89205468735 -1.82033429303
381 337 -0.0890494123089 1.48174691449 3.05254324128 -1.6598457391
382 345 -0.391770813858 1.17902551294 2.74982183973 -1.96256714065
383 330 -0.132076644724 1.43871968207 3.00951600887 -1.70287297152
384 357 0.00324341288831 1.57403973968 -3.1383492407 -1.56755291391
385 323 -0.391056069326 1.17974025747 2.75053658426 -1.96185239612
386 370 0.247449583372 1.81824591017 -2.89414307022 -1.32334674342
387 382 -0.63808785432 0.932708472475 2.50350479927 -2.20888418112
388 354 -0.605097740334 0.965698586461 2.53649491326 -2.17589406713
389 348 -0.0808552566857 1.48994107011 3.0607373969 -1.65165158348
390 338 0.29710276837 1.86789909517 -2.84448988522 -1.27369355842
391 368 0.243019237864 1.81381556466 -2.89857341573 -1.32777708893
392 364 0.546406439681 2.11720276648 -2.59518621391 -1.02438988711
393 357 -0.380099607877 1.19069671892 2.76149304571 -1.95089593467
394 365 0.105674343961 1.67647067076 -3.03591830963 -1.46512198283
395 331 -0.29399666525 1.27679966154 2.84759598834 -1.86479299205
396 324 0.0215164479078 1.5923127747 -3.12007620568 -1.54927987889
397 366 -0.442456612452 1.12833971434 2.69913604114 -2.01325293925
398 384 -0.648933207192 0.921863119603 2.4926594464 -2.21972953399
399 314 -0.309274652915 1.26152167388 2.83231800067 -1.88007097971
400 376 0.622586381745 2.19338270854 -2.51900627184 -0.94820994505
401 360 0.0611289921493 1.63192531894 -3.08046366144 -1.50966733465
402 376 -0.7813219756 0.789474351194 2.36027067799 -2.3521183024
403 366 0.520305393773 2.09110172057 -2.62128725982 -1.05049093302
404 361 0.165130196202 1.735926523 -2.97646245739 -1.40566613059
405 351 0.457781246198 2.02857757299 -2.68381140739 -1.1130150806
406 376 -0.154002987429 1.41679333937 2.98758966616 -1.72479931422
407 358 -0.710996677509 0.859799649286 2.43059597608 -2.2817930043
408 329 0.100046150033 1.67084247683 -3.04154650356 -1.47075017676
409 414 -0.588694171652 0.982102155143 2.55289848194 -2.15949049845
410 382 0.596800531429 2.16759685822 -2.54479212216 -0.973995795366
411 414 0.360400314444 1.93119664124 -2.78119233915 -1.21039601235
412 369 0.122872095791 1.69366842259 -3.0187205578 -1.447924231
413 364 0.090377932125 1.66117425892 -3.05121472146 -1.48041839467
414 409 0.0635759965824 1.63437232338 -3.07801665701 -1.50722033021
415 409 -0.445933913273 1.12486241352 2.69565874032 -2.01673024007
416 404 -0.489103074962 1.08169325183 2.65248957863 -2.05989940176
417 414 -0.750588425215 0.82020790158 2.39100422838 -2.32138475201
418 378 -0.195221204196 1.3755751226 2.94637144939 -1.76601753099
419 409 -0.205397583069 1.36539874373 2.93619507052 -1.77619390986
420 391 -0.534701577764 1.03609474903 2.60689107583 -2.10549790456
421 374 -0.709897149165 0.86089917763 2.43169550442 -2.28069347596
422 398 -0.422465588995 1.1483307378 2.7191270646 -1.99326191579
423 370 -0.353641793465 1.21715453333 2.78795086012 -1.92443812026
424 425 -0.242620067401 1.32817625939 2.89897258619 -1.8134163942
425 424 -0.151520927094 1.4192753997 2.9900717265 -1.72231725389
426 411 -0.590774976124 0.98002135067 2.55081767747 -2.16157130292
427 381 -0.593656733257 0.977139593538 2.54793592033 -2.16445306005
428 424 -0.459401363061 1.11139496373 2.68219129053 -2.03019768986
429 394 0.573382228103 2.1441785549 -2.56821042549 -0.997414098692
430 387 0.418587511987 1.98938383878 -2.7230051416 -1.15220881481
431 375 -0.0615208092113 1.50927551758 3.08007184438 -1.63231713601
432 380 -0.508588937999 1.0622073888 2.63300371559 -2.07938526479
433 414 0.523823179456 2.09461950625 -2.61776947413 -1.04697314734
434 402 -0.231091686587 1.33970464021 2.910500967 -1.80188801338
435 418 0.60258114478 2.17337747158 -2.53901150881 -0.968215182014
436 415 -0.102829349595 1.4679669772 3.038763304 -1.67362567639
437 411 -0.0536895372824 1.51710678951 3.08790311631 -1.62448586408
438 375 0.568115538087 2.13891186488 -2.5734771155 -1.00268078871
439 424 -0.100934493209 1.46986183359 3.04065816038 -1.67173082
440 409 0.621887495292 2.19268382209 -2.5197051583 -0.948908831502
441 424 0.29008936948 1.86088569627 -2.85150328411 -1.28070695732
442 386 -0.265606520314 1.30518980648 2.87598613328 -1.83640284711
443 433 -0.339433990008 1.23136233679 2.80215866358 -1.9102303168
444 411 0.00508521344847 1.57588154024 -3.13650744014 -1.56571111335
445 377 -0.164294057172 1.40650226962 2.97729859642 -1.73509038397
446 424 -0.740204186246 0.830592140549 2.40138846734 -2.31100051304
447 377 0.226204624375 1.79700095117 -2.91538802921 -1.34459170242
448 392 0.491204683588 2.06200101038 -2.65038797 -1.07959164321
449 409 0.262164205213 1.83296053201 -2.87942844838 -1.30863212158
450 417 0.0770833787247 1.64787970552 -3.06450927487 -1.49371294807
451 380 -0.107355326304 1.46344100049 3.03423732729 -1.6781516531
452 381 0.286479325515 1.85727565231 -2.85511332808 -1.28431700128
453 441 0.622084194168 2.19288052096 -2.51950845942 -0.948712132627
454 424 -0.730902884282 0.839893442513 2.41068976931 -2.30169921108
455 436 0.546074504412 2.11687083121 -2.59551814918 -1.02472182238
456 383 0.178727267564 1.74952359436 -2.96286538603 -1.39206905923
457 428 -0.421463537609 1.14933278919 2.72012911598 -1.9922598644
458 425 0.0207340813618 1.59153040816 -3.12085857223 -1.55006224543
459 428 -0.740742833156 0.830053493639 2.40084982043 -2.31153915995
460 416 0.246725078931 1.81752140573 -2.89486757466 -1.32407124786
461 410 0.172438656532 1.74323498333 -2.96915399706 -1.39835767026
462 383 -0.453353883891 1.1174424429 2.6882387697 -2.02415021069
463 438 -0.687335958704 0.883460368091 2.45425669489 -2.2581322855
464 397 0.190017950407 1.7608142772 -2.95157470318 -1.38077837639
465 446 0.650766738654 2.22156306545 -2.49082591494 -0.920029588141
466 424 -0.424599058332 1.14619726846 2.71699359526 -1.99539538513
467 440 -0.203112778977 1.36768354782 2.93847987461 -1.77390910577
468 425 0.234580861777 1.80537718857 -2.90701179181 -1.33621546502
469 439 -0.351085878347 1.21971044845 2.79050677524 -1.92188220514
470 441 -0.0269165815471 1.54387974525 3.11467607204 -1.59771290834
471 423 -0.470026972455 1.10076935434 2.67156568113 -2.04082329925
472 419 0.246077895831 1.81687422263 -2.89551475776 -1.32471843096
473 426 0.143320216255 1.71411654305 -2.99827243733 -1.42747611054
474 432 -0.0473272982572 1.52346902854 3.09426535533 -1.61812362505
475 451 -0.0991033014536 1.47169302534 3.04248935214 -1.66989962825
476 446 0.0912744612751 1.66207078807 -3.05031819231 -1.47952186552
477 398 0.738704920245 2.30950124704 -2.40288773334 -0.83209140655
478 439 -0.232298892082 1.33849743471 2.90929376151 -1.80309521888
479 429 -0.268358225938 1.30243810086 2.87323442765 -1.83915455273
480 475 0.741880533379 2.31267686017 -2.39971212021 -0.828915793416
481 444 -0.743940281646 0.826856045149 2.39765237194 -2.31473660844
482 474 0.276630092563 1.84742641936 -2.86496256103 -1.29416623423
483 419 -0.0800829019391 1.49071342486 3.06150975165 -1.65087922873
484 432 0.396484104667 1.96728043146 -2.74510854892 -1.17431222213
485 435 0.665394277788 2.23619060458 -2.4761983758 -0.905402049007
486 429 0.193247790253 1.76404411705 -2.94834486334 -1.37754853654
487 457 -0.760179607159 0.810616719636 2.38141304643 -2.33097593395
488 473 0.49265903732 2.06345536412 -2.64893361627 -1.07813728947
489 475 -0.673912292779 0.896884034016 2.46768036081 -2.24470861957
490 456 -0.597476202687 0.973320124108 2.5441164509 -2.16827252948
491 453 -0.433289006314 1.13750732048 2.70830364728 -2.00408533311
492 381 -0.107245045745 1.46355128105 3.03434760784 -1.67804137254
493 453 0.362660252451 1.93345657925 -2.77893240114 -1.20813607434
494 440 -0.583715602641 0.987080724154 2.55787705095 -2.15451192944
495 472 -0.115626901169 1.45516942563 3.02596575242 -1.68642322796
496 458 -0.714675714826 0.856120611969 2.42691693876 -2.28547204162
497 401 0.00576438063811 1.57656070743 -3.13582827295 -1.56503194616
498 412 0.0187283647337 1.58952469153 -3.12286428886 -1.55206796206
499 443 0.77843394304 2.34923026983 -2.36315871055 -0.792362383755
500 406 -0.696479188427 0.874317138368 2.44511346516 -2.26727551522
501 465 -0.0428666339591 1.52792969284 3.09872601963 -1.61366296075
502 474 -0.756928238604 0.813868088191 2.38466441499 -2.3277245654
503 461 0.708279698538 2.27907602533 -2.43331295505 -0.862516628257
504 406 -0.00787970873791 1.56291661806 3.13371294485 -1.57867603553
505 471 -0.567953147743 1.00284317905 2.57363950585 -2.13874947454
506 440 0.443540640758 2.01433696755 -2.69805201283 -1.12725568604
507 480 -0.0477137001377 1.52308262666 3.09387895345 -1.61851002693
508 434 0.490709200512 2.06150552731 -2.65088345308 -1.08008712628
509 500 -0.150539892021 1.42025643477 2.99105276157 -1.72133621882
510 475 -0.24600511305 1.32479121374 2.89558754054 -1.81680143985
511 481 0.508951287534 2.07974761433 -2.63264136606 -1.06184503926
512 469 -0.728340040712 0.842456286083 2.41325261288 -2.29913636751
513 416 -0.51312833083 1.05766799596 2.62846432276 -2.08392465763
514 465 0.728366937113 2.29916326391 -2.41322571648 -0.842429389682
515 488 0.0932557498156 1.66405207661 -3.04833690377 -1.47754057698
516 434 0.183067171201 1.753863498 -2.95852548239 -1.38772915559
517 503 -0.183264690746 1.38753163605 2.95832796284 -1.75406101754
518 463 0.764929908247 2.33572623504 -2.37666274534 -0.805866418548
519 510 -0.00871760467741 1.56207872212 3.13287504891 -1.57951393147
520 485 0.608479041433 2.17927536823 -2.53311361216 -0.962317285362
521 460 -0.61927809255 0.951518234245 2.52231456104 -2.19007441934
522 502 0.444980243514 2.01577657031 -2.69661241008 -1.12581608328
523 492 -0.514185152327 1.05661117447 2.62740750126 -2.08498147912
524 498 0.765223342116 2.33601966891 -2.37636931147 -0.805572984679
525 404 0.528304915237 2.09910124203 -2.61328773835 -1.04249141156
526 491 -0.0166896959843 1.55410663081 3.12490295761 -1.58748602278
527 485 -0.683157008029 0.887639318766 2.45843564556 -2.25395333482
528 502 -0.0546423615141 1.51615396528 3.08695029208 -1.62543868831
529 504 -0.111420039288 1.45937628751 3.0301726143 -1.68221636608
530 501 0.606835850368 2.17763217716 -2.53475680322 -0.963960476427
531 507 -0.291640355726 1.27915597107 2.84995229786 -1.86243668252
532 480 0.309294942871 1.88009126967 -2.83229771072 -1.26150138392
533 492 -0.770899945193 0.799896381602 2.3706927084 -2.34169627199
534 495 0.358621200118 1.92941752691 -2.78297145347 -1.21217512668
535 491 0.158291750766 1.72908807756 -2.98330090282 -1.41250457603
536 497 -0.0257391305503 1.54505719624 3.11585352304 -1.59653545735
537 519 -0.727325177885 0.84347114891 2.41426747571 -2.29812150468
538 512 0.0144133431691 1.58520966996 -3.12717931042 -1.55638298363
539 500 0.139123658427 1.70991998522 -3.00246899516 -1.43167266837
540 459 -0.621299848278 0.949496478516 2.52029280531 -2.19209617507
541 496 -0.460915988513 1.10988033828 2.68067666508 -2.03171231531
542 534 0.305172013056 1.87596833985 -2.83642064053 -1.26562431374
543 527 -0.372210547905 1.19858577889 2.76938210569 -1.9430068747
544 513 0.313810615621 1.88460694242 -2.82778203797 -1.25698571117
545 485 -0.0714643115676 1.49933201523 3.07012834202 -1.64226063836
546 511 -0.0382917033457 1.53250462345 3.10330095024 -1.60908803014
547 467 -0.453139583518 1.11765674328 2.68845307007 -2.02393591031
548 483 -0.095305309416 1.47549101738 3.04628734417 -1.66610163621
549 518 0.0869925106996 1.65778883749 -3.05460014289 -1.4838038161
550 522 0.689637681504 2.2604340083 -2.45195497209 -0.881158645291
551 524 -0.462380172973 1.10841615382 2.67921248062 -2.03317649977
552 523 -0.725582021708 0.845214305086 2.41601063188 -2.2963783485
553 515 0.515571228235 2.08636755503 -2.62602142535 -1.05522509856
554 404 0.0903434669534 1.66113979375 -3.05124918664 -1.48045285984
555 530 -0.528327258133 1.04246906866 2.61326539546 -2.09912358493
556 467 0.38647089535 1.95726722214 -2.75512175824 -1.18432543144
557 570 -0.17652665645 1.39426967035 2.96506599714 -1.74732298324
558 528 0.360553700016 1.93135002681 -2.78103895357 -1.21024262678
559 539 -0.387540381341 1.18325594545 2.75405227225 -1.95833670814
560 517 0.759611904798 2.33040823159 -2.38198074879 -0.811184421997
561 526 0.640973003611 2.21176933041 -2.50061964998 -0.929823323183
562 527 0.164946701892 1.73574302869 -2.9766459517 -1.4058496249
563 531 0.610595485413 2.18139181221 -2.53099716818 -0.960200841382
564 526 -0.398012932716 1.17278339408 2.74357972087 -1.96880925951
565 530 -0.3399401667 1.2308561601 2.80165248689 -1.91073649349
566 511 0.719985286547 2.29078161334 -2.42160736704 -0.850811040248
567 523 0.339361867252 1.91015819405 -2.80223078634 -1.23143445954
568 537 -0.516251341228 1.05454498557 2.62534131236 -2.08704766802
569 536 -0.212715264096 1.3580810627 2.92887738949 -1.78351159089
570 538 0.178611423992 1.74940775079 -2.9629812296 -1.3921849028
571 487 -0.468461144642 1.10233518215 2.67313150895 -2.03925747144
572 538 -0.653449203166 0.917347123629 2.48814345042 -2.22424552996
573 515 0.146543274438 1.71733960123 -2.99504937915 -1.42425305236
574 545 -0.504366164714 1.06643016208 2.63722648888 -2.07516249151
575 529 0.18801580999 1.75881213679 -2.9535768436 -1.3827805168
576 552 0.422353696015 1.99315002281 -2.71923895757 -1.14844263078
577 562 -0.506703340929 1.06409298587 2.63488931266 -2.07749966772
578 563 -0.00967307003055 1.56112325676 3.13191958356 -1.58046939683
579 527 0.710474539015 2.28127086581 -2.43111811457 -0.86032178778
580 567 0.255472006976 1.82626833377 -2.88612064661 -1.31532431982
581 534 0.518192279182 2.08898860598 -2.62340037441 -1.05260404761
582 554 0.497139525967 2.06793585276 -2.64445312762 -1.07365680083
583 537 0.0338259028014 1.6046222296 -3.10776675079 -1.53697042399
584 525 0.287122890511 1.85791921731 -2.85446976308 -1.28367343628
585 546 0.535888114494 2.10668444129 -2.6057045391 -1.0349082123
586 591 -0.127099468467 1.44369685833 3.01449318512 -1.69789579526
587 555 -0.157564295579 1.41323203122 2.98402835801 -1.72836062237
588 551 -0.303157161635 1.26763916516 2.83843549195 -1.87395348843
589 538 -0.269979244152 1.30081708264 2.87161340944 -1.84077557095
590 569 -0.0867143132919 1.4840820135 3.0548783403 -1.65751064009
591 543 0.415820995446 1.98661732224 -2.72577165814 -1.15497533135
592 558 0.334941235393 1.90573756219 -2.8066514182 -1.2358550914
593 528 -0.753248111336 0.817548215458 2.38834454225 -2.32404443813
594 552 -0.100203672343 1.47059265445 3.04138898125 -1.67099999914
595 575 0.414188166102 1.9849844929 -2.72740448749 -1.15660816069
596 568 -0.203796663021 1.36699966377 2.93779599057 -1.77459298982
597 544 0.279298688026 1.85009501482 -2.86229396556 -1.29149763877
598 549 0.0370369025821 1.60783322938 -3.10455575101 -1.53375942421
599 578 0.456405908866 2.02720223566 -2.68518674472 -1.11439041793
600 536 0.409659632974 1.98045595977 -2.73193302062 -1.16113669382
601 534 0.239583147134 1.81037947393 -2.90200950646 -1.33121317966
602 534 0.0765234463032 1.6473197731 -3.06506920729 -1.49427288049
603 553 0.0538535263095 1.6246498531 -3.08773912728 -1.51694280049
604 550 -0.318607798012 1.25218852878 2.82298485558 -1.88940412481
605 574 -0.672828052082 0.897968274713 2.46876460151 -2.24362437888
606 577 0.0184387208628 1.58923504766 -3.12315393273 -1.55235760593
607 590 -0.0952442163622 1.47555211043 3.04634843723 -1.66604054316
608 556 0.346486688995 1.91728301579 -2.79510596459 -1.2243096378
609 542 0.325543916224 1.89634024302 -2.81604873737 -1.24525241057
610 562 -0.00229073366247 1.56850559313 3.13930191993 -1.57308706046
611 592 0.193690555963 1.76448688276 -2.94790209763 -1.37710577083
612 581 0.243369588392 1.81416591519 -2.8982230652 -1.3274267384
613 558 -0.399984102166 1.17081222463 2.74160855142 -1.97078042896
614 555 0.363783400863 1.93457972766 -2.77780925273 -1.20701292593
615 561 -0.17541543536 1.39538089144 2.96617721823 -1.74621176215
616 561 -0.690057285703 0.880739041092 2.45153536789 -2.2608536125
617 588 0.359530204165 1.93032653096 -2.78206244942 -1.21126612263
618 572 -0.319073685993 1.2517226408 2.8225189676 -1.88987001279
619 566 0.316580579368 1.88737690616 -2.82501207422 -1.25421574743
620 585 0.451172568671 2.02196889547 -2.69042008492 -1.11962375812
621 566 0.416054060451 1.98685038725 -2.72553859314 -1.15474226634
622 592 -0.407791693207 1.16300463359 2.73380096038 -1.97858802
623 593 -0.0322390249681 1.53855730183 3.10935362862 -1.60303535176
624 590 -0.210591014904 1.36020531189 2.93100163869 -1.7813873417
625 576 -0.0903010897756 1.48049523702 3.05129156381 -1.66109741657
626 608 0.0100999913028 1.5808963181 -3.13149266229 -1.56069633549
627 557 -0.551387913768 1.01940841303 2.59020473982 -2.12218424056
628 596 -0.425459205455 1.14533712134 2.71613344814 -1.99625553225
629 553 0.563042331288 2.13383865808 -2.5785503223 -1.00775399551
630 603 0.064927542865 1.63572386966 -3.07666511072 -1.50586878393
631 597 0.0981799051557 1.66897623195 -3.04341274843 -1.47261642164
632 574 0.0777058476002 1.6485021744 -3.06388680599 -1.49309047919
633 582 -0.0316412867485 1.53915504005 3.10995136684 -1.60243761354
634 580 0.10047893291 1.6712752597 -3.04111372068 -1.47031739389
635 619 0.40336030594 1.97415663273 -2.73823234765 -1.16743602086
636 584 0.283474474558 1.85427080135 -2.85811817903 -1.28732185224
637 615 0.67350612149 2.24430244829 -2.4680865321 -0.897290205305
638 594 -0.0763326518051 1.49446367499 3.06526000178 -1.6471289786
639 590 0.570698187469 2.14149451426 -2.57089446612 -1.00009813933
640 555 -0.588401042637 0.982395284158 2.55319161095 -2.15919736943
641 601 -0.194795978055 1.37600034874 2.94679667553 -1.76559230485
642 623 0.0813330622645 1.65212938906 -3.06025959133 -1.48946326453
643 618 -0.0995909048273 1.47120542197 3.04200174876 -1.67038723162
644 620 -0.00612455831358 1.56467176848 3.13546809528 -1.57692088511
645 605 -0.229803655118 1.34099267168 2.91178899847 -1.80059998191
646 587 -0.629024257602 0.941772069193 2.51256839599 -2.1998205844
647 617 0.0262387857942 1.59703511259 -3.1153538678 -1.544557541
648 581 -0.0402804734331 1.53051585336 3.10131218016 -1.61107680023
649 629 -0.0813791464862 1.48941718031 3.0602135071 -1.65217547328
650 601 0.221513847431 1.79231017423 -2.92007880616 -1.34928247936
651 615 -0.460588214079 1.11020811272 2.68100443951 -2.03138454087
652 581 0.385837894092 1.95663422089 -2.7557547595 -1.1849584327
653 611 -0.147054129545 1.42374219725 2.99453852404 -1.71785045634
654 618 -0.335167815598 1.2356285112 2.80642483799 -1.90596414239
655 631 0.0887696464602 1.65956597326 -3.05282300713 -1.48202668033
656 626 0.23423760162 1.80503392842 -2.90735505197 -1.33655872517
657 586 -0.144424029894 1.4263722969 2.9971686237 -1.71522035669
658 622 -0.321905129565 1.24889119723 2.81968752402 -1.89270145636
659 635 -0.187794373885 1.38300195291 2.9537982797 -1.75859070068
660 589 -0.326904436492 1.2438918903 2.8146882171 -1.89770076329
661 616 -0.75043629586 0.820360030935 2.39115635773 -2.32123262265
662 597 0.652271629064 2.22306795586 -2.48932102453 -0.918524697731
663 611 0.465643654931 2.03643998173 -2.67594899866 -1.10515267186
664 625 0.029692572721 1.60048889952 -3.11190008087 -1.54110375407
665 605 0.134914103634 1.70571043043 -3.00667854996 -1.43588222316
666 632 0.0058773971667 1.57667372396 -3.13571525642 -1.56491892963
667 653 0.00135150474426 1.57214783154 -3.14024114885 -1.56944482205
668 590 -0.114050930335 1.45674539646 3.02754172325 -1.68484725713
669 586 -0.0374262362111 1.53337009058 3.10416641738 -1.60822256301
670 633 0.218537439156 1.78933376595 -2.92305521443 -1.35225888764
671 612 -0.0399453075456 1.53085101925 3.10164734604 -1.61074163434
672 606 0.606547205002 2.1773435318 -2.53504544859 -0.964249121793
673 614 -0.383149869293 1.1876464575 2.7584427843 -1.95394619609
674 586 0.128044618759 1.69884094555 -3.01354803483 -1.44275170804
675 619 -0.756086235683 0.814710091112 2.38550641791 -2.32688256248
676 639 0.319295823089 1.89009214988 -2.8222968305 -1.25150050371
677 614 -0.624234991102 0.946561335693 2.51735766249 -2.1950313179
678 644 0.234084674472 1.80488100127 -2.90750797912 -1.33671165232
679 628 0.145831013809 1.7166273406 -2.99576163978 -1.42496531299
680 590 0.434797428957 2.00559375575 -2.70679522463 -1.13599889784
681 640 0.740066140793 2.31086246759 -2.4015265128 -0.830730186002
682 649 0.179994009813 1.75079033661 -2.96159864378 -1.39080231698
683 606 0.0359942222266 1.60679054902 -3.10559843136 -1.53480210457
684 630 -0.265633627185 1.30516269961 2.8759590264 -1.83642995398
685 637 -0.525620575636 1.04517575116 2.61597207795 -2.09641690243
686 631 -0.363467467817 1.20732885898 2.77812518577 -1.93426379461
687 639 -0.336095566815 1.23470075998 2.80549708677 -1.90689189361
688 634 -0.112206207782 1.45859011901 3.02938644581 -1.68300253458
689 654 -0.0740439499005 1.49675237689 3.06754870369 -1.6448402767
690 670 0.0916089719224 1.66240529872 -3.04998368167 -1.47918735487
691 641 0.543173594354 2.11396992115 -2.59841905924 -1.02762273244
692 661 -0.192837023178 1.37795930362 2.94875563041 -1.76363334997
693 638 0.0711937038621 1.64199003066 -3.07039894973 -1.49960262293
694 640 -0.412512485489 1.15828384131 2.7290801681 -1.98330881228
695 655 -0.42071114663 1.15008518016 2.72088150696 -1.99150747343
696 651 -0.123509874578 1.44728645222 3.01808277901 -1.69430620137
697 685 0.204811819569 1.77560814636 -2.93678083402 -1.36598450723
698 649 -0.448153843221 1.12264248357 2.69343881037 -2.01895017002
699 667 -0.391648336322 1.17914799047 2.74994431727 -1.96244466312
700 659 0.221957736673 1.79275406347 -2.91963491692 -1.34883859012
701 633 -0.306979517345 1.26381680945 2.83461313624 -1.87777584414
702 650 0.508166505994 2.07896283279 -2.6334261476 -1.0626298208
703 660 -0.183139474198 1.3876568526 2.95845317939 -1.75393580099
704 635 0.543080484193 2.11387681099 -2.5985121694 -1.0277158426
705 612 0.278220058857 1.84901638565 -2.86337259473 -1.29257626794
706 642 -0.296540347792 1.274255979 2.8450523058 -1.86733667459
707 666 -0.468833575268 1.10196275153 2.67275907832 -2.03962990206
708 668 -0.00990233988612 1.56089398691 3.1316903137 -1.58069866668
709 654 0.274222460281 1.84501878708 -2.86737019331 -1.29657386651
710 699 0.688880094155 2.25967642095 -2.45271255943 -0.88191623264
711 676 -0.105548191793 1.465248135 3.0360444618 -1.67634451859
712 691 0.380900715801 1.9516970426 -2.76069193779 -1.18989561099
713 642 0.578064141554 2.14886046835 -2.56352851204 -0.992732185241
714 694 0.142643652085 1.71343997888 -2.99894900151 -1.42815267471
715 692 -0.488954418281 1.08184190851 2.65263823531 -2.05975074508
716 655 -0.353707603278 1.21708872352 2.78788505031 -1.92450393007
717 649 0.0188588103856 1.58965513718 -3.1227338432 -1.55193751641
718 640 -0.612507975423 0.958288351372 2.52908467817 -2.18330430222
719 647 0.6971606968 2.2679570236 -2.44443195679 -0.873635629995
720 674 -0.151291084914 1.41950524188 2.99030156868 -1.72208741171
721 666 0.314734779586 1.88553110638 -2.826857874 -1.25606154721
722 700 0.388683887458 1.95948021425 -2.75290876613 -1.18211243934
723 678 0.204918480208 1.775714807 -2.93667417338 -1.36587784659
724 635 -0.404211860539 1.16658446626 2.73738079305 -1.97500818733
725 717 0.435802175955 2.00659850275 -2.70579047763 -1.13499415084
726 661 0.714975173534 2.28577150033 -2.42661748006 -0.855821153261
727 692 -0.136237223257 1.43455910354 3.00535543033 -1.70703355005
728 647 0.249396019718 1.82019234651 -2.89219663387 -1.32140030708
729 645 0.0762710456158 1.64706737241 -3.06532160797 -1.49452528118
730 663 0.136604356782 1.70740068358 -3.00498829681 -1.43419197001
731 672 -0.245499809812 1.32529651698 2.89609284378 -1.81629613661
732 687 -0.0387948599656 1.53200146683 3.10279779362 -1.60959118676
733 699 -0.606013382811 0.964782943984 2.53557927078 -2.17680970961
734 715 0.484637703504 2.0554340303 -2.65695495009 -1.08615862329
735 711 0.208353050469 1.77914937726 -2.93323960312 -1.36244327633
736 697 -0.475531671707 1.09526465509 2.66606098188 -2.0463279985
737 700 -0.187548220215 1.38324810658 2.95404443338 -1.75834454701
738 711 -0.250977734249 1.31981859255 2.89061491934 -1.82177406104
739 702 -0.585522127491 0.985274199304 2.5560705261 -2.15631845429
740 695 -0.130050346598 1.4407459802 3.01154230699 -1.70084667339
741 684 -0.392745809605 1.17805051719 2.74884684399 -1.9635421364
742 701 0.21059752766 1.78139385445 -2.93099512593 -1.36019879914
743 695 -0.513613623177 1.05718270362 2.62797903041 -2.08440994997
744 706 0.47567741045 2.04647373724 -2.66591524314 -1.09511891635
745 657 0.0261266765185 1.59692300331 -3.11546597707 -1.54466965028
746 664 0.00828507966324 1.57908140646 -3.13330757393 -1.56251124713
747 708 -0.090676901331 1.48011942546 3.05091575226 -1.66147322813
748 734 -0.394755673037 1.17604065376 2.74683698055 -1.96555199983
749 689 -0.419210701668 1.15158562513 2.72238195192 -1.99000702846
750 689 0.0473306271951 1.61812695399 -3.09426202639 -1.5234656996
751 682 -0.418405172913 1.15239115388 2.72318748068 -1.98920149971
752 694 -0.665849398491 0.904946928304 2.4757432551 -2.23664572529
753 669 0.0845381881752 1.65533451497 -3.05705446541 -1.48625813862
754 681 -0.480364312685 1.09043201411 2.6612283409 -2.05116063948
755 712 0.0683253969914 1.63912172379 -3.0732672566 -1.5024709298
756 697 -0.284864734913 1.28593159188 2.85672791868 -1.85566106171
757 690 0.0798655487725 1.65066187557 -3.06172710482 -1.49093077802
758 664 0.183217649621 1.75401397642 -2.95837500397 -1.38757867717
759 710 -0.372950902496 1.1978454243 2.76864175109 -1.94374722929
760 714 -0.624936238284 0.945860088511 2.51665641531 -2.19573256508
761 682 -0.062320231027 1.50847609577 3.07927242256 -1.63311655782
762 680 -0.0967798034473 1.47401652335 3.04481285014 -1.66757613024
763 702 0.227047447457 1.79784377425 -2.91454520613 -1.34374887934
764 703 -0.134817953424 1.43597837337 3.00677470017 -1.70561428022
765 720 0.0833040224345 1.65410034923 -3.05828863116 -1.48749230436
766 702 0.588354409399 2.15915073619 -2.55323824419 -0.982441917396
767 726 -0.603641860538 0.967154466257 2.53795079305 -2.17443818733
768 730 0.446546755887 2.01734308268 -2.6950458977 -1.12424957091
769 715 -0.360194359846 1.21060196695 2.78139829374 -1.93099068664
770 693 0.127647697925 1.69844402472 -3.01394495566 -1.44314862887
771 719 0.146269596783 1.71706592358 -2.99532305681 -1.42452673001
772 707 0.521844407918 2.09264073471 -2.61974824567 -1.04895191888
773 733 0.58351079893 2.15430712573 -2.55808185466 -0.987285527865
774 749 0.126563143297 1.69735947009 -3.01502951029 -1.4442331835
775 719 -0.16695411024 1.40384221655 2.97463854335 -1.73775043703
776 728 0.258969862873 1.82976618967 -2.88262279072 -1.31182646392
777 729 0.659240029407 2.2300363562 -2.48235262418 -0.911556297388
778 722 0.127212922912 1.69800924971 -3.01437973068 -1.44358340388
779 682 0.3571911194 1.92798744619 -2.78440153419 -1.21360520739
780 714 0.57162284216 2.14241916896 -2.56996981143 -0.999173484635
781 742 0.602810058496 2.17360638529 -2.53878259509 -0.967986268299
782 727 -0.31843340935 1.25236291744 2.82315924424 -1.88922973615
783 725 0.369343734676 1.94014006147 -2.77224891891 -1.20145259212
784 763 -0.513369616755 1.05742671004 2.62822303683 -2.08416594355
785 722 0.576041723693 2.14683805049 -2.5655509299 -0.994754603102
786 769 -0.742288724954 0.828507601841 2.39930392864 -2.31308505175
787 735 -0.65749931658 0.913297010215 2.48409333701 -2.22829564338
788 757 0.174779172023 1.74557549882 -2.96681348157 -1.39601715477
789 742 0.11539808293 1.68619440973 -3.02619457066 -1.45539824386
790 724 0.10006186212 1.67085818892 -3.04153079147 -1.47073446467
791 751 -0.684999283349 0.885797043446 2.45659337024 -2.25579561014
792 725 -0.680679292159 0.890117034636 2.46091336143 -2.25147561895
793 710 0.270178304086 1.84097463088 -2.8714143495 -1.30061802271
794 735 0.744607868704 2.3154041955 -2.39698478489 -0.82618845809
795 733 -0.222009292829 1.34878703397 2.91958336076 -1.79280561962
796 761 0.624399638504 2.1951959653 -2.51719301509 -0.946396688291
797 728 -0.133164417433 1.43763190936 3.00842823616 -1.70396074423
798 748 -0.0682765900895 1.50251973671 3.0733160635 -1.63907291688
799 729 0.316746702247 1.88754302904 -2.82484595134 -1.25404962455
800 781 -0.735997618072 0.834798708723 2.40559503552 -2.30679394487
801 749 -0.752542528787 0.818253798008 2.3890501248 -2.32333885558
802 745 -0.162054983966 1.40874134283 2.97953766962 -1.73285131076
803 759 0.208833938026 1.77963026482 -2.93275871556 -1.36196238877
804 782 -0.599759165216 0.971037161579 2.54183348837 -2.17055549201
805 746 0.383302763431 1.95409909023 -2.75828989016 -1.18749356336
806 791 -0.255937397247 1.31485892955 2.88565525634 -1.82673372404
807 743 -0.57559982992 0.995196496875 2.56599282367 -2.14639615671
808 783 0.197343110517 1.76813943731 -2.94424954307 -1.37345321628
809 762 0.177894348576 1.74869067537 -2.96369830501 -1.39290197822
810 740 -0.332483257608 1.23831306919 2.80910939598 -1.9032795844
811 748 0.433460570375 2.00425689717 -2.70813208322 -1.13733575642
812 755 -0.622076904643 0.948719422152 2.51951574895 -2.19287323144
813 753 0.097915403156 1.66871172995 -3.04367725043 -1.47288092364
814 725 0.183558771158 1.75435509795 -2.95803388243 -1.38723755564
815 754 -0.645718900019 0.925077426776 2.49587375357 -2.21651522681
816 755 0.344477602642 1.91527392944 -2.79711505095 -1.22631872415
817 760 -0.625630349296 0.945165977499 2.51596230429 -2.19642667609
818 760 0.531328752779 2.10212507957 -2.61026390081 -1.03946757402
819 782 -0.0664722444083 1.50432408239 3.07512040918 -1.6372685712
820 787 0.401865042688 1.97266136948 -2.7397276109 -1.16893128411
821 749 -0.278898988037 1.29189733876 2.86269366555 -1.84969531483
822 785 0.610773731189 2.18157005798 -2.5308189224 -0.960022595606
823 752 -0.587925029989 0.982871296806 2.5536676236 -2.15872135678
824 795 -0.42608607024 1.14471025656 2.71550658335 -1.99688239703
825 806 0.655048391943 2.22584471874 -2.48654426165 -0.915747934852
826 809 -0.716890808255 0.85390551854 2.42470184534 -2.28768713505
827 768 -0.141259666513 1.42953666028 3.00033298708 -1.71205599331
828 772 -0.388567047194 1.1822292796 2.7530256064 -1.95936337399
829 810 0.0459444253093 1.6167407521 -3.09564822828 -1.52485190149
830 815 -0.602349485877 0.968446840918 2.53924316771 -2.17314581267
831 812 0.414065211825 1.98486153862 -2.72752744176 -1.15673111497
832 808 -0.52313224772 1.04766407908 2.61846040587 -2.09392857451
833 795 0.426874774394 1.99767110119 -2.7147178792 -1.1439215524
834 816 0.66619436366 2.23699069045 -2.47539828993 -0.904601963135
835 807 0.212136251809 1.7829325786 -2.92945640178 -1.35866007499
836 801 -0.014166815674 1.55662951112 3.12742583792 -1.58496314247
837 735 0.437623348774 2.00841967557 -2.70396930482 -1.13317297802
838 765 -0.0163472780224 1.55444904877 3.12524537557 -1.58714360482
839 792 0.485355314957 2.05615164175 -2.65623733863 -1.08544101184
840 817 0.420049513169 1.99084583996 -2.72154314042 -1.15074681363
841 817 -0.520816920608 1.04997940619 2.62077573298 -2.0916132474
842 813 0.183678875825 1.75447520262 -2.95791377776 -1.38711745097
843 833 -0.0188101800774 1.55198614672 3.12278247351 -1.58960650687
844 821 0.772161682702 2.3429580095 -2.36943097089 -0.798634644093
845 831 0.616880203213 2.18767653001 -2.52471245038 -0.953916123582
846 773 -0.559920322923 1.01087600387 2.58167233067 -2.13071664972
847 827 -0.264517600429 1.30627872637 2.87707505316 -1.83531392722
848 822 -0.230247752866 1.34054857393 2.91134490072 -1.80104407966
849 777 0.0306044273767 1.60140075417 -3.11098822621 -1.54019189942
850 793 -0.101464024929 1.46933230187 3.04012862866 -1.67226035172
851 825 0.57992566325 2.15072199005 -2.56166699034 -0.990870663545
852 839 0.0205662270506 1.59136255385 -3.12102642654 -1.55023009974
853 772 0.212801281214 1.78359760801 -2.92879137238 -1.35799504558
854 802 0.121218314363 1.69201464116 -3.02037433923 -1.44957801243
855 826 -0.732387848271 0.838408478524 2.40920480532 -2.30318417507
856 819 -0.198220960106 1.37257536669 2.94337169348 -1.7690172869
857 831 -0.508752303039 1.06204402376 2.63284035055 -2.07954862983
858 808 0.546400824347 2.11719715114 -2.59519182924 -1.02439550245
859 820 -0.134436800319 1.43635952648 3.00715585327 -1.70523312711
860 830 -0.678178497338 0.892617829457 2.46341415625 -2.24897482413
861 825 -0.399904725511 1.17089160128 2.74168792808 -1.97070105231
862 840 -0.618166795253 0.952629531542 2.52342585834 -2.18896312205
863 820 0.778014196352 2.34881052315 -2.36357845724 -0.792782130443
864 824 -0.0831241577265 1.48767216907 3.05846849586 -1.65392048452
865 855 0.209860117935 1.78065644473 -2.93173253566 -1.36093620886
866 825 -0.0642522070572 1.50654411974 3.07734044653 -1.63504853385
867 834 0.651623001934 2.22241932873 -2.48996965166 -0.919173324861
868 821 -0.459151015072 1.11164531172 2.68244163852 -2.02994734187
869 823 -0.660525231239 0.910271095556 2.48106742235 -2.23132155803
870 851 -0.0901269780204 1.48066934877 3.05146567557 -1.66092330482
871 828 0.0809029483407 1.65169927514 -3.06068970525 -1.48989337845
872 859 -0.642189388402 0.928606938392 2.49940326519 -2.2129857152
873 842 0.522246347847 2.09304267464 -2.61934630574 -1.04854997895
874 863 -0.152367803972 1.41842852282 2.98922484962 -1.72316413077
875 852 -0.463943005571 1.10685332122 2.67764964802 -2.03473933237
876 829 -0.233957368074 1.33683895872 2.90763528552 -1.80475369487
877 847 -0.32775117463 1.24304515216 2.81384147896 -1.89854750142
878 842 -0.113227943354 1.45756838344 3.02836471024 -1.68402427015
879 844 0.140773681887 1.71157000868 -3.0008189717 -1.43002264491
880 869 -0.587571732322 0.983224594473 2.55402092127 -2.15836805912
881 882 -0.575864999108 0.994931327687 2.56572765448 -2.1466613259
882 843 0.487293819078 2.05809014587 -2.65429883451 -1.08350250772
883 838 -0.0487515453133 1.52204478148 3.09284110828 -1.61954787211
884 845 -0.667142027144 0.903654299651 2.47445062645 -2.23793835394
885 872 -0.329571272581 1.24122505421 2.81202138101 -1.90036759938
886 843 -0.21430498008 1.35649134671 2.92728767351 -1.78510130688
887 852 0.416863856345 1.98766018314 -2.72472879724 -1.15393247045
888 862 -0.345183398517 1.22561292828 2.79640925507 -1.91597972531
889 871 -0.358010899604 1.21278542719 2.78358175399 -1.9288072264
890 855 -0.612494073592 0.958302253203 2.52909858 -2.18329040039
891 843 0.683595087865 2.25439141466 -2.45799756573 -0.88720123893
892 874 0.370547270849 1.94134359764 -2.77104538274 -1.20024905595
893 870 -0.156264271473 1.41453205532 2.98532838212 -1.72706059827
894 870 -0.232436596698 1.3383597301 2.90915605689 -1.80323292349
895 860 -0.444019981964 1.12677634483 2.69757267163 -2.01481630876
896 881 0.644882825756 2.21567915255 -2.49670982783 -0.925913501039
897 849 0.0297713096208 1.60056763642 -3.11182134397 -1.54102501717
898 865 0.0402878461759 1.61108417297 -3.10130480741 -1.53050848062
899 873 0.682277682092 2.25307400889 -2.4593149715 -0.888518644703
900 872 -0.0503004258628 1.52049590093 3.09129222773 -1.62109675266
901 874 -0.560259866962 1.01053645983 2.58133278663 -2.13105619376
902 886 0.138892551854 1.70968887865 -3.00270010174 -1.43190377494
903 881 0.43025210055 2.00104842734 -2.71134055304 -1.14054422624
904 885 0.707456983089 2.27825330988 -2.4341356705 -0.863339343706
905 888 -0.522582246859 1.04821407994 2.61901040673 -2.09337857365
906 873 -0.75341780625 0.817378520545 2.38817484734 -2.32421413304
907 893 0.0211848089224 1.59198113572 -3.12040784467 -1.54961151787
908 880 -0.618143959596 0.952652367199 2.52344869399 -2.18894028639
909 891 -0.257425668108 1.31337065869 2.88416698548 -1.8282219949
910 889 0.529053393078 2.09984971987 -2.61253926051 -1.04174293372
911 897 -0.135028104589 1.43576822221 3.006564549 -1.70582443138
912 891 0.453826775428 2.02462310222 -2.68776587816 -1.11696955137
913 892 0.661046457567 2.23184278436 -2.48054619602 -0.909749869228
914 896 0.0225817092604 1.59337803606 -3.11901094433 -1.54821461753
915 909 -0.502996638535 1.06779968826 2.63859601506 -2.07379296533
916 896 -0.642363656739 0.928432670056 2.49922899685 -2.21315998353
917 877 -0.254756955702 1.31603937109 2.88683569789 -1.8255532825
918 911 0.552926298554 2.12372262535 -2.58866635504 -1.01787002824
919 892 0.598348464606 2.1691447914 -2.54324418898 -0.972447862188
920 909 0.481135131884 2.05193145868 -2.66045752171 -1.08966119491
921 892 -0.629556312293 0.941240014502 2.5120363413 -2.20035263909
922 909 -0.32386632034 1.24693000646 2.81772633325 -1.89466264713
923 925 -0.566441681438 1.00435464536 2.57515097215 -2.13723800823
924 914 -0.453106313213 1.11769001358 2.68848634038 -2.02390264001
925 902 0.213668472136 1.78446479893 -2.92792418145 -1.35712785466
926 902 -0.414348035454 1.15644829134 2.72724461814 -1.98514436225
927 912 0.373325629885 1.94412195668 -2.76826702371 -1.19747069691
928 910 0.654036027244 2.22483235404 -2.48755662635 -0.916760299551
929 928 0.62918925422 2.19998558102 -2.51240339937 -0.941607072575
930 918 -0.148203252468 1.42259307433 2.99338940112 -1.71899957926
931 922 -0.645530883632 0.925265443163 2.49606176996 -2.21632721043
932 922 0.409558621008 1.9803549478 -2.73203403258 -1.16123770579
933 913 0.661996305061 2.23279263186 -2.47959634853 -0.908800021734
934 930 -0.157038226203 1.41375810059 2.98455442739 -1.727834553
935 920 -0.134947784239 1.43584854256 3.00664486935 -1.70574411103
936 915 -0.644767912392 0.926028414402 2.4968247412 -2.21556423919
937 928 0.139609331356 1.71040565815 -3.00198332223 -1.43118699544
938 940 0.701767441198 2.27256376799 -2.43982521239 -0.869028885597
939 931 -0.461410426894 1.1093858999 2.6801822267 -2.03220675369
940 924 0.676025371747 2.24682169854 -2.46556728184 -0.894770955048
941 931 -0.292773462631 1.27802286416 2.84881919096 -1.86356978943
942 923 -0.642918732066 0.927877594728 2.49867392152 -2.21371505886
943 941 0.069877142804 1.6406734696 -3.07171551079 -1.50091918399
944 924 -0.331200452787 1.23959587401 2.8103922008 -1.90199677958
945 938 0.612644239412 2.18344056621 -2.52894841418 -0.958152087383
946 921 -0.590185520344 0.980610806451 2.55140713325 -2.16098184714
947 939 -0.0805524214028 1.49024390539 3.06104023219 -1.6513487482
948 932 0.462640655295 2.03343698209 -2.67895199829 -1.1081556715
949 932 -0.507393505501 1.06340282129 2.63419914809 -2.0781898323
950 921 -0.752840456806 0.817955869989 2.38875219678 -2.3236367836
951 935 -0.0086847561916 1.5621115706 3.1329078974 -1.57948108299
952 944 -0.116011408667 1.45478491813 3.02558124492 -1.68680773546
953 929 0.178169264978 1.74896559177 -2.96342338861 -1.39262706182
954 946 0.214522607393 1.78531893419 -2.9270700462 -1.3562737194
955 948 -0.774832952498 0.795963374297 2.36675970109 -2.34562927929
956 938 -0.0107255465515 1.56007078024 3.13086710704 -1.58152187335
957 936 0.681284566845 2.25208089364 -2.46030808674 -0.88951175995
958 923 0.0809568062534 1.65175313305 -3.06063584734 -1.48983952054
959 946 0.0163330479218 1.58712937472 -3.12525960567 -1.55446327887
960 939 0.259333597832 1.83012992463 -2.88225905576 -1.31146272896
961 934 -0.500537467877 1.07025885892 2.64105518571 -2.07133379467
962 951 -0.0519087378873 1.51888758891 3.0896839157 -1.62270506468
963 934 0.378253189966 1.94904951676 -2.76333946362 -1.19254313683
964 943 -0.192820013498 1.3779763133 2.94877264009 -1.76361634029
965 948 0.644996804035 2.21579313083 -2.49659584955 -0.925799522759
966 950 0.209099184983 1.77989551178 -2.93249346861 -1.36169714181
967 946 0.630604890952 2.20140121775 -2.51098776264 -0.940191435843
968 951 0.706755052385 2.27755137918 -2.4348376012 -0.86404127441
969 961 0.435442941636 2.00623926843 -2.70614971195 -1.13535338516
970 945 -0.177634947128 1.39316137967 2.96395770646 -1.74843127392
971 961 -0.66920133788 0.901594988915 2.47239131571 -2.23999766467
972 964 0.733739129365 2.30453545616 -2.40785352422 -0.83705719743
973 955 0.645645437643 2.21644176444 -2.49594721595 -0.925150889152
974 952 0.230048307591 1.80084463439 -2.911544346 -1.3407480192
975 956 0.203069528598 1.77386585539 -2.93852312499 -1.3677267982
976 966 0.423884744556 1.99468107135 -2.71770790903 -1.14691158224
977 953 -0.56395423131 1.00684209549 2.57763842228 -2.1347505581
978 955 0.74145010643 2.31224643322 -2.40014254716 -0.829346220365
979 958 -0.300222957577 1.27057336922 2.84136969601 -1.87101928437
980 969 -0.615070690397 0.955725636398 2.52652196319 -2.18586701719
981 972 0.596144023243 2.16694035004 -2.54544863035 -0.974652303552
982 969 -0.511928467565 1.05886785923 2.62966418602 -2.08272479436
983 971 0.486837458733 2.05763378553 -2.65475519486 -1.08395886806
984 962 -0.0331877159874 1.53760861081 3.1084049376 -1.60398404278
985 968 0.49268638818 2.06348271497 -2.64890626541 -1.07810993862
986 952 0.279753514273 1.85054984107 -2.86183913932 -1.29104281252
987 979 0.53118509592 2.10198142271 -2.61040755767 -1.03961123087
988 975 -0.280657361379 1.29013896542 2.86093529221 -1.85145368817
989 976 -0.638732506062 0.932063820733 2.50286014753 -2.20952883286
990 969 -0.778444109368 0.792352217427 2.36314854422 -2.34924043616
991 976 0.783777724072 2.35457405087 -2.35781492952 -0.787018602723
992 981 0.505234743622 2.07603107042 -2.63635790997 -1.06556158317
993 987 -0.658244760568 0.912551566227 2.48334789302 -2.22904108736
994 989 0.694206384017 2.26500271081 -2.44738626957 -0.876589942778
995 988 0.141924827869 1.71272115466 -2.99966782572 -1.42887149893
996 980 -0.586695805685 0.98410052111 2.5548968479 -2.15749213248
997 10 -0.18865587921 1.38214044759 2.95293677438 -1.759452206
998 4 -0.411104378401 1.15969194839 2.73048827519 -1.9819007052
999 344 0.22900882235 1.79980514914 -2.91258383124 -1.34178750445
1000 307 -0.533564387463 1.03723193933 2.60802826613 -2.10436071426
1001 316 0.617766723312 2.18856305011 -2.52382593028 -0.953029603483
