429 4 0
0 1 0.291508859714 1.86230518651 -2.85008379388 -1.27928746708
1 0 0.346062517491 1.91685884429 -2.7955301361 -1.2247338093
2 0 0.372062665472 1.94285899227 -2.76952998812 -1.19873366132
3 0 -0.573916187687 0.996880139108 2.5676764659 -2.14471251448
4 0 -0.26110567454 1.30969065225 2.88048697905 -1.83190200134
5 2 0.00562139613093 1.57641772293 -3.13597125746 -1.56517493066
6 1 -0.140774990631 1.43002133616 3.00081766296 -1.71157131743
7 3 -0.0454474516265 1.52534887517 3.09614520196 -1.61624377842
8 9 0.164868937682 1.73566526448 -2.97672371591 -1.40592738911
9 8 0.147711891952 1.71850821875 -2.99388076164 -1.42308443484
10 8 0.254562072714 1.82535839951 -2.88703058088 -1.31623425408
11 9 -0.292394029047 1.27840229775 2.84919862454 -1.86319035584
12 4 0.297272125849 1.86806845264 -2.84432052774 -1.27352420095
13 8 0.635881015887 2.20667734268 -2.5057116377 -0.934915310908
14 4 -0.335407865216 1.23538846158 2.80618478837 -1.90620419201
15 8 0.15812226091 1.7289185877 -2.98347039268 -1.41267406588
16 5 -0.113221878012 1.45757444878 3.02837077558 -1.68401820481
17 7 -0.0220693887926 1.548726938 3.1195232648 -1.59286571559
18 9 -0.683471048329 0.887325278466 2.45812160526 -2.25426737512
19 9 -0.472085610409 1.09871071639 2.66950704318 -2.0428819372
20 13 0.426726010316 1.99752233711 -2.71486664327 -1.14407031648
21 16 -0.655863022424 0.914933304371 2.48572963117 -2.22665934922
22 13 -0.734481569909 0.836314756886 2.40711108368 -2.3052778967
23 16 -0.272088203454 1.29870812334 2.86950445014 -1.84288453025
24 14 -0.154230515983 1.41656581081 2.98736213761 -1.72502684278
25 14 -0.753966224092 0.816830102702 2.3876264295 -2.32476255089
26 20 -0.135350199025 1.43544612777 3.00624245456 -1.70614652582
27 21 -0.237422565125 1.33337376167 2.90417008846 -1.80821889192
28 22 -0.204466630716 1.36632969608 2.93712602287 -1.77526295751
29 24 -0.257801953288 1.31299437351 2.8837907003 -1.82859828008
30 23 -0.482791147335 1.08800517946 2.65880150625 -2.05358747413
31 25 -0.399477772207 1.17131855459 2.74211488138 -1.970274099
32 26 0.127389097567 1.69818542436 -3.01420355602 -1.44340722923
33 28 -0.0172388632685 1.55355746353 3.12435379032 -1.58803519006
34 27 0.523809897698 2.09460622449 -2.61778275589 -1.0469864291
35 29 -0.444970623909 1.12582570289 2.69662202968 -2.0157669507
36 30 -0.671292919369 0.899503407426 2.47029973422 -2.24208924616
37 31 -0.54089308919 1.0299032376 2.6006995644 -2.11168941598
38 39 -0.0172193858418 1.55357694095 3.12437326775 -1.58801571264
39 38 0.0999995217838 1.67079584858 -3.04159313181 -1.47079680501
40 42 0.363730656022 1.93452698282 -2.77786199757 -1.20706567077
41 38 0.558493849903 2.1292901767 -2.58309880369 -1.01230247689
42 38 -0.659272237708 0.911524089087 2.48232041588 -2.2300685645
43 40 0.702551002144 2.27334732894 -2.43904165145 -0.868245324651
44 38 -0.407747971051 1.16304835574 2.73384468254 -1.97854429785
45 38 0.346001239209 1.916797566 -2.79559141438 -1.22479508759
46 40 0.102902736916 1.67369906371 -3.03868991667 -1.46789358988
47 39 -0.0928118955358 1.47798443126 3.04878075805 -1.66360822233
48 38 0.579291222305 2.1500875491 -2.56230143128 -0.99150510449
49 40 0.349331151064 1.92012747786 -2.79226150253 -1.22146517573
50 35 0.385196911913 1.95599323871 -2.75639574168 -1.18559941488
51 35 -0.136323214673 1.43447311212 3.00526943892 -1.70711954147
52 36 0.62005855261 2.19085487941 -2.52153410098 -0.950737774185
53 34 0.204297979278 1.77509430607 -2.93729467431 -1.36649834752
54 33 -0.0542037117392 1.51659261506 3.08738894185 -1.62500003853
55 32 0.160820057444 1.73161638424 -2.98077259615 -1.40997626935
56 44 -0.209514393063 1.36128193373 2.93207826053 -1.78031071986
57 45 0.508946365508 2.0797426923 -2.63264628808 -1.06184996129
58 46 0.0947032056336 1.66549953243 -3.04688944796 -1.47609312116
59 45 -0.292323337626 1.27847298917 2.84926931596 -1.86311966442
60 44 -0.770423985146 0.800372341649 2.37116866844 -2.34122031194
61 46 0.597728640442 2.16852496724 -2.54386401315 -0.973067686353
62 64 -0.327594916688 1.24320141011 2.8139977369 -1.89839124348
63 65 -0.606656928771 0.964139398024 2.53493572482 -2.17745325557
64 62 -0.240669718392 1.3301266084 2.9009229352 -1.81146604519
65 63 -0.629431184117 0.941365142677 2.51216146947 -2.20022751091
66 63 -0.566427966177 1.00436836062 2.57516468741 -2.13722429297
67 62 -0.390544491453 1.18025183534 2.75104816214 -1.96134081825
68 63 -0.135716202352 1.43508012444 3.00587645124 -1.70651252915
69 65 0.367916902683 1.93871322948 -2.77367575091 -1.20287942411
70 64 -0.174616147382 1.39618017941 2.96697650621 -1.74541247418
71 63 -0.677283072777 0.893513254017 2.46430958081 -2.24807939957
72 65 -0.44813963084 1.12265669595 2.69345302275 -2.01893595764
73 62 0.613769931564 2.18456625836 -2.52782272203 -0.957026395231
74 50 -0.682824056278 0.887972270517 2.45876859731 -2.25362038307
75 78 -0.37487359069 1.1959227361 2.7667190629 -1.94566991748
76 66 -0.544238850076 1.02655747672 2.59735380351 -2.11503517687
77 70 -0.1542483002 1.41654802659 2.98734435339 -1.725044627
78 67 -0.469829925304 1.10096640149 2.67176272829 -2.0406262521
79 51 -0.434413544826 1.13638278197 2.70717910876 -2.00520987162
80 52 0.384076450236 1.95487277703 -2.75751620335 -1.18671987656
81 56 0.016074385979 1.58687071277 -3.12551826761 -1.55472194082
82 56 -0.599268955014 0.971527371781 2.54232369858 -2.17006528181
83 58 0.154503244693 1.72529957149 -2.9870894089 -1.4162930821
84 57 0.482051358793 2.05284768559 -2.6595412948 -1.088744968
85 56 0.0565375857401 1.62733391253 -3.08505506785 -1.51425874105
86 58 0.326828906 1.89762523279 -2.81476374759 -1.2439674208
87 62 0.304729885116 1.87552621191 -2.83686276847 -1.26606644168
88 62 -0.303378238202 1.26741808859 2.83821441539 -1.874174565
89 66 -0.0449848097917 1.525811517 3.0966078438 -1.61578113659
90 53 0.553093166335 2.12388949313 -2.58849948725 -1.01770316046
91 67 -0.32740404503 1.24339228176 2.81418860856 -1.89820037182
92 68 -0.00601233075673 1.56478399604 3.13558032283 -1.57680865755
93 62 -0.00118913892126 1.56960718787 3.14040351467 -1.57198546572
94 95 0.386223065607 1.9570193924 -2.75536958798 -1.18457326119
95 94 0.424543406482 1.99533973328 -2.71704924711 -1.14625292031
96 62 -0.474190324238 1.09660600256 2.66740232935 -2.04498665103
97 68 -0.583206280333 0.987590046461 2.55838637326 -2.15400260713
98 53 -0.446956534577 1.12383979222 2.69463611901 -2.01775286137
99 54 0.361479531607 1.9322758584 -2.78011312198 -1.20931679519
100 62 0.69942171621 2.270218043 -2.44217093738 -0.871374610585
101 94 -0.0109877220124 1.55980860478 3.13060493158 -1.58178404881
102 75 -0.642321783237 0.928474543558 2.49927087035 -2.21311811003
103 75 -0.399498236989 1.17129808981 2.7420944166 -1.97029456378
104 74 -0.726930265332 0.843866061463 2.41466238826 -2.29772659213
105 67 0.359525915088 1.93032224188 -2.7820667385 -1.21127041171
106 95 -0.19406888212 1.37672744467 2.94752377147 -1.76486520892
107 68 0.213818634548 1.78461496134 -2.92777401904 -1.35697769225
108 68 0.378487668522 1.94928399532 -2.76310498507 -1.19230865827
109 64 0.115578886712 1.68637521351 -3.02601376688 -1.45521744008
110 94 0.123046731992 1.69384305879 -3.0185459216 -1.4477495948
111 64 -0.52283095636 1.04796537043 2.61876169723 -2.09362728316
112 80 -0.762000002621 0.808796324174 2.37959265097 -2.33279632942
113 94 -0.644338997246 0.926457329549 2.49725365634 -2.21513532404
114 79 0.661230161365 2.23202648816 -2.48036249223 -0.90956616543
115 79 0.399637170115 1.97043349691 -2.74195548347 -1.17115915668
116 81 -0.135668915942 1.43512741085 3.00592373765 -1.70646524274
117 67 0.156014072484 1.72681039928 -2.98557858111 -1.41478225431
118 81 -0.518385879824 1.05241044697 2.62320677377 -2.08918220662
119 83 0.102941685101 1.6737380119 -3.03865096849 -1.46785464169
120 84 -0.15768064502 1.41311568178 2.98391200857 -1.72847697181
121 81 0.226635753764 1.79743208056 -2.91495689983 -1.34416057303
122 84 -0.281278615787 1.28951771101 2.8603140378 -1.85207494258
123 101 0.129265921616 1.70006224841 -3.01232673197 -1.44153040518
124 94 -0.401831651454 1.16896467534 2.73976100214 -1.97262797825
125 99 -0.248647297814 1.32214902898 2.89294535578 -1.81944362461
126 113 0.368159435276 1.93895576207 -2.77343321831 -1.20263689152
127 103 -0.0447486065229 1.52604772027 3.09684404707 -1.61554493332
128 70 -0.685025515599 0.885770811196 2.45656713799 -2.25582184239
129 102 -0.02342564801 1.54737067878 3.11816700558 -1.5942219748
130 108 0.317649322027 1.88844564882 -2.82394333156 -1.25314700477
131 118 -0.551918289815 1.01887803698 2.58967436377 -2.12271461661
132 95 -0.537442374139 1.03335395266 2.60415027945 -2.10823870093
133 77 0.0657919026643 1.63658822946 -3.07580075093 -1.50500442413
134 91 -0.596668334351 0.974127992444 2.54492431924 -2.16746466115
135 102 0.0427751244689 1.61357145126 -3.09881752912 -1.52802120233
136 98 0.134175188073 1.70497151487 -3.00741746552 -1.43662113872
137 109 0.353768298007 1.9245646248 -2.78782435558 -1.21702802879
138 70 0.0488515329413 1.61964785974 -3.09274112065 -1.52194479385
139 118 0.36406064921 1.93485697601 -2.77753200438 -1.20673567758
140 116 0.176903775887 1.74770010268 -2.9646888777 -1.39389255091
141 113 -0.459425462045 1.11137086475 2.68216719154 -2.03022178884
142 129 -0.456979968762 1.11381635803 2.68461268483 -2.02777629556
143 116 -0.685487208249 0.885309118546 2.45610544534 -2.25628353504
144 102 -0.611695044499 0.959101282296 2.52989760909 -2.18249137129
145 73 0.0613793503503 1.63217567715 -3.08021330324 -1.50941697644
146 126 -0.732552423789 0.838243903006 2.4090402298 -2.30334875058
147 92 0.725633804753 2.29643013155 -2.41595884884 -0.845162522042
148 76 0.197211381081 1.76800770788 -2.94438127251 -1.37358494571
149 150 0.560090251171 2.13088657797 -2.58150240242 -1.01070607562
150 149 0.6576933875 2.22848971429 -2.48389926609 -0.913102939295
151 149 -0.0471063914203 1.52368993537 3.09448626217 -1.61790271822
152 150 0.440659484894 2.01145581169 -2.7009331687 -1.1301368419
153 93 -0.0997926230112 1.47100370378 3.04180003058 -1.67058894981
154 127 0.00693953044021 1.57773585724 -3.13465312315 -1.56385679635
155 114 -0.459357436246 1.11143889055 2.68223521734 -2.03015376304
156 104 0.503586461958 2.07438278875 -2.63800619163 -1.06720986484
157 106 0.755491935056 2.32628826185 -2.38610071853 -0.815304391739
158 110 0.760950152414 2.33174647921 -2.38064250118 -0.80984617438
159 76 0.252022223689 1.82281855048 -2.8895704299 -1.31877410311
160 131 0.098425060076 1.66922138687 -3.04316759351 -1.47237126672
161 139 -0.466414997957 1.10438132884 2.67517765563 -2.03721132475
162 127 0.549927144702 2.1207234715 -2.59166550889 -1.02086918209
163 131 -0.659637562493 0.911158764302 2.4819550911 -2.23043388929
164 139 -0.18140973922 1.38938658758 2.96018291437 -1.75220606601
165 87 -0.57894755462 0.991848772175 2.56264509897 -2.14974388141
166 88 0.564241269639 2.13503759643 -2.57735138395 -1.00655505716
167 112 -0.532876270285 1.03792005651 2.6087163833 -2.10367259708
168 65 0.205265108356 1.77606143515 -2.93632754523 -1.36553121844
169 140 -0.631772903722 0.939023423073 2.50981974987 -2.20256923052
170 143 -0.676591331251 0.894204995544 2.46500132234 -2.24738765805
171 69 0.0625736149678 1.63336994176 -3.07901903862 -1.50822271183
172 157 0.414514842253 1.98531116905 -2.72707781134 -1.15628148454
173 149 0.563245139823 2.13404146662 -2.57834751377 -1.00755118697
174 158 0.0757451564726 1.64654148327 -3.06584749712 -1.49505117032
175 151 0.0190155022686 1.58981182906 -3.12257715132 -1.55178082453
176 114 0.565712474041 2.13650880084 -2.57588017955 -1.00508385275
177 139 -0.305710692119 1.26508563468 2.83588196147 -1.87650701891
178 96 -0.346937982262 1.22385834453 2.79465467133 -1.91773430906
179 129 0.0826129532226 1.65340928002 -3.05897970037 -1.48818337357
180 69 0.311423046242 1.88221937304 -2.83016960735 -1.25937328055
181 161 -0.728482311409 0.842314015386 2.41311034218 -2.2992786382
182 66 -0.509106903753 1.06168942304 2.63248574984 -2.07990323055
183 134 -0.339179356853 1.23161696994 2.80241329674 -1.90997568365
184 161 -0.594379390656 0.976416936139 2.54721326293 -2.16517571745
185 88 -0.152517335009 1.41827899179 2.98907531858 -1.7233136618
186 110 0.300420506401 1.8712168332 -2.84117214719 -1.27037582039
187 63 -0.484923984033 1.08587234276 2.65666866956 -2.05572031083
188 88 -0.539558062461 1.03123826433 2.60203459113 -2.11035438926
189 123 -0.313610569967 1.25718575683 2.82798208362 -1.88440689676
190 65 -0.243023449334 1.32777287746 2.89856920426 -1.81381977613
191 185 -0.484194818163 1.08660150863 2.65739783543 -2.05499114496
192 165 0.188089490788 1.75888581758 -2.9535031628 -1.38270683601
193 192 -0.590424955598 0.980371371197 2.55116769799 -2.16122128239
194 191 -0.586854113785 0.98394221301 2.55473853981 -2.15765044058
195 191 -0.780200866905 0.79059545989 2.36139178669 -2.3509971937
196 178 -0.284539181896 1.2862571449 2.85705347169 -1.85533550869
197 153 -0.328791298093 1.2420050287 2.8128013555 -1.89958762489
198 188 -0.709183012905 0.86161331389 2.43240964068 -2.2799793397
199 100 -0.541351154289 1.02944517251 2.6002414993 -2.11214748108
200 145 0.590796857356 2.16159318415 -2.55079579623 -0.979999469439
201 137 0.114630651088 1.68542697788 -3.0269620025 -1.45616567571
202 111 -0.344090924484 1.22670540231 2.79750172911 -1.91488725128
203 137 -0.708012895448 0.862783431347 2.43357975814 -2.27880922224
204 133 0.301469316963 1.87226564376 -2.84012333663 -1.26932700983
205 111 0.511023632977 2.08181995977 -2.63056902061 -1.05977269382
206 133 -0.49247526212 1.07832106467 2.64911739147 -2.06327158891
207 125 -0.45061478558 1.12018154121 2.69097786801 -2.02141111237
208 155 -0.524247250578 1.04654907622 2.61734540301 -2.09504357737
209 112 0.260663412372 1.83145973917 -2.88092924122 -1.31013291442
210 176 -0.303417256508 1.26737907029 2.83817539708 -1.8742135833
211 163 -0.287993743408 1.28280258339 2.85359891018 -1.8587900702
212 176 0.303511180885 1.87430750768 -2.8380814727 -1.26728514591
213 163 0.512450888416 2.08324721521 -2.62914176517 -1.05834543838
214 184 -0.526354435422 1.04444189137 2.61523821817 -2.09715076222
215 184 -0.676196959573 0.894599367222 2.46539569402 -2.24699328637
216 181 -0.400649031245 1.17014729555 2.74094362235 -1.97144535804
217 169 -0.363650766133 1.20714556066 2.77794188746 -1.93444709293
218 132 -0.45400320039 1.1167931264 2.6875894532 -2.02479952719
219 170 -0.494397359291 1.0763989675 2.6471952943 -2.06519368609
220 186 -0.630446743307 0.940349583487 2.51114591028 -2.2012430701
221 106 -0.504429386132 1.06636694066 2.63716326746 -2.07522571293
222 186 -0.438470462742 1.13232586405 2.70312219085 -2.00926678954
223 106 0.222633489279 1.79342981607 -2.91895916431 -1.34816283752
224 158 -0.126315291119 1.44448103568 3.01527736247 -1.69711161791
225 106 0.711531986226 2.28232831302 -2.43006066736 -0.859264340569
226 174 -0.39631077564 1.17448555116 2.74528187795 -1.96710710243
227 172 0.228848304381 1.79964463118 -2.91274434921 -1.34194802241
228 151 -0.165780446878 1.40501587992 2.97581220671 -1.73657677367
229 173 0.500232735153 2.07102906195 -2.64135991844 -1.07056359164
230 151 -0.734054273119 0.836742053676 2.40753838047 -2.30485059991
231 149 0.529929647968 2.10072597476 -2.61166300562 -1.04086667883
232 151 -0.588542997166 0.982253329629 2.55304965642 -2.15933932396
233 150 0.0475654081663 1.61836173496 -3.09402724542 -1.52323091863
234 146 0.489047710643 2.05984403744 -2.65254494295 -1.08174861615
235 145 -0.433973601397 1.1368227254 2.70761905219 -2.00476992819
236 193 -0.208721262707 1.36207506409 2.93287139088 -1.7795175895
237 194 -0.423912735727 1.14688359107 2.71767991786 -1.99470906252
238 241 -0.603191141806 0.967605184989 2.53840151178 -2.1739874686
239 219 -0.143159521717 1.42763680508 2.99843313187 -1.71395584851
240 198 -0.354363411931 1.21643291486 2.78722924166 -1.92515973873
241 238 -0.560860045624 1.00993628117 2.58073260797 -2.13165637242
242 220 -0.381304063269 1.18949226353 2.76028859032 -1.95210039006
243 236 -0.165450210223 1.40534611657 2.97614244337 -1.73624653702
244 212 -0.408380837717 1.16241548908 2.73321181587 -1.97917716451
245 236 -0.0965392391324 1.47425708766 3.04505341446 -1.66733556593
246 241 -0.582584802497 0.988211524298 2.55900785109 -2.15338112929
247 216 -0.454334219169 1.11646210763 2.68725843442 -2.02513054596
248 238 0.303883247365 1.87467957416 -2.83770940622 -1.26691307943
249 241 -0.159345633001 1.41145069379 2.98224702059 -1.7301419598
250 196 -0.68359365233 0.887202674464 2.45799900126 -2.25438997913
251 212 0.517844291818 2.08864061861 -2.62374836177 -1.05295203498
252 208 0.229420170147 1.80021649694 -2.91217248344 -1.34137615665
253 224 0.27778466241 1.84858098921 -2.86380799118 -1.29301166438
254 228 0.381292881705 1.9520892085 -2.76029977189 -1.18950344509
255 225 0.401039149018 1.97183547581 -2.74055350457 -1.16975717778
256 227 -0.556229122706 1.01456720409 2.58536353088 -2.1270254495
257 238 0.0378223714088 1.6086186982 -3.10377028218 -1.53297395539
258 217 0.148210615904 1.7190069427 -2.99338203769 -1.42258571089
259 217 -0.527068999523 1.04372732727 2.61452365407 -2.09786532632
260 238 -0.419557401394 1.1512389254 2.7220352522 -1.99035372819
261 209 -0.45179123392 1.11900509287 2.68980141967 -2.02258756071
262 236 0.445360329173 2.01615665597 -2.69623232442 -1.12543599762
263 236 -0.72538498242 0.845411344375 2.41620767117 -2.29618130921
264 244 -0.748894646538 0.821901680257 2.39269800705 -2.31969097333
265 211 -0.452329567957 1.11846675884 2.68926308563 -2.02312589475
266 274 0.130222106646 1.70101843344 -3.01137054694 -1.44057422015
267 244 0.452462391681 2.02325871848 -2.68913026191 -1.11833393511
268 251 -0.0750821276505 1.49571419914 3.06651052594 -1.64587845445
269 246 -0.606348544835 0.96444778196 2.53524410875 -2.17714487163
270 224 -0.648493863705 0.92230246309 2.49309878988 -2.2192901905
271 225 -0.532503996502 1.03829233029 2.60908865709 -2.1033003233
272 251 -0.616570186418 0.954226140377 2.52502246717 -2.18736651321
273 207 0.0354646296677 1.60626095646 -3.10612802392 -1.53533169713
274 245 -0.0733176290273 1.49747869777 3.06827502456 -1.64411395582
275 197 -0.501631721186 1.06916460561 2.6399609324 -2.07242804798
276 228 -0.412175420322 1.15862090647 2.72941723327 -1.98297174712
277 232 -0.77863684939 0.792159477405 2.3629558042 -2.34943317619
278 231 0.17207314141 1.74286946821 -2.96951951218 -1.39872318538
279 231 -0.0500561388587 1.52074018794 3.09153651473 -1.62085246565
280 246 -0.0153961667457 1.55540016005 3.12619648684 -1.58619249354
281 249 0.477125909677 2.04792223647 -2.66446674391 -1.09367041712
282 218 0.00325386507205 1.57405019187 -3.13833878852 -1.56754246172
283 200 0.087604957675 1.65840128447 -3.05398769591 -1.48319136912
284 266 -0.443318730904 1.12747759589 2.69827392269 -2.0141150577
285 239 0.410842796814 1.98163912361 -2.73074985678 -1.15995352998
286 249 -0.582570437587 0.988225889208 2.559022216 -2.15336676438
287 218 0.317656911135 1.88845323793 -2.82393574245 -1.25313941566
288 259 -0.219304443668 1.35149188313 2.92228820992 -1.79010077046
289 251 -0.606958938649 0.963837388146 2.53463371494 -2.17775526544
290 203 0.310048618749 1.88084494554 -2.83154403484 -1.26074770805
291 201 0.495557020795 2.06635334759 -2.6460356328 -1.075239306
292 206 0.434793804805 2.0055901316 -2.70679884879 -1.13600252199
293 245 0.455217733292 2.02601406009 -2.6863749203 -1.1155785935
294 245 -0.76222596982 0.808570356975 2.37936668377 -2.33302229661
295 204 0.370308235823 1.94110456262 -2.77128441777 -1.20048809097
296 218 -0.440601554653 1.13019477214 2.70099109894 -2.01139788145
297 249 -0.29293956595 1.27785676084 2.84865308764 -1.86373589275
298 265 -0.397483753412 1.17331257338 2.74410890018 -1.96828008021
299 249 0.331040961379 1.90183728817 -2.81055169221 -1.23975536542
300 205 -0.593829471465 0.976966855329 2.54776318212 -2.16462579826
301 266 0.301722934129 1.87251926092 -2.83986971946 -1.26907339267
302 282 -0.28816429099 1.2826320358 2.8534283626 -1.85896061778
303 207 -0.600767570105 0.97002875669 2.54082508348 -2.1715638969
304 239 -0.0978808291346 1.47291549766 3.04371182446 -1.66867715593
305 239 -0.633382461325 0.93741386547 2.50821019227 -2.20417878812
306 302 -0.319458757924 1.25133756887 2.82213389567 -1.89025508472
307 285 0.616520143394 2.18731647019 -2.5250725102 -0.954276183401
308 302 -0.659717632703 0.911078694092 2.48187502089 -2.2305139595
309 306 0.78351471554 2.35431104234 -2.35807793805 -0.787281611255
310 288 -0.580661302834 0.99013502396 2.56093135076 -2.15145762963
311 263 0.408434823629 1.97923115042 -2.73315782996 -1.16236150317
312 285 -0.38678294501 1.18401338178 2.75480970858 -1.95757927181
313 273 0.286630649318 1.85742697611 -2.85496200427 -1.28416567748
314 252 -0.148740073927 1.42205625287 2.99285257966 -1.71953640072
315 287 -0.39270702068 1.17808930611 2.74888563291 -1.96350334748
316 209 0.337635335616 1.90843166241 -2.80395731797 -1.23316099118
317 199 0.476013505947 2.04680983274 -2.66557914764 -1.09478282085
318 242 0.733697665951 2.30449399275 -2.40789498764 -0.837098660844
319 283 -0.272291105566 1.29850522123 2.86930154802 -1.84308743236
320 281 0.44260317716 2.01339950396 -2.69898947643 -1.12819314963
321 280 0.346267951046 1.91706427784 -2.79532470254 -1.22452837575
322 221 -0.687559317801 0.883237008994 2.45403333579 -2.2583556446
323 294 0.544852871896 2.11564919869 -2.59673978169 -1.0259434549
324 272 -0.190562397761 1.38023392903 2.95103025583 -1.76135872456
325 301 0.706891862876 2.27768818967 -2.43470079071 -0.863904463919
326 284 -0.543562004804 1.02723432199 2.59803064879 -2.1143583316
327 304 -0.710010144521 0.860786182273 2.43158250907 -2.28080647132
328 199 -0.609282959171 0.961513367624 2.53230969442 -2.18007928597
329 300 0.00188982460649 1.5726861514 -3.13970282898 -1.56890650219
330 292 0.504390816943 2.07518714374 -2.63720183665 -1.06640550985
331 320 -0.38032654458 1.19046978221 2.76126610901 -1.95112287138
332 250 -0.243953957307 1.32684236949 2.89763869628 -1.8147502841
333 296 -0.421774085633 1.14902224116 2.71981856796 -1.99257041243
334 304 0.686807167562 2.25760349436 -2.45478548603 -0.883989159233
335 275 -0.521155504513 1.04964082228 2.62043714908 -2.09195183131
336 257 0.521120175244 2.09191650204 -2.62047247835 -1.04967615155
337 262 0.615767021402 2.1865633482 -2.52582563219 -0.955029305393
338 329 -0.594270330576 0.976525996219 2.54732232301 -2.16506665737
339 280 -0.638168600084 0.932627726711 2.50342405351 -2.20896492688
340 306 -0.150009579617 1.42078674718 2.99158307397 -1.72080590641
341 307 0.152897144111 1.72369347091 -2.98869550948 -1.41789918268
342 306 -0.224095379919 1.34670094688 2.91749727367 -1.79489170671
343 309 0.439721579597 2.01051790639 -2.70187107399 -1.1310747472
344 310 0.0930662251762 1.66386255197 -3.04852642841 -1.47773010162
345 307 -0.25058651832 1.32020980848 2.89100613527 -1.82138284511
346 240 -0.716479446529 0.854316880266 2.42511320706 -2.28727577332
347 263 -0.126546144509 1.44425018229 3.01504650908 -1.6973424713
348 316 -0.232860911939 1.33793541486 2.90873174165 -1.80365723873
349 313 0.127291590421 1.69808791722 -3.01430106317 -1.44350473637
350 311 -0.541750123581 1.02904620321 2.59984253001 -2.11254645038
351 290 -0.612026985095 0.9587693417 2.52956566849 -2.18282331189
352 246 -0.592568681968 0.978227644827 2.54902397162 -2.16336500876
353 320 -0.0704687293684 1.50032759743 3.07112392422 -1.64126505616
354 324 -0.385554386574 1.18524194022 2.75603826702 -1.95635071337
355 283 0.635316001902 2.2061123287 -2.50627665169 -0.935480324893
356 260 0.579090139065 2.14988646586 -2.56250251452 -0.99170618773
357 257 -0.48798608653 1.08281024026 2.65360656706 -2.05878241332
358 290 0.414012732976 1.98480905977 -2.72757992061 -1.15678359382
359 248 0.182375354108 1.7531716809 -2.95921729948 -1.38842097269
360 320 -0.644463990311 0.926332336484 2.49712866328 -2.21526031711
361 311 0.494875820127 2.06567214692 -2.64671683346 -1.07592050667
362 241 0.15589017144 1.72668649823 -2.98570248215 -1.41490615536
363 238 -0.177886774472 1.39290955232 2.96370587912 -1.74868310127
364 317 -0.39267923832 1.17811708847 2.74891341527 -1.96347556512
365 241 -0.434291512133 1.13650481466 2.70730114146 -2.00508783893
366 328 -0.16272800696 1.40806831984 2.97886464663 -1.73352433375
367 340 0.543284556266 2.11408088306 -2.59830809732 -1.02751177053
368 341 0.361379531348 1.93217585814 -2.78021312224 -1.20941679545
369 340 -0.0145907209857 1.55620560581 3.1270019326 -1.58538704778
370 340 -0.646893268019 0.923903058776 2.49469938557 -2.21768959481
371 342 -0.355829993665 1.21496633313 2.78576265992 -1.92662632046
372 341 0.0560606095502 1.62685693635 -3.08553204404 -1.51473571724
373 338 0.359229155186 1.93002548198 -2.7823634984 -1.21156717161
374 329 0.373347198055 1.94414352485 -2.76824545554 -1.19744912874
375 330 0.431465913217 2.00226224001 -2.71012674037 -1.13933041358
376 348 -0.132559684688 1.43823664211 3.0090329689 -1.70335601148
377 349 -0.611781090972 0.959015235823 2.52981156262 -2.18257741777
378 354 -0.424542127104 1.14625419969 2.71705052649 -1.9953384539
379 367 0.582682971984 2.15347929878 -2.55890968161 -0.98811335481
380 368 0.239909206559 1.81070553335 -2.90168344703 -1.33088712024
381 367 -0.183727689161 1.38706863763 2.95786496443 -1.75452401596
382 367 -0.438288621266 1.13250770553 2.70330403232 -2.00908494806
383 369 -0.511248720955 1.05954760584 2.63034393264 -2.08204504775
384 368 0.0980630786151 1.66885940541 -3.04352957497 -1.47273324818
385 379 0.233964609164 1.80476093596 -2.90762804443 -1.33683171763
386 380 -0.026414530109 1.54438179669 3.11517812348 -1.5972108569
387 379 0.721865498306 2.2926618251 -2.41972715528 -0.848930828489
388 379 0.469410363608 2.0402066904 -2.67218228998 -1.10138596319
389 381 0.0938945630555 1.66469088985 -3.04769809053 -1.47690176374
390 380 0.777265712646 2.34806203944 -2.36432694094 -0.793530614149
391 376 0.398420795181 1.96921712198 -2.74317185841 -1.17237553161
392 375 0.511932949291 2.08272927609 -2.6296597043 -1.0588633775
393 374 0.0916681485396 1.66246447533 -3.04992450505 -1.47912817826
394 373 -0.675316889241 0.895479437554 2.46627576435 -2.24611321604
395 373 -0.0861781000352 1.48461822676 3.05541455355 -1.65697442683
396 373 0.461573652389 2.03236997918 -2.6800190012 -1.10922267441
397 391 -0.581831564346 0.988964762449 2.55976108924 -2.15262789114
398 392 -0.510835928381 1.05996039841 2.63075672521 -2.08163225518
399 393 -0.664799201793 0.905997125002 2.4767934518 -2.23559552859
400 395 0.682562920478 2.25335924727 -2.45902973311 -0.888233406317
401 394 0.685819031592 2.25661535839 -2.455773622 -0.884977295203
402 396 0.658775880593 2.22957220739 -2.482816773 -0.912020446202
403 397 -0.684351600414 0.88644472638 2.45724105318 -2.25514792721
404 399 -0.686304462218 0.884491864576 2.45528819137 -2.25710078901
405 398 -0.759437267878 0.811359058917 2.38215538571 -2.33023359467
406 400 -0.484181726402 1.08661460039 2.65741092719 -2.0549780532
407 401 0.674388070203 2.245184397 -2.46720458339 -0.896408256592
408 402 0.602030458432 2.17282678523 -2.53956219516 -0.968765868363
409 406 -0.568350851385 1.00244547541 2.5732418022 -2.13914717818
410 404 -0.299350281914 1.27144604488 2.84224237168 -1.87014660871
411 407 -0.680905398653 0.889890928142 2.46068725494 -2.25170172545
412 403 0.538002441516 2.10879876831 -2.60359021207 -1.03279388528
413 404 -0.298827677404 1.27196864939 2.84276497619 -1.8696240042
414 403 -0.401404758576 1.16939156822 2.74018789501 -1.97220108537
415 406 -0.636946731254 0.933849595541 2.50464592234 -2.20774305805
416 411 0.697339275433 2.26813560223 -2.44425337816 -0.873457051362
417 409 -0.513370218719 1.05742610808 2.62822243487 -2.08416654551
418 409 0.478423707192 2.04922003399 -2.6631689464 -1.0923726196
419 415 0.404843776807 1.9756401036 -2.73674887678 -1.16595254999
420 413 -0.663192508565 0.90760381823 2.47840014502 -2.23398883536
421 411 0.66382037573 2.23461670252 -2.47777227786 -0.906975951065
422 416 0.637982138064 2.20877846486 -2.50361051553 -0.932814188731
423 412 0.574954175312 2.14575050211 -2.56663847828 -0.995842151483
424 414 -0.755378895733 0.815417431062 2.38621375786 -2.32617522253
425 421 0.442892178385 2.01368850518 -2.6987004752 -1.12790414841
426 423 -0.752447049062 0.818349277733 2.38914560453 -2.32324337586
427 422 -0.669458579662 0.901337747133 2.47213407393 -2.24025490646
428 424 0.692205611152 2.26300193795 -2.44938704244 -0.878590715643
