698 4 0
0 1 0.382870409322 1.95366673612 -2.75872224427 -1.18792591747
1 0 -0.646357136222 0.924439190573 2.49523551737 -2.21715346302
2 0 0.444963593411 2.01575992021 -2.69662906018 -1.12583273338
3 0 0.717818033895 2.28861436069 -2.4237746197 -0.8529782929
4 0 -0.166376609908 1.40441971689 2.97521604368 -1.7371729367
5 0 -0.234993788371 1.33580253842 2.90659886522 -1.80579011517
6 0 -0.0166100996213 1.55418622717 3.12498255397 -1.58740642642
7 0 0.284032094223 1.85482842102 -2.85756055937 -1.28676423257
8 0 0.547371890848 2.11816821764 -2.59422076274 -1.02342443595
9 0 -0.784667320834 0.786129005961 2.35692533276 -2.35546364763
10 0 -0.554529213739 1.01626711306 2.58706343985 -2.12532554053
11 0 -0.223054553601 1.34774177319 2.91853809999 -1.7938508804
12 0 0.044356988342 1.61515331514 -3.09723566525 -1.52643933845
13 0 0.345711590007 1.9165079168 -2.79588106358 -1.22508473679
14 11 -0.77843216914 0.792364157655 2.36316048445 -2.34922849593
15 13 0.345270409833 1.91606673663 -2.79632224376 -1.22552591696
16 14 0.149803616864 1.72059994366 -2.99178903673 -1.42099270993
17 14 -0.55026798306 1.02052834374 2.59132467053 -2.12106430985
18 16 0.0577426295013 1.6285389563 -3.08385002409 -1.51305369729
19 17 0.341785731434 1.91258205823 -2.79980692216 -1.22901059536
20 18 0.138196084056 1.70899241085 -3.00339656953 -1.43260024274
21 19 0.342209876672 1.91300620347 -2.79938277692 -1.22858645012
22 20 0.130135935548 1.70093226234 -3.01145671804 -1.44066039125
23 21 0.408328341074 1.97912466787 -2.73326431252 -1.16246798572
24 22 0.655632519616 2.22642884641 -2.48596013397 -0.915163807179
25 23 0.349570382978 1.92036670977 -2.79202227061 -1.22122594382
26 22 0.119518504824 1.69031483162 -3.02207414877 -1.45127782197
27 24 -0.477627792948 1.09316853385 2.66396486064 -2.04842411974
28 24 0.243235239624 1.81403156642 -2.89835741397 -1.32756108717
29 24 -0.673867351877 0.896928974918 2.46772530171 -2.24466367867
30 27 0.117614156538 1.68841048333 -3.02397849705 -1.45318217026
31 28 0.256177845962 1.82697417276 -2.88541480763 -1.31461848083
32 28 -0.470322689027 1.10047363777 2.67126996456 -2.04111901582
33 27 0.166392362919 1.73718868971 -2.97520029067 -1.40440396388
34 30 0.00741341779113 1.57820974459 -3.1341792358 -1.563382909
35 30 0.458179827906 2.0289761547 -2.68341282568 -1.11261649889
36 30 -0.699686916638 0.871109410156 2.44190573695 -2.27048324343
37 30 0.053821545348 1.62461787214 -3.08777110824 -1.51697478145
38 32 -0.445712307664 1.12508401913 2.69588034593 -2.01650863446
39 32 0.376746038124 1.94754236492 -2.76484661547 -1.19405028867
40 38 -0.63834582353 0.932450503264 2.50324683006 -2.20914215033
41 39 0.362380207882 1.93317653468 -2.77921244571 -1.20841611891
42 40 0.270303807795 1.84110013459 -2.87128884579 -1.300492519
43 31 0.445303758675 2.01610008547 -2.69628889491 -1.12549256812
44 31 -0.486236680925 1.08455964587 2.65535597266 -2.05703300772
45 37 -0.0202933887297 1.55050293807 3.12129926486 -1.59108971552
46 38 0.0984308137565 1.66922714055 -3.04316183983 -1.47236551304
47 41 0.592040976088 2.16283730288 -2.5495516775 -0.978755350707
48 41 -0.394524612063 1.17627171473 2.74706804153 -1.96532093886
49 47 0.74820023312 2.31899655991 -2.39339242047 -0.822596093675
50 48 0.0872395658799 1.65803589267 -3.05435308771 -1.48355676091
51 48 0.579449542198 2.15024586899 -2.56214311139 -0.991346784597
52 41 0.357365965025 1.92816229182 -2.78422668856 -1.21343036177
53 51 0.680734704718 2.25153103151 -2.46085794887 -0.890061622077
54 51 -0.177839691081 1.39295663571 2.96375296251 -1.74863601788
55 51 0.325353099259 1.89614942605 -2.81623955433 -1.24544322754
56 53 -0.654442200611 0.916354126183 2.48715045298 -2.22523852741
57 54 0.506159435589 2.07695576238 -2.635433218 -1.06463689121
58 53 -0.517247764298 1.0535485625 2.62434488929 -2.08804409109
59 50 0.349602339939 1.92039866673 -2.79199031365 -1.22119398686
60 59 -0.368151870854 1.20264445594 2.77344078274 -1.93894819765
61 38 0.527407582861 2.09820390966 -2.61418507073 -1.04338874393
62 42 -0.178205177148 1.39259114965 2.96338747644 -1.74900150394
63 47 0.0279201542018 1.598716481 -3.11367249939 -1.54287617259
64 49 -0.204898484685 1.36589784211 2.9366941689 -1.77569481148
65 38 -0.752828118353 0.817968208442 2.38876453524 -2.32362444515
66 38 0.0855353088346 1.65633163563 -3.05605734476 -1.48526101796
67 61 0.295561052571 1.86635737937 -2.84603160102 -1.27523527422
68 61 -0.349106417154 1.22168990964 2.79248623644 -1.91990274395
69 65 0.162120955571 1.73291728237 -2.97947169802 -1.40867537122
70 67 -0.469006343681 1.10178998311 2.67258630991 -2.03980267048
71 69 0.0297280988041 1.6005244256 -3.11186455479 -1.54106822799
72 70 -0.247827335377 1.32296899142 2.89376531821 -1.81862366217
73 60 0.0819536804571 1.65275000725 -3.05963897313 -1.48884264634
74 73 -0.245431070551 1.32536525624 2.89616158304 -1.81622739735
75 36 -0.237692132319 1.33310419448 2.90390052127 -1.80848845911
76 34 -0.426089072589 1.14470725421 2.715503581 -1.99688539938
77 34 0.305903563502 1.8766998903 -2.83568909009 -1.26489276329
78 34 -0.281302154302 1.28949417249 2.86029049929 -1.8520984811
79 33 0.166772500154 1.73756882695 -2.97482015344 -1.40402382664
80 33 -0.641088437477 0.929707889318 2.50050421611 -2.21188476427
81 27 -0.189683142766 1.38111318403 2.95190951082 -1.76047946956
82 63 -0.590666616355 0.98012971044 2.55092603723 -2.16146294315
83 63 -0.525563078876 1.04523324792 2.61602957471 -2.09635940567
84 73 -0.635647916609 0.935148410185 2.50594473698 -2.2064442434
85 73 0.207724354454 1.77852068125 -2.93386829914 -1.36307197234
86 84 0.0186529357726 1.58944926257 -3.12293971782 -1.55214339102
87 83 -0.110811405871 1.45998492092 3.03078124772 -1.68160773267
88 86 -0.626117918086 0.944678408709 2.5154747355 -2.19691424488
89 86 -0.585568470075 0.98522785672 2.55602418351 -2.15636479687
90 86 0.406274959296 1.97707128609 -2.73531769429 -1.1645213675
91 86 -0.533454051084 1.03734227571 2.60813860251 -2.10425037788
92 86 0.47154035277 2.04233667956 -2.67005230082 -1.09925597402
93 68 0.0408917054644 1.61168803226 -3.10070094813 -1.52990462133
94 67 0.248513269172 1.81930959597 -2.89307938442 -1.32228305762
95 72 0.109500277841 1.68029660464 -3.03209237575 -1.46129604895
96 71 -0.236908007173 1.33388831962 2.90468464642 -1.80770433397
97 88 0.151543059348 1.72233938614 -2.99004959424 -1.41925326745
98 88 -0.313938855317 1.25685747148 2.82765379827 -1.88473518211
99 89 0.204287493197 1.77508381999 -2.93730516039 -1.3665088336
100 89 0.674663364354 2.24545969115 -2.46692928924 -0.896132962441
101 90 0.436250069382 2.00704639618 -2.70534258421 -1.13454625741
102 99 0.305182274796 1.87597860159 -2.83641037879 -1.265614052
103 101 0.315623618011 1.88641994481 -2.82596903558 -1.25517270878
104 99 -0.763140603601 0.807655723193 2.37845204999 -2.3339369304
105 102 0.245640107186 1.81643643398 -2.8959525464 -1.32515621961
106 108 -0.0943793137505 1.47641701304 3.04721333984 -1.66517564055
107 103 -0.532834616534 1.03796171026 2.60875803706 -2.10363094333
108 106 0.580156040878 2.15095236767 -2.56143661271 -0.990640285917
109 106 -0.345648291069 1.22514803573 2.79594436252 -1.91644461786
110 109 -0.1138187783 1.45697754849 3.02777387529 -1.6846151051
111 109 -0.654611649786 0.916184677009 2.4869810038 -2.22540797658
112 111 0.752090128554 2.32288645535 -2.38950252504 -0.818706198241
113 111 0.632404857957 2.20320118475 -2.50918779563 -0.938391468837
114 108 0.185157176782 1.75595350358 -2.95643547681 -1.38563915001
115 113 0.558670875807 2.1294672026 -2.58292177778 -1.01212545099
116 114 -0.542804983843 1.02799134295 2.59878766975 -2.11360131064
117 115 0.598652693131 2.16944901993 -2.54293996046 -0.972143633664
118 108 0.0593221632088 1.63011849 -3.08227049038 -1.51147416359
119 114 -0.0289999871292 1.54179633967 3.11259266646 -1.59979631392
120 103 0.15385155662 1.72464788341 -2.98774109697 -1.41694477018
121 103 -0.69048362324 0.880312703555 2.45110903035 -2.26127995003
122 118 -0.546946431441 1.02384989535 2.59464622215 -2.11774275824
123 118 0.415336449119 1.98613277591 -2.72625620447 -1.15545987768
124 123 0.744096975508 2.3148933023 -2.39749567808 -0.826699351287
125 118 0.740748425016 2.31154475181 -2.40084422857 -0.830047901779
126 124 0.662025054948 2.23282138174 -2.47956759864 -0.908771271847
127 126 -0.488814514092 1.0819818127 2.6527781395 -2.05961084089
128 118 -0.280915813017 1.28988051378 2.86067684057 -1.85171213981
129 103 0.200636970376 1.77143329717 -2.94095568321 -1.37015935642
130 116 -0.275688827807 1.29510749899 2.86590382578 -1.8464851546
131 116 -0.122128766741 1.44866756005 3.01946388685 -1.69292509354
132 116 -0.565887271198 1.0049090556 2.57570538239 -2.13668359799
133 104 0.676473694163 2.24727002096 -2.46511895943 -0.894322632632
134 104 -0.393763010879 1.17703331592 2.74782964271 -1.96455933767
135 129 0.180859242134 1.75165556893 -2.96073341146 -1.38993708466
136 122 0.235816155844 1.80661248264 -2.90577649775 -1.33498017095
137 135 -0.223978274296 1.3468180525 2.91761437929 -1.79477460109
138 133 -0.745527822712 0.825268504083 2.39606483088 -2.31632414951
139 123 -0.0102297564911 1.5605665703 3.1313628971 -1.58102608329
140 136 0.142917367136 1.71371369393 -2.99867528645 -1.42787895966
141 137 -0.649424465203 0.921371861592 2.49216818839 -2.220220792
142 133 0.469675032114 2.04047135891 -2.67191762148 -1.10112129468
143 99 0.385482712406 1.9562790392 -2.75610994118 -1.18531361439
144 133 0.776087417482 2.34688374428 -2.36550523611 -0.794708909313
145 142 -0.663300281305 0.90749604549 2.47829237229 -2.2340966081
146 142 0.353115395278 1.92391172207 -2.78847725831 -1.21768093152
147 99 -0.319793832397 1.2510024944 2.82179882119 -1.89059015919
148 143 -0.0424989248031 1.52829740199 3.09909372879 -1.6132952516
149 144 0.537787509282 2.10858383608 -2.60380514431 -1.03300881751
150 145 0.382901835078 1.95369816187 -2.75869081851 -1.18789449172
151 146 -0.496465721066 1.07433060573 2.64512693252 -2.06726204786
152 146 0.530215832615 2.10101215941 -2.61137682097 -1.04058049418
153 141 0.663669083886 2.23446541068 -2.4779235697 -0.907127242909
154 141 -0.717667795854 0.853128530941 2.42392485774 -2.28846412265
155 141 -0.644590008452 0.926206318343 2.49700264514 -2.21538633525
156 98 0.559208359847 2.13000468664 -2.58238429374 -1.01158796695
157 95 -0.683845230269 0.886951096526 2.45774742332 -2.25464155706
158 65 -0.315977050595 1.2548192762 2.82561560299 -1.88677337739
159 69 -0.585101757029 0.985694569766 2.55649089656 -2.15589808382
160 65 -0.477860478769 1.09293584803 2.66373217482 -2.04865680556
161 46 -0.16842069334 1.40237563345 2.97317196025 -1.73921702014
162 96 -0.644389523022 0.926406803773 2.49720313057 -2.21518584982
163 45 -0.555787268187 1.01500905861 2.5858053854 -2.12658359498
164 75 0.711797787836 2.28259411463 -2.42979486575 -0.858998538959
165 76 -0.27679603784 1.29400028895 2.86479661575 -1.84759236464
166 76 0.436095805587 2.00689213238 -2.705496848 -1.13470052121
167 77 0.16984086988 1.74063719668 -2.97175178371 -1.40095545691
168 169 -0.377765354264 1.19303097253 2.76382729933 -1.94856168106
169 77 0.399191555206 1.969987882 -2.74240109838 -1.17160477159
170 77 -0.357006700221 1.21378962657 2.78458595337 -1.92780302702
171 77 -0.583444279754 0.987352047041 2.55814837384 -2.15424060655
172 78 -0.249210352354 1.32158597444 2.89238230124 -1.82000667915
173 172 0.272451793456 1.84324812025 -2.86914086013 -1.29834453334
174 170 0.0890915683022 1.6598878951 -3.05250108529 -1.48170475849
175 170 0.319023570388 1.88981989718 -2.8225690832 -1.25177275641
176 79 0.500856414331 2.07165274113 -2.64073623926 -1.06993991246
177 26 0.440294186147 2.01109051294 -2.70129846744 -1.13050214065
178 22 -0.725923311777 0.844873015018 2.41566934181 -2.29671963857
179 80 -0.193490282427 1.37730604437 2.94810237116 -1.76428660922
180 176 0.432325683023 2.00312200982 -2.70926697057 -1.13847064377
181 173 0.0306719522894 1.60146827908 -3.1109207013 -1.54012437451
182 168 0.45247399015 2.02327031695 -2.68911866344 -1.11832233664
183 182 -0.391972179041 1.17882414775 2.74962047455 -1.96276850584
184 185 -0.656129051115 0.91466727568 2.48546360247 -2.22692537791
185 99 0.764193554298 2.33498988109 -2.37739909929 -0.806602772497
186 99 0.13709408733 1.70789041412 -3.00449856626 -1.43370223946
187 149 -0.492440919961 1.07835540683 2.64915173363 -2.06323724676
188 150 0.353356100224 1.92415242702 -2.78823655337 -1.21744022657
189 148 0.104432407208 1.675228734 -3.03716024638 -1.46636391959
190 148 -0.587243777465 0.98355254933 2.55434887612 -2.15804010426
191 187 -0.485131252706 1.08566507409 2.65646140088 -2.0559275795
192 147 0.207331762393 1.77812808919 -2.9342608912 -1.3634645644
193 147 0.570256562694 2.14105288949 -2.5713360909 -1.0005397641
194 190 -0.00126367602203 1.56953265077 3.14032897757 -1.57206000282
195 190 -0.775829866833 0.794966459962 2.36576278676 -2.34662619363
196 187 0.455958901642 2.02675522844 -2.68563375195 -1.11483742515
197 191 0.018761742585 1.58955806938 -3.122830911 -1.55203458421
198 173 0.403112465358 1.97390879215 -2.73848018823 -1.16768386144
199 173 -0.3339609522 1.23683537459 2.80763170139 -1.904757279
200 198 -0.0691194979577 1.50167682884 3.07247315563 -1.63991582475
201 198 0.604227383407 2.1750237102 -2.53736527018 -0.966568943388
202 203 -0.348598702723 1.22219762407 2.79299395087 -1.91939502952
203 202 -0.377848634348 1.19294769245 2.76374401924 -1.94864496114
204 202 -0.323933718252 1.24686260854 2.81765893534 -1.89473004505
205 198 -0.379248048751 1.19154827804 2.76234460484 -1.95004437555
206 173 0.750508585949 2.32130491274 -2.39108406764 -0.820287740846
207 180 -0.503311075915 1.06748525088 2.63828157767 -2.07410740271
208 180 0.404342955871 1.97513928267 -2.73724969772 -1.16645337092
209 205 0.240217841028 1.81101416782 -2.90137481256 -1.33057848577
210 205 -0.553320636052 1.01747569074 2.58827201754 -2.12411696285
211 205 -0.181972083615 1.38882424318 2.95962056998 -1.75276841041
212 203 -0.590507620848 0.980288705947 2.55108503274 -2.16130394764
213 179 0.574335764338 2.14513209113 -2.56725688925 -0.996460562457
214 20 0.61111355711 2.1819098839 -2.53047909648 -0.959682769685
215 180 -0.695522697175 0.87527362962 2.44606995641 -2.26631902397
216 16 -0.633818523625 0.93697780317 2.50777412997 -2.20461485042
217 20 0.0310824102782 1.60187873707 -3.11051024331 -1.53971391652
218 216 -0.437783729543 1.13301259725 2.70380892405 -2.00858005634
219 214 0.777037001034 2.34783332783 -2.36455565256 -0.793759325761
220 180 -0.524348999455 1.04644732734 2.61724365414 -2.09514532625
221 16 0.191867293002 1.7626636198 -2.94972536059 -1.37892903379
222 11 -0.0712848134036 1.49951151339 3.07030784019 -1.6420811402
223 10 -0.637139738896 0.933656587899 2.50445291469 -2.20793606569
224 218 -0.521795930102 1.04900039669 2.61979672349 -2.0925922569
225 9 -0.722135158702 0.848661168093 2.41945749489 -2.2929314855
226 224 -0.510400565316 1.06039576148 2.63119208827 -2.08119689211
227 218 -0.665282474913 0.905513851882 2.47631017868 -2.23607880171
228 218 0.00711828069778 1.57791460749 -3.13447437289 -1.5636780461
229 215 -0.663273749248 0.907522577546 2.47831890434 -2.23407007604
230 8 0.556943811441 2.12774013824 -2.58464884215 -1.01385251535
231 6 -0.766041683829 0.804754642966 2.37555096976 -2.33683801062
232 5 0.460270222914 2.03106654971 -2.68132243068 -1.11052610388
233 4 0.452219545423 2.02301587222 -2.68937310817 -1.11857678137
234 225 0.128998856675 1.69979518347 -3.01259379691 -1.44179747012
235 226 -0.0448075582665 1.52598876853 3.09678509532 -1.61560388506
236 209 0.0896299274456 1.66042625424 -3.05196272614 -1.48116639935
237 211 0.35792676649 1.92872309329 -2.7836658871 -1.2128695603
238 204 0.495031789933 2.06582811673 -2.64656086366 -1.07576453686
239 204 0.657847770164 2.22864409696 -2.48374488343 -0.912948556631
240 204 0.266405331455 1.83720165825 -2.87518732213 -1.30439099534
241 236 -0.164875514362 1.40592081243 2.97671713923 -1.73567184116
242 236 0.777373558086 2.34816988488 -2.3642190955 -0.793422768709
243 241 0.0908282423831 1.66162456918 -3.05076441121 -1.47996808441
244 237 0.198265909497 1.76906223629 -2.94332674409 -1.3725304173
245 237 0.143757712043 1.71455403884 -2.99783494155 -1.42703861475
246 209 -0.359587587776 1.21120873902 2.78200506581 -1.93038391457
247 209 0.130686907476 1.70148323427 -3.01090574611 -1.44010941932
248 215 -0.714746591533 0.856049735262 2.42684606206 -2.28554291833
249 215 0.00476288514189 1.57555921194 -3.13682976845 -1.56603344165
250 227 -0.238416838559 1.33237948824 2.90317581503 -1.80921316535
251 236 0.146838950045 1.71763527684 -2.99475370354 -1.42395737675
252 236 -0.317201270655 1.25359505614 2.82439138294 -1.88799759745
253 236 0.67346900339 2.24426533018 -2.4681236502 -0.897327323405
254 252 -0.624143104844 0.946653221951 2.51744954875 -2.19493943164
255 251 0.358697273037 1.92949359983 -2.78289538055 -1.21209905376
256 251 0.695239386118 2.26603571291 -2.44635326747 -0.875556940677
257 255 -0.116743177668 1.45405314913 3.02484947592 -1.68753950446
258 256 -0.636457578384 0.934338748411 2.50513507521 -2.20725390518
259 256 -0.524822114067 1.04597421273 2.61677053952 -2.09561844086
260 242 0.579347113987 2.15014344078 -2.5622455396 -0.991449212808
261 242 0.406242900925 1.97703922772 -2.73534975266 -1.16455342587
262 236 0.302227142846 1.87302346964 -2.83936551074 -1.26856918395
263 247 -0.540849246772 1.02994708002 2.60074340682 -2.11164557357
264 247 0.639739650382 2.21053597718 -2.50185300321 -0.931056676413
265 248 0.623398378717 2.19419470551 -2.51819427487 -0.947397948078
266 249 0.573064490757 2.14386081755 -2.56852816283 -0.997731836038
267 250 0.562030811538 2.13282713833 -2.57956184205 -1.00876551526
268 234 -0.520319272732 1.05047705406 2.62127338086 -2.09111559953
269 230 -0.0948231281353 1.47597319866 3.04676952545 -1.66561945493
270 231 -0.610578680286 0.960217646509 2.5310139733 -2.18137500708
271 232 -0.557531382429 1.01326494437 2.58406127116 -2.12832770922
272 4 0.577534808712 2.14833113551 -2.56405784488 -0.993261518083
273 272 0.577557477426 2.14835380422 -2.56403517616 -0.993238849369
274 267 0.496963612592 2.06775993939 -2.644629041 -1.0738327142
275 267 -0.510165394566 1.06063093223 2.63142725902 -2.08096172136
276 266 0.522591960303 2.0933882871 -2.61900069329 -1.04820436649
277 264 0.637326287585 2.20812261438 -2.504266366 -0.933470039209
278 262 0.667657275245 2.23845360204 -2.47393537834 -0.90313905155
279 253 0.647411908395 2.21820823519 -2.49418074519 -0.923384418399
280 253 0.720924050934 2.29172037773 -2.42066860266 -0.84987227586
281 254 0.702133302638 2.27292962943 -2.43945935095 -0.868663024157
282 252 -0.0949457064427 1.47585062035 3.04664694715 -1.66574203324
283 255 -0.742717257572 0.828079069223 2.39887539602 -2.31351358437
284 281 0.242386564255 1.81318289105 -2.89920608934 -1.32840976254
285 255 -0.018729808286 1.55206651851 3.1228628453 -1.58952613508
286 257 0.156547819109 1.7273441459 -2.98504483448 -1.41424850769
287 257 0.738895666898 2.30969199369 -2.40269698669 -0.831900659897
288 257 -0.131674762385 1.43912156441 3.0099178912 -1.70247108918
289 287 0.745444634158 2.31624096095 -2.39614801943 -0.825351692637
290 288 0.465934106877 2.03673043367 -2.67565854671 -1.10486221992
291 283 -0.692418656791 0.878377670004 2.4491739968 -2.26321498359
292 285 0.401338402617 1.97213472941 -2.74025425097 -1.16945792418
293 285 -0.641013558581 0.929782768214 2.50057909501 -2.21180988538
294 287 0.356017769977 1.92681409677 -2.78557488361 -1.21477855682
295 283 -0.0284118249114 1.54238450188 3.11318082868 -1.59920815171
296 291 -0.432958082068 1.13783824473 2.70863457152 -2.00375440886
297 292 0.568231977418 2.13902830421 -2.57336067617 -1.00256434938
298 293 0.258377014093 1.82917334089 -2.8832156395 -1.3124193127
299 300 0.153206436401 1.7240027632 -2.98838621719 -1.41758989039
300 299 0.405812039434 1.97660836623 -2.73578061416 -1.16498428736
301 299 0.67441290666 2.24520923345 -2.46717974693 -0.896383420135
302 299 0.413731904671 1.98452823147 -2.72786074892 -1.15706442212
303 299 -0.661837407149 0.908958919646 2.47975524644 -2.23263373394
304 302 0.643535239831 2.21433156663 -2.49805741376 -0.927261086964
305 303 -0.553592581033 1.01720374576 2.58800007256 -2.12438890783
306 304 -0.0926297478437 1.47816657895 3.04896290575 -1.66342607464
307 305 -0.017016667424 1.55377965937 3.12457598617 -1.58781299422
308 306 -0.77958665274 0.791209674055 2.36200600085 -2.35038297953
309 299 0.712882372398 2.28367869919 -2.42871028119 -0.857913954397
310 299 0.0813113247412 1.65210765154 -3.06028132885 -1.48948500205
311 309 0.276701335969 1.84749766276 -2.86489131762 -1.29409499083
312 299 0.297477712851 1.86827403965 -2.84411494074 -1.27331861394
313 309 0.261237734508 1.8320340613 -2.88035491908 -1.30955859229
314 313 0.600549580572 2.17134590737 -2.54104307302 -0.970246746223
315 313 0.174213536581 1.74500986338 -2.96737911701 -1.39658279021
316 309 -0.108803655321 1.46199267147 3.03278899827 -1.67959998212
317 313 0.208590037017 1.77938636381 -2.93300261657 -1.36220628978
318 307 0.163943509441 1.73473983624 -2.97764914415 -1.40685281735
319 318 -0.308933472008 1.26186285479 2.83265918158 -1.8797297988
320 307 -0.00358530108877 1.56721102571 3.1380073525 -1.57438162788
321 319 -0.040288650503 1.53050767629 3.10130400309 -1.6110849773
322 308 0.0759894091923 1.64678573599 -3.0656032444 -1.4948069176
323 321 -0.147042814663 1.42375351213 2.99454983893 -1.71783914146
324 319 -0.325861187431 1.24493513936 2.81573146616 -1.89665751423
325 323 -0.0148378047721 1.55595852202 3.12675484882 -1.58563413157
326 324 0.104902579814 1.67569890661 -3.03669007378 -1.46589374698
327 328 0.221006974246 1.79180330104 -2.92058567934 -1.34978935255
328 326 0.164965438251 1.73576176505 -2.97662721534 -1.40583088854
329 325 -0.000762100498796 1.5700342263 3.14083055309 -1.57155842729
330 327 -0.00269033195111 1.56810599484 3.13890232164 -1.57348665875
331 327 0.210481498524 1.78127782532 -2.93111115507 -1.36031482827
332 333 -0.411326936626 1.15946939017 2.73026571696 -1.98212326342
333 332 -0.231365157243 1.33943116955 2.91022749635 -1.80216148404
334 332 0.366539442876 1.93733576967 -2.77505321071 -1.20425688392
335 330 -0.422143552993 1.1486527738 2.7194491006 -1.99293987979
336 330 0.370926532447 1.94172285924 -2.77066612114 -1.19986979435
337 335 0.212534857976 1.78333118477 -2.92905779561 -1.35826146882
338 336 0.633657165017 2.20445349181 -2.50793548857 -0.937139161777
339 337 0.553125402122 2.12392172892 -2.58846725147 -1.01767092467
340 337 0.349453391835 1.92024971863 -2.79213926176 -1.22134293496
341 339 -0.125342407381 1.44545391941 3.01625024621 -1.69613873418
342 339 -0.583990154095 0.9868061727 2.5576024995 -2.15478648089
343 344 -0.630225881334 0.940570445461 2.51136677226 -2.20102220813
344 343 0.567800178677 2.13859650547 -2.57379247491 -1.00299614812
345 342 -0.532968066254 1.03782826054 2.60862458734 -2.10376439305
346 345 -0.532948583624 1.03784774317 2.60864406997 -2.10374491042
347 0 -0.721872195673 0.848924131122 2.41972045792 -2.29266852247
348 0 -0.54610319497 1.02469313183 2.59548945862 -2.11689952176
349 342 -0.752537606956 0.818258719839 2.38905504663 -2.32333393375
350 341 0.530169666043 2.10096599284 -2.61142298755 -1.04062666075
351 340 -0.367088285321 1.20370804147 2.77450436827 -1.93788461212
352 340 0.217128751106 1.7879250779 -2.92446390248 -1.35366757569
353 341 -0.692357147045 0.87843917975 2.44923550655 -2.26315347384
354 335 -0.466488616338 1.10430771046 2.67510403725 -2.03728494313
355 331 -0.455858800232 1.11493752656 2.68573385336 -2.02665512703
356 327 -0.442245772791 1.128550554 2.6993468808 -2.01304209959
357 326 -0.651865920037 0.918930406758 2.48972673355 -2.22266224683
358 326 -0.0992953028797 1.47150102392 3.04229735071 -1.67009162967
359 319 -0.693428102207 0.877368224588 2.44816455138 -2.264224429
360 361 -0.619827343563 0.950968983232 2.52176531003 -2.19062367036
361 318 0.493489769457 2.06428609625 -2.64810288413 -1.07730655734
362 359 0.0308063899655 1.60160271676 -3.11078626362 -1.53998993683
363 360 0.396365581889 1.96716190868 -2.7452270717 -1.17443074491
364 362 0.473369197581 2.04416552438 -2.66822345601 -1.09742712921
365 314 -0.0360623212852 1.53473400551 3.1055303323 -1.60685864808
366 359 -0.681319641398 0.889476685397 2.46027301219 -2.25211596819
367 352 0.0103232576516 1.58111958445 -3.13126939594 -1.56047306914
368 354 0.0829580887013 1.6537544155 -3.05863456489 -1.48783823809
369 355 -0.121669255724 1.44912707107 3.01992339787 -1.69246558252
370 355 0.639757299114 2.21055362591 -2.50183535448 -0.93103902768
371 357 0.539346317064 2.11014264386 -2.60224633653 -1.03145000973
372 366 0.589044115638 2.15984044243 -2.55254853795 -0.981752211157
373 359 0.309258711534 1.88005503833 -2.83233394206 -1.26153761526
374 373 0.245665646286 1.81646197308 -2.8959270073 -1.32513068051
375 373 0.235447467628 1.80624379442 -2.90614518596 -1.33534885917
376 373 0.523973038808 2.0947693656 -2.61761961478 -1.04682328799
377 374 0.302164656066 1.87296098286 -2.83942799752 -1.26863167073
378 334 0.672224162792 2.24302048959 -2.4693684908 -0.898572164003
379 373 -0.203525725585 1.36727060121 2.938066928 -1.77432205238
380 359 0.116355852137 1.68715217893 -3.02523680145 -1.45444047466
381 359 -0.311980130545 1.25881619625 2.82961252305 -1.88277645734
382 383 0.0719576679837 1.64275399478 -3.06963498561 -1.49883865881
383 382 0.672793407697 2.24358973449 -2.46879924589 -0.898002919098
384 333 -0.194775380736 1.37602094606 2.94681727285 -1.76557170753
385 332 -0.284846249089 1.28595007771 2.8567464045 -1.85564257588
386 384 -0.505311236668 1.06548509013 2.63628141692 -2.07610756346
387 333 0.0827320815389 1.65352840833 -3.05886057205 -1.48806424526
388 332 0.126081010213 1.69687733701 -3.01551164338 -1.44471531658
389 351 -0.190395519345 1.38040080745 2.95119713424 -1.76119184614
390 351 0.674319590438 2.24511591723 -2.46727306315 -0.896476736357
391 0 -0.768295377966 0.802500948829 2.37329727562 -2.33909170476
392 0 0.490324775121 2.06112110192 -2.65126787847 -1.08047155167
393 0 0.145736201151 1.71653252795 -2.99585645244 -1.42506012564
394 0 -0.0379620016989 1.5328343251 3.10363065189 -1.60875832849
395 369 -0.225857418832 1.34493890796 2.91573523476 -1.79665374563
396 370 -0.185146543812 1.38564978298 2.95644610978 -1.75594287061
397 368 -0.112696778005 1.45809954879 3.02889587559 -1.6834931048
398 367 -0.172645189573 1.39815113722 2.96894746402 -1.74344151637
399 367 0.469102267187 2.03989859398 -2.6724903864 -1.10169405961
400 390 0.0989234315084 1.6697197583 -3.04266922208 -1.47187289529
401 0 -0.27891060903 1.29188571776 2.86268204456 -1.84970693582
402 398 0.381581579229 1.95237790602 -2.76001107436 -1.18921474757
403 397 0.690002963378 2.26079929017 -2.45158969021 -0.880793363417
404 399 0.398633484913 1.96942981171 -2.74295916868 -1.17216284188
405 0 -0.629261695931 0.941534630864 2.51233095766 -2.20005802273
406 0 0.690668345155 2.26146467195 -2.45092430843 -0.88012798164
407 13 0.0938081134504 1.66460444025 -3.04778454014 -1.47698821334
408 17 0.559972677293 2.13076900409 -2.5816199763 -1.0108236495
409 17 -0.438278568924 1.13251775787 2.70331408467 -2.00907489572
410 395 -0.45004290417 1.12075342263 2.69154974942 -2.02083923096
411 397 -0.440815980146 1.12998034665 2.70077667344 -2.01161230694
412 19 0.177256439235 1.74805276603 -2.96433621436 -1.39353988756
413 395 0.107102243051 1.67789856985 -3.03449041054 -1.46369408374
414 370 0.700688177961 2.27148450476 -2.44090447563 -0.870108148834
415 377 0.641545796437 2.21234212323 -2.50004685715 -0.929250530358
416 378 -0.498007715736 1.07278861106 2.64358493785 -2.06880404253
417 377 -0.0720578520453 1.49873847475 3.06953480154 -1.64285417884
418 416 0.471958135561 2.04275446236 -2.66963451803 -1.09883819123
419 332 -0.553019068569 1.01777725823 2.58857358502 -2.12381539536
420 334 -0.296422365187 1.27437396161 2.8451702884 -1.86721869198
421 419 0.317471031863 1.88826735866 -2.82412162173 -1.25332529493
422 21 0.162463728163 1.73326005496 -2.97912892543 -1.40833259863
423 410 -0.0128328761923 1.5579634506 3.1287597774 -1.58362920299
424 396 -0.364518133507 1.20627819329 2.77707452008 -1.9353144603
425 396 -0.326810058171 1.24398626862 2.81478259542 -1.89760638497
426 396 -0.765325157878 0.805471168917 2.37626749571 -2.33612148467
427 371 0.445201079971 2.01599740677 -2.69639157362 -1.12559524682
428 371 0.00171693611688 1.57251326291 -3.13987571747 -1.56907939068
429 426 0.657328359168 2.22812468596 -2.48426429442 -0.913467967627
430 427 -0.464932838432 1.10586348836 2.67665981516 -2.03572916523
431 427 -0.0275019538715 1.54329437292 3.11409069972 -1.59829828067
432 415 -0.114642400851 1.45615392594 3.02695025274 -1.68543872765
433 377 -0.569403172705 1.00139315409 2.57218948089 -2.1401994995
434 416 -0.575665433338 0.995130893457 2.56592722025 -2.14646176013
435 421 0.595826856187 2.16662318298 -2.5457657974 -0.974969470608
436 434 -0.626520216655 0.94427611014 2.51507243693 -2.19731654345
437 435 0.650528212746 2.22132453954 -2.49106444084 -0.920268114049
438 417 -0.762951765161 0.807844561634 2.37864088843 -2.33374809196
439 429 0.490981805771 2.06177813257 -2.65061084782 -1.07981452102
440 429 -0.549027648328 1.02176867847 2.59256500526 -2.11982397512
441 430 0.756183193613 2.32697952041 -2.38540945998 -0.814613133182
442 432 -0.468903382404 1.10189294439 2.67268927119 -2.0396997092
443 439 -0.336593914412 1.23420241238 2.80499873918 -1.90739024121
444 332 0.341924768201 1.912721095 -2.79966788539 -1.22887155859
445 388 0.176081337562 1.74687766436 -2.96551131603 -1.39471498923
446 419 -0.344735845155 1.22606048164 2.79685680844 -1.91553217195
447 421 -0.358738834613 1.21205749218 2.78285381898 -1.92953516141
448 435 -0.348919437924 1.22187688887 2.79267321567 -1.91971576472
449 450 -0.642366246867 0.928430079928 2.49922640672 -2.21316257366
450 449 -0.615262101733 0.955534225062 2.52633055186 -2.18605842853
451 449 -0.495253230754 1.07554309604 2.64633942284 -2.06604955755
452 449 -0.329902620174 1.24089370662 2.81169003342 -1.90069894697
453 449 -0.229415738341 1.34138058845 2.91217691525 -1.80021206514
454 449 -0.676054409707 0.894741917088 2.46553824388 -2.2468507365
455 382 -0.340250998371 1.23054532842 2.80134165522 -1.91104732517
456 382 -0.763587825 0.807208501795 2.37800482859 -2.3343841518
457 382 -0.465472630636 1.10532369616 2.67612002295 -2.03626895743
458 382 0.239188601742 1.80998492854 -2.90240405185 -1.33160772505
459 457 -0.224919732871 1.34587659392 2.91667292072 -1.79571605967
460 388 -0.350254020282 1.22054230651 2.79133863331 -1.92105034708
461 450 -0.22713006109 1.3436662657 2.9144625925 -1.79792638789
462 461 0.122481091701 1.6932774185 -3.01911156189 -1.44831523509
463 461 -0.324879643688 1.24591668311 2.8167130099 -1.89567597048
464 463 -0.186525734916 1.38427059188 2.95506691867 -1.75732206171
465 382 0.214508494452 1.78530482125 -2.92708415914 -1.35628783234
466 447 -0.619101278883 0.951695047912 2.52249137471 -2.18989760568
467 446 -0.511552707079 1.05924361972 2.63003994651 -2.08234903387
468 445 0.208390442241 1.77918676904 -2.93320221135 -1.36240588455
469 388 0.671494703406 2.2422910302 -2.47009795018 -0.899301623388
470 459 -0.441897046717 1.12889928008 2.69969560687 -2.01269337351
471 466 -0.68960830203 0.881188024765 2.45198435156 -2.26040462882
472 468 0.205282235601 1.7760785624 -2.93631041799 -1.36551409119
473 470 -0.10109543296 1.46970089383 3.04049722063 -1.67189175976
474 470 0.576989483955 2.14778581075 -2.56460316964 -0.99380684284
475 459 0.00544536618394 1.57624169298 -3.13614728741 -1.56535096061
476 473 -0.0544777040147 1.51631862278 3.08711494958 -1.62527403081
477 475 0.0743799158802 1.64517624268 -3.06721273771 -1.49641641091
478 465 -0.693079693943 0.877716632852 2.44851295965 -2.26387602074
479 465 -0.157389897571 1.41340642922 2.98420275602 -1.72818622437
480 461 0.0553688141097 1.6261651409 -3.08622383948 -1.51542751269
481 463 -0.299927772204 1.27086855459 2.84166488139 -1.870724099
482 463 0.155959098935 1.72675542573 -2.98563355465 -1.41483722786
483 482 0.206634709203 1.777431036 -2.93495794439 -1.36416161759
484 439 -0.696396462798 0.874399863997 2.44519619079 -2.26719278959
485 436 0.343093376948 1.91388970374 -2.79849927664 -1.22770294985
486 448 -0.266521701788 1.30427462501 2.8750709518 -1.83731802858
487 436 -0.214136127326 1.35666019947 2.92745652626 -1.78493245412
488 486 0.36129804812 1.93209437492 -2.78029460547 -1.20949827867
489 484 -0.11280869787 1.45798762892 3.02878395572 -1.68360502466
490 466 0.0590395297846 1.62983585658 -3.08255312381 -1.51175679701
491 486 0.0868481629374 1.65764448973 -3.05474449065 -1.48394816386
492 476 -0.0651162340483 1.50568009275 3.07647641954 -1.63591256084
493 473 0.625393467228 2.19618979402 -2.51619918636 -0.945402859567
494 490 -0.116774850969 1.45402147583 3.02481780262 -1.68757117776
495 491 -0.187839371198 1.3829569556 2.95375328239 -1.75863569799
496 494 0.66354435728 2.23434068407 -2.47804829631 -0.907251969515
497 471 -0.323368119675 1.24742820712 2.81822453391 -1.89416444647
498 486 -0.218863100222 1.35193322657 2.92272955337 -1.78965942702
499 484 0.0316645813492 1.60246090814 -3.10992807224 -1.53913174545
500 484 -0.0636909888895 1.50710533791 3.0779016647 -1.63448731568
501 496 -0.582080116227 0.988716210567 2.55951253736 -2.15287644302
502 488 0.106885084715 1.67768141151 -3.03470756887 -1.46391124208
503 484 -0.349031489515 1.22176483728 2.79256116408 -1.91982781631
504 439 0.380970446411 1.95176677321 -2.76062220718 -1.18982588038
505 422 0.576473070901 2.1472693977 -2.56511958269 -0.994323255894
506 396 0.239551746975 1.81034807377 -2.90204090661 -1.33124457982
507 429 0.44416412958 2.01496045637 -2.69742852401 -1.12663219721
508 424 -0.680438186552 0.890358140243 2.46115446704 -2.25123451335
509 508 -0.706721274043 0.864075052752 2.43487137955 -2.27751760084
510 423 -0.709509103295 0.861287223499 2.43208355029 -2.28030543009
511 505 0.648713675848 2.21951000264 -2.49287897774 -0.922082650947
512 507 -0.729026318984 0.841770007811 2.41256633461 -2.29982264578
513 506 0.127211394077 1.69800772087 -3.01438125951 -1.44358493272
514 429 -0.759240710679 0.811555616116 2.38235194291 -2.33003703747
515 504 -0.45629184479 1.114504482 2.6853008088 -2.02708817159
516 499 0.240580363502 1.8113766903 -2.90101229009 -1.33021596329
517 499 0.314164422956 1.88496074975 -2.82742823063 -1.25663190384
518 516 -0.219951707093 1.3508446197 2.9216409465 -1.79074803389
519 516 -0.743866923476 0.826929403319 2.39772573011 -2.31466325027
520 519 -0.36201086405 1.20878546275 2.77958178954 -1.93280719084
521 519 -0.0690600553662 1.50173627143 3.07253259822 -1.63985638216
522 519 -0.516822512078 1.05397381472 2.62477014151 -2.08761883887
523 522 0.472393853741 2.04319018054 -2.66919879985 -1.09840247305
524 522 -0.421529859847 1.14926646695 2.72006279374 -1.99232618664
525 523 0.0915168645803 1.66231319138 -3.05007578901 -1.47927946221
526 525 0.399053988319 1.96985031511 -2.74253866527 -1.17174233848
527 496 -0.677774428662 0.893021898133 2.46381822493 -2.24857075546
528 496 0.313144014575 1.88394034137 -2.82844863901 -1.25765231222
529 496 -0.45479033105 1.11600599574 2.68680232254 -2.02558665785
530 496 0.772312447032 2.34310877383 -2.36928020656 -0.798483879763
531 529 -0.140226680997 1.4305696458 3.00136597259 -1.71102300779
532 529 -0.729570056937 0.841226269858 2.41202259665 -2.30036638373
533 525 0.538728554682 2.10952488148 -2.60286409891 -1.03206777211
534 533 0.760676019976 2.33147234677 -2.38091663361 -0.810120306819
535 531 -0.723053603947 0.847742722848 2.41853904964 -2.29384993074
536 531 -0.437220262448 1.13357606435 2.70437239114 -2.00801658924
537 528 -0.158272890689 1.41252343611 2.9833197629 -1.72906921748
538 527 -0.00351762714577 1.56727869965 3.13807502644 -1.57431395394
539 492 0.203255105447 1.77405143224 -2.93833754814 -1.36754122135
540 492 -0.260415401032 1.31038092576 2.88117725256 -1.83121172783
541 542 0.747366587234 2.31816291403 -2.39422606636 -0.823429739561
542 541 -0.554221879165 1.01657444763 2.58737077442 -2.12501820596
543 542 0.659011172998 2.22980749979 -2.48258148059 -0.911785153797
544 541 -0.101700788723 1.46909553807 3.03989186487 -1.67249711552
545 542 -0.361400478425 1.20939584837 2.78019217516 -1.93219680522
546 542 0.571079163372 2.14187549017 -2.57051349022 -0.999717163422
547 482 -0.409785257692 1.1610110691 2.7318073959 -1.98058158449
548 544 0.278083530777 1.84887985757 -2.86350912281 -1.29271279602
549 481 -0.484717617931 1.08607870886 2.65687503566 -2.05551394473
550 479 -0.256653062631 1.31414326416 2.88493959096 -1.82744938943
551 477 0.205677436348 1.77647376314 -2.93591521724 -1.36511889045
552 546 0.007941121642 1.57873744844 -3.13365153195 -1.56285520515
553 492 -0.186214928801 1.38458139799 2.95537772479 -1.7570112556
554 542 -0.133004438997 1.4377918878 3.00858821459 -1.70380076579
555 542 -0.45843525471 1.11236107208 2.68315739888 -2.0292315815
556 552 -0.763744733913 0.807051592882 2.37784791968 -2.33454106071
557 543 0.412085531852 1.98288185865 -2.72950712174 -1.15871079494
558 557 -0.279492306228 1.29130402057 2.86210034736 -1.85028863302
559 557 -0.0387091590422 1.53208716775 3.10288349455 -1.60950548584
560 559 -0.460665576671 1.11013075012 2.68092707692 -2.03146190347
561 553 0.735321568841 2.30611789564 -2.40627108475 -0.835474757954
562 552 0.0933761808742 1.66417250767 -3.04821647272 -1.47742014592
563 557 0.127847121245 1.69864344804 -3.01374553235 -1.44294920555
564 553 -0.196540722572 1.37425560422 2.94505193102 -1.76733704937
565 561 0.618775675575 2.18957200237 -2.52281697801 -0.95202065122
566 568 -0.20821098679 1.36258534 2.9333816668 -1.77900731359
567 566 -0.692555614146 0.878240712649 2.44903703944 -2.26335194094
568 566 0.53434371216 2.10514003895 -2.60724894143 -1.03645261464
569 566 -0.210782201651 1.36001412514 2.93081045194 -1.78157852845
570 115 0.780023991664 2.35082031846 -2.36156866193 -0.790772335131
571 130 -0.433131210595 1.1376651162 2.70846144299 -2.00392753739
572 561 -0.253454201756 1.31734212504 2.88813845183 -1.82425052855
573 559 0.729280193558 2.30007652035 -2.41231246003 -0.841516133237
574 559 -0.351485960623 1.21931036617 2.79010669297 -1.92228228742
575 567 -0.679984932478 0.890811394317 2.46160772111 -2.25078125927
576 565 0.607705964519 2.17850229131 -2.53388668907 -0.963090362275
577 113 -0.596708686528 0.974087640267 2.54488396706 -2.16750501332
578 573 0.536396250661 2.10719257746 -2.60519640293 -1.03440007613
579 565 -0.570923437816 0.999872888979 2.57066921577 -2.14171976461
580 577 -0.414995183106 1.15580114369 2.72659747048 -1.9857915099
581 112 0.717416467006 2.2882127938 -2.42417618658 -0.853379859789
582 492 0.292730564812 1.86352689161 -2.84886208878 -1.27806576198
583 565 -0.361085446255 1.20971088054 2.78050720733 -1.93188177305
584 583 -0.175487510791 1.395308816 2.9661051428 -1.74628383759
585 584 0.586286068377 2.15708239517 -2.55530658521 -0.984510258418
586 580 -0.578445588057 0.992350738738 2.56314706553 -2.14924191485
587 578 -0.586311108735 0.98448521806 2.55528154486 -2.15710743553
588 492 -0.0683752756332 1.50242105116 3.07321737796 -1.63917160243
589 492 0.68345882845 2.25425515524 -2.45813382514 -0.887337498345
590 537 -0.255775645368 1.31502068143 2.88581700822 -1.82657197216
591 537 0.35537772207 1.92617404887 -2.78621493152 -1.21541860472
592 590 0.377981665887 1.94877799268 -2.7636109877 -1.19281466091
593 529 -0.183056798224 1.38773952857 2.95853585537 -1.75385312502
594 537 -0.375974599645 1.19482172715 2.76561805394 -1.94677092644
595 532 -0.109755822125 1.46104050467 3.03183683146 -1.68055214892
596 536 0.330585162697 1.90138148949 -2.81100749089 -1.2402111641
597 591 0.610713944177 2.18151027097 -2.53087870941 -0.960082382617
598 591 0.55948977351 2.1302861003 -2.58210288008 -1.01130655329
599 591 -0.460140301799 1.110656025 2.68145235179 -2.03093662859
600 592 0.630768890008 2.2015652168 -2.51082376358 -0.940027436787
601 599 0.548040748567 2.11883707536 -2.59355190502 -1.02275557823
602 599 -0.44741075382 1.12338557297 2.69418189977 -2.01820708062
603 600 -0.488093281952 1.08270304484 2.65349937164 -2.05888960875
604 603 -0.721517168438 0.849279158357 2.42007548515 -2.29231349523
605 584 -0.212503580165 1.35829274663 2.92908907342 -1.78329990696
606 602 -0.384278278709 1.18651804809 2.75731437488 -1.9550746055
607 597 -0.285888501467 1.28490782533 2.85570415212 -1.85668482826
608 597 0.293497062979 1.86429338977 -2.84809559061 -1.27729926382
609 508 -0.262515293956 1.30828103284 2.87907735963 -1.83331162075
610 512 -0.56718158384 1.00361474295 2.57441106975 -2.13797791064
611 519 0.31753101622 1.88832734301 -2.82406163737 -1.25326531057
612 519 0.550053941177 2.12085026797 -2.59153871241 -1.02074238562
613 522 0.282197431183 1.85299375798 -2.85939522241 -1.28859889561
614 601 -0.354211166275 1.21658516052 2.78738148732 -1.92500749307
615 601 0.351446963996 1.92224329079 -2.79014568959 -1.2193493628
616 533 0.66386674757 2.23466307437 -2.47772590602 -0.906929579225
617 601 -0.183071874252 1.38772445254 2.95852077934 -1.75386820105
618 596 0.517575509398 2.08837183619 -2.62401714419 -1.0532208174
619 32 -0.395805364915 1.17499096188 2.74578728867 -1.96660169171
620 601 -0.681708417075 0.88908790972 2.45988423651 -2.25250474387
621 41 0.171314227177 1.74211055397 -2.97027842641 -1.39948209962
622 41 0.539031811627 2.10982813842 -2.60256084196 -1.03176451517
623 39 -0.400950896778 1.16984543002 2.74064175681 -1.97174722357
624 615 -0.0671115909018 1.50368473589 3.07448106269 -1.6379079177
625 41 -0.456725711053 1.11407061574 2.68486694254 -2.02752203785
626 52 -0.475146359303 1.09564996749 2.66644629429 -2.0459426861
627 54 0.294267076764 1.86506340356 -2.84732557683 -1.27652925003
628 54 0.287780127185 1.85857645398 -2.85381252641 -1.28301619961
629 32 0.411037425579 1.98183375237 -2.73055522801 -1.15975890122
630 32 -0.0701870366488 1.50060929015 3.07140561694 -1.64098336344
631 524 0.469857995828 2.04065432262 -2.67173465776 -1.10093833097
632 511 0.570218567422 2.14101489422 -2.57137408617 -1.00057775937
633 29 0.613245260447 2.18404158724 -2.52834739314 -0.957551066348
634 23 -0.317762320969 1.25303400583 2.82383033262 -1.88855864776
635 0 -0.665176999399 0.905619327396 2.47641565419 -2.23597332619
636 0 0.706955852186 2.27775217898 -2.4346368014 -0.863840474609
637 182 -0.370166048807 1.20063027799 2.77142660478 -1.9409623756
638 182 0.618394367484 2.18919069428 -2.52319828611 -0.952401959311
639 175 -0.526506461647 1.04428986515 2.61508619194 -2.09730278844
640 182 -0.071609071563 1.49918725523 3.06998358203 -1.64240539836
641 640 0.283466092632 1.85426241943 -2.85812656096 -1.28733023416
642 637 0.392814157296 1.96361048409 -2.74877849629 -1.1779821695
643 200 0.306012329803 1.8768086566 -2.83558032379 -1.26478399699
644 202 -0.141882380792 1.428913946 2.9997102728 -1.71267870759
645 240 -0.309958450634 1.26083787616 2.83163420296 -1.88075477743
646 240 0.736967643241 2.30776397004 -2.40462501035 -0.833828683554
647 641 -0.28578826526 1.28500806154 2.85580438833 -1.85658459205
648 641 0.0622126536254 1.63300898042 -3.07937999996 -1.50858367317
649 642 0.7697017039 2.34049803069 -2.37189094969 -0.801094622895
650 646 -0.24228887588 1.32850745091 2.89930377771 -1.81308520268
651 240 0.40920671085 1.98000303764 -2.73238594274 -1.16158961595
652 646 -0.71365771542 0.857138611375 2.42793493817 -2.28445404222
653 240 0.023555480734 1.59435180753 -3.11803717286 -1.54724084606
654 240 -0.402177913575 1.16861841322 2.73941474002 -1.97297424037
655 653 -0.60545760294 0.965338723855 2.53613505065 -2.17625392973
656 651 -0.263256192445 1.30754013435 2.87833646115 -1.83405251924
657 655 0.377037988873 1.94783431567 -2.76455466472 -1.19375833792
658 651 0.52436005137 2.09515637816 -2.61723260222 -1.04643627542
659 652 0.370216673917 1.94101300071 -2.77137597967 -1.20057965288
660 657 0.360104264393 1.93090059119 -2.7814883892 -1.2106920624
661 659 0.317598447076 1.88839477387 -2.82399420651 -1.25319787972
662 637 -0.033993506272 1.53680282052 3.10759914732 -1.60478983307
663 638 0.0468944862335 1.61769081303 -3.09469816736 -1.52390184056
664 663 -0.228414834937 1.34238149186 2.91317781865 -1.79921116173
665 642 0.142506654332 1.71330298113 -2.99908599926 -1.42828967246
666 649 -0.507142425803 1.06365390099 2.63445022779 -2.0779387526
667 649 0.186285273887 1.75708160068 -2.9553073797 -1.38451105291
668 662 0.156689421803 1.7274857486 -2.98490323179 -1.41410690499
669 666 0.115849675489 1.68664600228 -3.0257429781 -1.45494665131
670 668 0.236305524249 1.80710185104 -2.90528712934 -1.33449080255
671 663 -0.106485369805 1.46431095699 3.03510728378 -1.6772816966
672 663 0.331573522977 1.90236984977 -2.81001913061 -1.23922280382
673 667 0.309894881278 1.88069120807 -2.83169777231 -1.26090144552
674 669 -0.188726134071 1.38207019272 2.95286651952 -1.75952246087
675 650 0.263735498224 1.83453182502 -2.87785715537 -1.30706082857
676 661 0.394695613137 1.96549193993 -2.74689704045 -1.17610071366
677 184 0.258485828956 1.82928215575 -2.88310682463 -1.31231049784
678 660 0.127939383033 1.69873570983 -3.01365327056 -1.44285694376
679 190 0.535444637254 2.10624096405 -2.60614801634 -1.03535168954
680 657 -0.0178769894513 1.55291933734 3.12371566414 -1.58867331625
681 660 -0.452261442903 1.11853488389 2.68933121069 -2.0230577697
682 655 -0.385167788174 1.18562853862 2.75642486542 -1.95596411497
683 194 -0.329196540035 1.24159978676 2.81239611355 -1.89999286683
684 190 -0.0859237855897 1.48487254121 3.055668868 -1.65672011238
685 184 0.775464642338 2.34626096913 -2.36612801125 -0.795331684457
686 190 -0.142352600593 1.4284437262 2.999240053 -1.71314892739
687 184 -0.292928804943 1.27786752185 2.84866384865 -1.86372513174
688 156 0.597565597599 2.16836192439 -2.54402705599 -0.973230729196
689 670 -0.551751875408 1.01904445139 2.58984077818 -2.1225482022
690 162 -0.528979296727 1.04181703007 2.61261335686 -2.09977562352
691 671 -0.611613534212 0.959182792583 2.52997911938 -2.18240986101
692 96 -0.286603812558 1.28419251424 2.85498884103 -1.85740013935
693 97 -0.600912325066 0.969884001729 2.54068032852 -2.17170865186
694 682 -0.203475556081 1.36732077071 2.93811709751 -1.77427188288
695 194 0.742271560706 2.3130678875 -2.39932109288 -0.828524766089
696 694 0.178635307083 1.74943163388 -2.96295734651 -1.39216101971
697 695 0.704720666057 2.27551699285 -2.43687198753 -0.866075660738
