162 4 0
0 42 0.590512582098 2.16130890889 -2.55108007149 -0.980283744697
1 45 0.276353262967 1.84714958976 -2.86523939062 -1.29444306383
2 48 -0.118483502111 1.45231282468 3.02310915148 -1.68927982891
3 55 -0.743357646556 0.827438680239 2.39823500703 -2.31415397335
4 62 0.353586211342 1.92438253814 -2.78800644225 -1.21721011545
5 69 -0.271287942657 1.29950838414 2.87030471093 -1.84208426945
6 88 0.19912012391 1.7699164507 -2.94247252968 -1.37167620288
7 81 -0.588891588207 0.981904738588 2.55270106538 -2.159687915
8 100 -0.746802065089 0.823994261706 2.3947905885 -2.31759839188
9 112 -0.0378061114366 1.53299021536 3.10378654215 -1.60860243823
10 124 0.671189876674 2.24198620347 -2.47040277692 -0.899606450121
11 141 -0.351965414218 1.21883091258 2.78962723937 -1.92276174101
12 42 0.590512441638 2.16130876843 -2.55108021195 -0.980283885157
13 45 0.253981604739 1.82477793153 -2.88761104885 -1.31681472206
14 43 0.41319961976 1.98399594656 -2.72839303383 -1.15759670703
15 53 -0.393343525214 1.17745280158 2.74824912838 -1.96413985201
16 51 -0.223937507142 1.34685881965 2.91765514645 -1.79473383394
17 60 0.590512405064 2.16130873186 -2.55108024853 -0.980283921731
18 58 -0.630895319772 0.939901007022 2.51069733382 -2.20169164657
19 67 0.00357201752631 1.57436834432 -3.13802063606 -1.56722430927
20 65 0.302763948088 1.87356027488 -2.8388287055 -1.26803237871
21 73 -0.64375312787 0.927043198925 2.49783952572 -2.21454945466
22 79 -0.776820582378 0.793975744417 2.36477207121 -2.34761690917
23 77 0.159524198895 1.73032052569 -2.98206845469 -1.4112721279
24 86 0.590512472069 2.16130879886 -2.55108018152 -0.980283854726
25 84 0.556439330719 2.12723565751 -2.58515332287 -1.01435699608
26 92 0.387049108009 1.9578454348 -2.75454354558 -1.18374721879
27 98 -0.393343469743 1.17745285705 2.74824918385 -1.96413979654
28 96 -0.23205681996 1.33873950683 2.90953583363 -1.80285314675
29 104 0.387049116921 1.95784544372 -2.75454353667 -1.18374720987
30 110 0.253981676758 1.82477800355 -2.88761097683 -1.31681465004
31 108 0.556439303087 2.12723562988 -2.5851533505 -1.01435702371
32 116 -0.393343295065 1.17745303173 2.74824935853 -1.96413962186
33 122 -0.643753054215 0.92704327258 2.49783959937 -2.21454938101
34 120 -0.223953061041 1.34684326575 2.91763959255 -1.79474938784
35 128 0.395152856989 1.96594918378 -2.7464397966 -1.17564346981
36 133 0.00357207711876 1.57436840391 -3.13802057647 -1.56722424968
37 139 0.38703352977 1.95782985656 -2.75455912382 -1.18376279703
38 137 -0.223937363384 1.34685896341 2.91765529021 -1.79473369018
39 145 -0.139667960262 1.43112836653 3.00192469333 -1.71046428706
40 150 -0.250103525883 1.32069280091 2.89148912771 -1.82089985268
41 155 0.590512435495 2.16130876229 -2.5510802181 -0.9802838913
42 0 0.590512442863 2.16130876966 -2.55108021073 -0.980283883932
43 12 0.212313013589 1.78310934038 -2.92927964 -1.35848331321
44 0 -0.20501764483 1.36577868197 2.93657500876 -1.77581397162
45 1 0.273000322846 1.84379664964 -2.86859233074 -1.29779600395
46 12 -0.330209105134 1.24058722166 2.81138354846 -1.90100543193
47 1 0.590512441694 2.16130876849 -2.5510802119 -0.980283885101
48 2 -0.115431611677 1.45536471512 3.02616104191 -1.68622793847
49 13 -0.764914919148 0.805881407647 2.37667773444 -2.33571124594
50 2 0.220563722511 1.79136004931 -2.92102893108 -1.35023260428
51 14 -0.508626488707 1.06216983809 2.63296616488 -2.0794228155
52 0 0.60598196135 2.17677828814 -2.53561069224 -0.964814365445
53 2 -0.417476219207 1.15332010759 2.72411643438 -1.988272546
54 14 0.548908432025 2.11970475882 -2.59268422156 -1.02188789477
55 3 -0.737768417069 0.833027909726 2.40382423652 -2.30856474386
56 15 0.15324449959 1.72404082639 -2.988348154 -1.4175518272
57 3 -0.388525263239 1.18227106356 2.75306739035 -1.95932159003
58 16 0.588671775262 2.15946810206 -2.55292087833 -0.982124551533
59 0 0.575042891812 2.14583921861 -2.56654976178 -0.995753434983
60 3 0.527108889168 2.09790521596 -2.61448376442 -1.04368743763
61 16 -0.0323669062665 1.53842942053 3.10922574732 -1.60316323306
62 4 0.347996982143 1.91879330894 -2.79359567145 -1.22279934465
63 17 -0.35372338762 1.21707293918 2.78786926597 -1.92451971441
64 4 0.653916000717 2.22471232751 -2.48767665287 -0.916880326078
65 18 0.115173656579 1.68596998337 -3.02641899701 -1.45562267022
66 0 -0.184753808831 1.38604251796 2.95683884476 -1.75555013563
67 4 -0.00124617248682 1.56955015431 3.1403464811 -1.57204249928
68 18 -0.539334754133 1.03146157266 2.60225789946 -2.11013108093
69 5 -0.274339833163 1.29645649363 2.86725282043 -1.84513615996
70 19 0.635797625464 2.20659395226 -2.50579502813 -0.93499870133
71 5 0.0277047751782 1.59850110197 -3.11388787841 -1.54309155162
72 12 -0.602084458655 0.96871186814 2.53950819494 -2.17288078545
73 5 -0.610335165106 0.960461161689 2.53125748848 -2.1811314919
74 20 0.378824661616 1.94962098841 -2.76276799197 -1.19197166518
75 12 -0.0595623382833 1.51123398851 3.08203031531 -1.63035866508
76 1 -0.662771765633 0.908024561162 2.47882088796 -2.23356809243
77 21 0.289031932849 1.85982825964 -2.85256072074 -1.28176439395
78 1 -0.356843200682 1.21395312611 2.78474945291 -1.92763952748
79 5 0.690602090512 2.26139841731 -2.45099056308 -0.880194236283
80 21 -0.0549017711644 1.51589455563 3.08669088243 -1.62569809796
81 7 -0.489852522478 1.08094380432 2.65174013111 -2.06064884927
82 22 0.690204596196 2.26100092299 -2.45138805739 -0.880591730599
83 7 -0.335504713936 1.23529161286 2.80608793965 -1.90630104073
84 23 0.588671840572 2.15946816737 -2.55292081302 -0.982124486223
85 1 -0.0329282443679 1.53786808243 3.10866440922 -1.60372457116
86 7 0.653915990946 2.22471231774 -2.48767666264 -0.916880335849
87 23 0.0818377923538 1.65263411915 -3.05975486124 -1.48895853444
88 6 0.100081066117 1.67087739291 -3.04151158747 -1.47071526068
89 24 -0.467928004695 1.1028683221 2.67366464889 -2.03872433149
90 6 0.527108873308 2.0979052001 -2.61448378028 -1.04368745349
91 13 -0.678803373525 0.89199295327 2.46278928006 -2.24959970032
92 6 -0.0542667645201 1.51652956227 3.08732588907 -1.62506309132
93 25 0.494501552384 2.06529787918 -2.64709110121 -1.07629477441
94 13 -0.33486966519 1.23592666161 2.8067229884 -1.90566599198
95 2 0.490422791063 2.06121911786 -2.65116986253 -1.08037353573
96 26 -0.224544587434 1.34625173936 2.91704806616 -1.79534091423
97 2 -0.772552632318 0.798243694477 2.36904002127 -2.34334895911
98 6 -0.388525280349 1.18227104645 2.75306737324 -1.95932160714
99 26 0.697085534839 2.26788186163 -2.44450711875 -0.873710791956
100 8 -0.772552637208 0.798243689587 2.36904001638 -2.343348964
101 27 0.209075554057 1.77987188085 -2.93251709953 -1.36172077274
102 8 -0.417476227552 1.15332009924 2.72411642604 -1.98827255435
103 15 0.209075560236 1.77987188703 -2.93251709335 -1.36172076656
104 8 0.490422781069 2.06121910786 -2.65116987252 -1.08037354573
105 28 -0.220863350617 1.34993297618 2.92072930297 -1.79165967741
106 15 0.693404343984 2.26420067078 -2.44818830961 -0.877391982811
107 3 -0.0542667297874 1.51652959701 3.0873259238 -1.62506305658
108 29 0.490820292497 2.06161661929 -2.65077236109 -1.0799760343
109 3 0.100081078985 1.67087740578 -3.0415115746 -1.47071524781
110 8 0.220563712409 1.7913600392 -2.92102894118 -1.35023261439
111 29 -0.3311884046 1.23960792219 2.81040424899 -1.90198473139
112 9 -0.0329282485076 1.53786807829 3.10866440508 -1.6037245753
113 30 -0.678803381562 0.891992945233 2.46278927203 -2.24959970836
114 9 0.273000315579 1.84379664237 -2.86859233801 -1.29779601122
115 17 -0.467927996502 1.10286833029 2.67366465709 -2.0387243233
116 9 -0.356843206827 1.21395311997 2.78474944676 -1.92763953362
117 31 0.592353036135 2.16314936293 -2.54923961745 -0.97844329066
118 17 0.0781565527663 1.64895287956 -3.06343610082 -1.49263977403
119 4 -0.48985252245 1.08094380434 2.65174013114 -2.06064884925
120 32 0.686523311211 2.25731963801 -2.45506934238 -0.884273015584
121 4 -0.335504690168 1.23529163663 2.80608796342 -1.90630101696
122 9 -0.662771773172 0.908024553623 2.47882088042 -2.23356809997
123 32 0.292713102062 1.86350942886 -2.84887955153 -1.27808322473
124 10 0.690602090266 2.26139841706 -2.45099056332 -0.880194236529
125 33 -0.0549017827694 1.51589454403 3.08669087082 -1.62569810956
126 10 -0.610335170521 0.960461156274 2.53125748307 -2.18113149732
127 19 0.487620547418 2.05841687421 -2.65397210617 -1.08317577938
128 10 0.382781184106 1.9535775109 -2.75881146948 -1.18801514269
129 34 -0.165226859288 1.40556946751 2.9763657943 -1.73602318608
130 19 -0.598847004468 0.971949322327 2.54274564912 -2.16964333126
131 5 0.382781185004 1.9535775118 -2.75881146859 -1.18801514179
132 22 -0.165226865625 1.40556946117 2.97636578796 -1.73602319242
133 10 0.0277047710406 1.59850109784 -3.11388788255 -1.54309155575
134 35 -0.595165774732 0.975630552063 2.54642687886 -2.16596210153
135 22 0.483939327693 2.05473565449 -2.6576533259 -1.0868569991
136 7 -0.00124618375113 1.56955014304 3.14034646984 -1.57204251055
137 24 -0.0360480644754 1.53474826232 3.10554458911 -1.60684439127
138 6 -0.737768436611 0.833027890184 2.40382421698 -2.30856476341
139 7 0.347996971813 1.91879329861 -2.79359568178 -1.22279935498
140 24 -0.353723404694 1.2170729221 2.7878692489 -1.92451973149
141 11 0.605981958838 2.17677828563 -2.53561069475 -0.964814367957
142 37 0.592353104739 2.16314943153 -2.54923954885 -0.978443222056
143 11 0.575042931731 2.14583925853 -2.56654972186 -0.995753395064
144 27 0.153244484781 1.72404081158 -2.98834816881 -1.41755184201
145 11 -0.20501764318 1.36577868361 2.93657501041 -1.77581396997
146 38 -0.504945114002 1.06585121279 2.63664753959 -2.0757414408
147 27 0.545227247638 2.11602357443 -2.59636540595 -1.02556907916
148 8 -0.115431619684 1.45536470711 3.02616103391 -1.68622794648
149 36 -0.543015945377 1.02778038142 2.59857670821 -2.11381227217
150 10 -0.274339836214 1.29645649058 2.86725281738 -1.84513616301
151 36 0.63579762273 2.20659394953 -2.50579503086 -0.934998704065
152 37 0.115173662009 1.6859699888 -3.02641899158 -1.45562266479
153 11 -0.184753804658 1.38604252214 2.95683884893 -1.75555013145
154 30 -0.764914926844 0.805881399951 2.37667772675 -2.33571125364
155 11 0.590512435481 2.16130876228 -2.55108021811 -0.980283891314
156 39 0.215994391768 1.78679071856 -2.92559826182 -1.35480193503
157 30 -0.333890242305 1.23690608449 2.80770241129 -1.9046865691
158 9 0.590512435085 2.16130876188 -2.5510802185 -0.98028389171
159 33 -0.0558812143335 1.51491511246 3.08571143926 -1.62667754113
160 40 -0.605765846225 0.96503048057 2.53582680736 -2.17656217302
161 33 0.375143470543 1.94593979734 -2.76644918305 -1.19565285625
