711 1 0
0 1 -1.582222942
1 0 0.504507347193
2 0 0.275576452811
3 0 0.193398460573
4 1 1.83040609629
5 3 0.40988736325
6 4 1.53698317809
7 5 0.987990649544
8 6 1.90857184132
9 7 1.28553872727
10 8 1.48241677378
11 8 1.63849372758
12 10 1.01696532525
13 11 1.3296148356
14 12 0.65493726893
15 12 1.38268502906
16 8 0.394970667937
17 8 -0.288065859305
18 4 -0.231360997775
19 1 -0.871631774609
20 1 0.286406431181
21 2 0.388696842262
22 0 -0.154929779423
23 2 -0.697333095511
24 21 -0.606346841251
25 22 0.406188070451
26 24 -0.822746852182
27 14 1.08543513812
28 14 1.78520360909
29 15 2.17973899825
30 14 0.221766007059
31 13 0.607655178007
32 13 -0.045464349673
33 27 -0.557867604521
34 30 -0.104849749987
35 33 -0.302659605172
36 32 1.11943666246
37 32 0.073188654018
38 32 -0.233915192944
39 16 0.087824848483
40 17 -0.334752233476
41 10 1.87251135161
42 9 2.39972630357
43 3 1.42972536875
44 7 1.96732861834
45 3 0.468951123332
46 0 -2.71599130513
47 22 -2.7124727388
48 39 -1.2455448316
49 18 -0.262906961333
50 40 -0.236091703223
51 48 -0.903125079168
52 49 -0.346990770266
53 49 -1.1925375684
54 18 -0.767272616164
55 18 -1.41920032312
56 19 0.367363867884
57 53 -1.25617688336
58 54 0.00195765100088
59 57 0.472252762873
60 58 1.14936645817
61 58 0.18911972742
62 56 0.308547417971
63 61 -0.979890594413
64 20 0.67703896573
65 19 0.124588254273
66 20 0.541496681939
67 21 0.82740382163
68 21 -0.108396310598
69 67 -0.643861561986
70 68 0.620477040101
71 24 0.730310843228
72 26 1.12019296911
73 26 0.652953386619
74 26 -0.432916438186
75 73 -1.13715141896
76 33 1.45161718988
77 33 0.580214595677
78 35 0.0635966913202
79 35 -0.391725048141
80 37 -0.043024533535
81 37 -0.598381266237
82 38 -0.407983954971
83 39 -0.0829939167404
84 48 -0.264760392959
85 81 -1.09390086746
86 80 -1.09385806138
87 83 1.12381900086
88 83 -0.168306442162
89 51 0.940374462194
90 51 -0.783195852507
91 89 0.577712769883
92 89 -0.643143339138
93 88 0.0807467645854
94 91 1.34262306126
95 91 0.154704506806
96 91 -1.02981780354
97 95 -0.221861656488
98 96 0.254299334942
99 97 0.541686888609
100 90 0.562931776059
101 97 1.48463506208
102 94 0.150826179951
103 94 0.851905249039
104 99 2.64806671847
105 102 1.420822619
106 103 1.49903168146
107 103 2.43044439584
108 93 1.16786591764
109 87 -0.014434336671
110 86 0.162648304572
111 79 -0.204416102265
112 79 0.789751981293
113 78 0.192030976066
114 107 -2.76056854613
115 110 0.29194501449
116 110 1.11536188466
117 107 2.43101060192
118 111 0.778583757205
119 111 1.34806861906
120 112 1.14997160232
121 113 1.39452042174
122 104 2.84233276175
123 106 2.44715381877
124 122 -3.08442609366
125 106 -2.88458718978
126 116 0.218989247938
127 116 1.15915150586
128 123 3.01209688335
129 124 -2.68090260108
130 127 2.57213184824
131 116 2.19655346975
132 119 0.546983683258
133 120 0.337872516096
134 120 1.04075386912
135 120 1.93310324693
136 77 0.536987735484
137 77 0.916134671439
138 76 0.136068037935
139 136 1.55650152014
140 121 2.55313824697
141 135 2.4712079547
142 139 0.688018244224
143 124 2.83224269463
144 133 1.50057715927
145 135 0.72569730319
146 135 1.31534811362
147 122 2.39147021388
148 144 0.671215665844
149 144 1.14400307269
150 146 0.5552706141
151 76 0.758438436285
152 138 1.06400904587
153 139 1.37187153746
154 146 1.98956906963
155 150 2.01526843318
156 154 0.84706453165
157 154 2.27675202147
158 151 0.949085797213
159 75 -0.040469380713
160 75 0.841462276023
161 158 2.30307120166
162 156 -3.08320833527
163 156 1.78592141559
164 162 1.97773935505
165 163 2.0854789375
166 164 2.38243482546
167 165 2.25390474169
168 166 2.50492698628
169 166 2.92741265402
170 164 -3.10095313823
171 161 2.54303036373
172 73 0.406644146134
173 73 1.06113387376
174 170 -1.78016767099
175 169 -1.6573170591
176 170 -2.68826593815
177 72 0.948346444061
178 168 2.33815078476
179 167 1.60643664816
180 168 0.575959957939
181 168 2.54874087425
182 178 2.70555529759
183 169 -2.19602519088
184 175 -2.21734197266
185 183 -2.02575287848
186 72 1.45780607788
187 72 1.73604696088
188 70 1.09394394563
189 69 1.06727142224
190 187 2.27087711617
191 186 2.47164929435
192 185 -2.21424003129
193 66 0.365660992667
194 190 2.33820921058
195 190 1.41426051781
196 191 1.58999709707
197 185 2.156612241
198 183 -3.04541653641
199 178 -1.76492402535
200 178 2.70070053094
201 178 -2.28968115022
202 198 2.00450475447
203 197 2.00734572774
204 196 1.71753661009
205 195 1.53928021379
206 194 1.32138358761
207 194 2.35360803087
208 66 1.06811624397
209 203 -3.04116655085
210 200 3.10269803083
211 182 -2.05115316348
212 182 -2.47183204096
213 210 2.07239995197
214 210 2.79169114392
215 210 -3.01353967521
216 209 2.20654196482
217 206 1.69020921072
218 212 -2.58117136502
219 182 -2.66652128657
220 218 -3.05925057774
221 214 -3.0522114155
222 215 -3.03073350726
223 215 -2.08007994095
224 207 0.982057318059
225 207 1.41709247707
226 222 -2.83809985825
227 220 -1.7616317581
228 225 2.28055338314
229 207 2.07392454386
230 220 -2.52288389939
231 228 2.3618209891
232 64 0.913555464723
233 64 0.473391638178
234 63 -0.247858751886
235 61 -0.370787784705
236 60 -0.686691316602
237 230 -2.45465446604
238 60 0.215643737013
239 220 -2.97895096894
240 230 2.77906106457
241 230 -3.10108189349
242 60 1.64295178369
243 59 1.14975505851
244 59 1.62489916425
245 57 0.530089664881
246 219 -2.59068773198
247 182 -3.05830629064
248 219 3.11606542019
249 246 -3.05188049588
250 239 2.22742320264
251 249 -2.07562792067
252 250 -2.349514095
253 239 -2.86538712282
254 240 3.09154662221
255 241 2.48544721544
256 241 2.77434402822
257 242 2.12820956233
258 243 2.02187136563
259 244 1.90693454101
260 245 1.24564778546
261 245 2.25702004942
262 260 2.19216271204
263 261 1.79708452791
264 57 0.88611736706
265 261 2.15115591668
266 262 2.54430332003
267 262 1.14160803008
268 266 1.22278725538
269 267 1.72752654714
270 249 -2.65191826844
271 248 -2.74286531024
272 251 -2.54018549652
273 258 1.83512071017
274 251 -1.89005047686
275 251 -1.35909958762
276 252 -2.34303198081
277 52 -1.90881533003
278 261 -2.89159761713
279 261 2.43370788226
280 265 -2.91959597701
281 265 2.3210148642
282 268 2.29068502714
283 247 -2.72460741238
284 181 -2.80849294944
285 280 3.10429870577
286 280 -2.83449583264
287 278 2.62047280955
288 277 0.778520068988
289 52 -1.3856258629
290 52 -0.372258279473
291 52 -0.848806954561
292 287 2.22674978512
293 287 2.75880031964
294 286 -2.3227182957
295 286 2.89762887932
296 285 -3.08548273378
297 294 2.49141665471
298 294 2.632393522
299 297 -2.78473342888
300 292 1.39459351099
301 290 -0.297466379639
302 290 0.403504685142
303 298 2.08705752191
304 52 0.265028112768
305 100 -1.35814891245
306 302 1.05015625632
307 297 2.96720245094
308 281 -2.74398840308
309 285 2.57825638378
310 285 2.64276221797
311 295 1.98638198785
312 310 -3.08779977486
313 99 0.604378586736
314 99 -0.685700692806
315 297 2.45439702623
316 100 -0.609646509759
317 98 -1.19012993339
318 99 1.16442990415
319 309 -2.50489957023
320 312 1.41337706706
321 318 0.850856713338
322 104 1.09596543333
323 104 1.64682088897
324 122 1.10740184011
325 147 0.696200208738
326 324 1.8774289204
327 323 1.12038445129
328 321 2.37923945807
329 281 2.58249675534
330 282 2.29885203815
331 269 2.34400675358
332 269 1.63738152504
333 326 -0.734629062916
334 326 0.096840677285
335 333 -0.199807809958
336 334 -0.194878601978
337 334 0.136539275552
338 326 1.88905905701
339 147 1.28148376172
340 149 0.245265332995
341 337 1.88356004743
342 336 0.588717218744
343 336 -0.58325827112
344 336 -1.63639553056
345 336 -1.85334815815
346 335 -1.53535914412
347 149 0.540203956182
348 340 -0.176132450752
349 150 0.466392811809
350 348 1.13671247688
351 349 -0.164894592933
352 156 0.200084551406
353 163 0.255563227903
354 351 0.972793142732
355 353 -0.0110633079808
356 163 0.604134700442
357 167 0.288442995601
358 180 -0.442367314746
359 321 -0.325487847889
360 335 2.86067958775
361 343 -1.71755592069
362 342 -1.00540882213
363 337 -0.577568974307
364 362 1.26831335225
365 337 -0.157421663121
366 341 -0.273775672078
367 350 -0.483101991144
368 351 -0.15332925389
369 355 0.0225719604602
370 358 0.263449550676
371 369 -0.0342069461827
372 368 0.375218176976
373 368 -0.313557825725
374 366 0.972877121828
375 364 0.273959691958
376 373 -1.26403899357
377 373 -0.720437432894
378 372 -0.627119472689
379 371 -0.922360705082
380 371 -0.578447188551
381 370 -0.10041144026
382 380 -0.200675382436
383 370 -0.0616359283849
384 180 2.59749080143
385 180 0.402034077151
386 383 2.83430822105
387 384 0.596492352583
388 181 -2.98806555848
389 284 -2.97384017233
390 283 2.23445115385
391 283 -3.12735996913
392 330 1.9250738602
393 330 2.7898279637
394 392 -2.09069551973
395 392 -2.4873935947
396 389 -2.6092310642
397 395 1.7066586577
398 396 1.92091887144
399 388 -2.70737093539
400 387 -2.6275713594
401 394 -2.70420842653
402 393 -2.39847713226
403 401 -1.16199186299
404 401 -1.51110365545
405 329 2.14026542096
406 308 2.5838796267
407 402 -1.8152630978
408 402 -2.28531403588
409 403 -2.35384682049
410 403 -1.83316257489
411 408 -3.05547839849
412 408 -2.10065764292
413 406 -3.02309763518
414 412 -1.1714457444
415 406 -2.02376852454
416 414 -1.20127746594
417 308 -2.75033843881
418 309 -2.35141300825
419 360 1.92119506619
420 360 2.41920979625
421 320 -1.65789632974
422 346 2.39506302229
423 360 3.01728482955
424 383 -1.12791862225
425 382 -0.430257894736
426 424 -1.43882943711
427 424 -1.01112937601
428 400 -1.93601537579
429 387 2.64394156426
430 398 2.99588664449
431 397 -3.00121586124
432 395 -2.74209046811
433 401 -2.68896059445
434 401 -1.93597330419
435 404 -2.05714838559
436 409 -1.86580731457
437 412 -3.02244344428
438 412 -1.89366227479
439 437 -1.82562513723
440 425 -1.14522375211
441 382 -1.00780250688
442 382 -1.27453956796
443 379 -0.89463530874
444 442 -2.60125340959
445 378 -0.71745514951
446 377 -0.673440077995
447 443 -2.60752197881
448 443 -2.312125181
449 376 -0.850310756589
450 364 -0.376152437382
451 448 -2.91704149131
452 364 -1.31791932959
453 362 -1.73355679258
454 361 -1.38203891671
455 451 2.77425295
456 453 2.80407978044
457 455 2.97503549722
458 361 -2.23790192056
459 456 2.858375319
460 361 -3.0369738808
461 458 2.90018102621
462 460 2.21127137459
463 461 2.32568015835
464 344 -3.06266395509
465 344 -2.39499356252
466 345 2.49593476634
467 462 1.28578125066
468 462 1.95800221366
469 463 1.78220817772
470 457 2.8346077648
471 459 2.65169023034
472 470 2.39659846964
473 463 3.09412265518
474 463 2.26555465984
475 469 2.2482437324
476 469 1.90529582101
477 466 2.47477200661
478 422 -3.08125363278
479 422 2.56709473631
480 477 1.91100501813
481 476 1.37226429903
482 475 0.426015672292
483 416 -2.94217178385
484 416 -2.33979916419
485 479 2.53756181959
486 484 -3.10970071814
487 484 2.59433012268
488 439 -1.99886958845
489 486 2.83067917659
490 480 2.05333159998
491 481 1.92153131339
492 481 2.62786614534
493 475 1.40449114986
494 492 2.37187198318
495 491 2.4327315376
496 489 -2.40151213858
497 494 2.31617881496
498 494 1.1787580948
499 489 2.92093608139
500 489 2.24249612605
501 439 -3.01176758332
502 437 -2.50432847197
503 435 -2.56138920869
504 500 1.48158607377
505 499 1.51367780616
506 497 0.695078356298
507 497 2.32198856395
508 505 -2.8603920288
509 507 2.23500057361
510 508 2.4718191817
511 504 2.9159545917
512 503 2.99291994042
513 432 -2.03904827438
514 433 -1.82907239315
515 431 -1.65235049159
516 494 2.61221172608
517 497 2.8252048282
518 516 2.75562345667
519 517 -3.04586399259
520 507 3.12956558137
521 519 1.76562107223
522 509 -2.8259428459
523 509 2.11515796402
524 521 2.025353197
525 523 2.61887795099
526 510 2.34550526529
527 511 2.60251244856
528 525 2.70241530311
529 527 2.68962371138
530 428 -1.44069457236
531 528 2.67964546971
532 530 -2.08664550273
533 427 -1.24533744426
534 532 2.50698222389
535 426 -0.544457592547
536 428 -1.02396417511
537 430 -1.78289106607
538 527 1.833504798
539 431 -2.04718093318
540 532 -3.04419663422
541 532 -1.61165693406
542 528 -2.92683572614
543 528 -1.60595926952
544 541 -0.688440932862
545 541 -1.4253389662
546 524 -2.98151156382
547 519 2.77971326362
548 519 -2.73437557346
549 547 -2.37351003992
550 546 -1.77826781109
551 543 -1.633798554
552 544 -1.45916836086
553 545 -1.4515000507
554 518 -2.67304714245
555 548 -1.78981585249
556 516 -2.71836265075
557 554 -2.29606226848
558 493 2.49886307967
559 493 2.97762434107
560 556 -2.16228454539
561 475 2.41128819129
562 559 2.85732826467
563 561 3.12304067348
564 562 2.93589676279
565 557 -2.72873662567
566 555 -2.02312478044
567 565 1.86382403915
568 555 -2.63894193338
569 548 -2.72090614038
570 549 -2.70615732749
571 549 -2.87582984845
572 550 -2.39704003792
573 550 2.98577431389
574 552 -1.5911020684
575 552 -2.08298760784
576 545 -2.37698254666
577 574 2.91412725971
578 572 2.58381997814
579 576 -2.91409307286
580 545 -3.08445121319
581 545 2.2924228185
582 540 -1.40164586895
583 540 -2.15983752946
584 579 1.60192423131
585 580 2.61637140358
586 583 3.13427751399
587 440 -1.00604815683
588 534 -2.76353267975
589 426 -1.33730565583
590 572 2.68954235972
591 579 -2.72499856693
592 579 2.06572829727
593 585 -3.05519054393
594 585 2.19046443267
595 586 2.51981671417
596 440 -1.49613314381
597 571 2.68501077874
598 590 2.38401449935
599 591 2.53896894602
600 591 1.81063565321
601 592 2.63081197991
602 593 2.91959925365
603 593 2.24174612414
604 596 -2.62846417336
605 440 -1.92016939134
606 442 -1.46299934128
607 444 -1.34477730531
608 604 2.83919019795
609 603 -3.0524469255
610 604 -2.08594659766
611 607 -1.42495413025
612 602 2.46296584342
613 601 2.3044547168
614 609 -2.12073656439
615 599 1.81711098146
616 617 2.94286714142
617 569 1.68775434529
618 616 -0.0114401305889
619 616 0.942150003455
620 571 2.6972429421
621 597 2.43762836866
622 616 -0.139774377825
623 616 1.55672867464
624 622 1.65151695731
625 619 1.69538630345
626 598 3.034746685
627 599 -2.71789759177
628 623 2.39988701487
629 623 2.01855492164
630 623 1.44218860053
631 625 1.77734973773
632 599 2.99757651387
633 599 2.453372897
634 599 2.28493886403
635 629 0.963115937609
636 629 1.82277073127
637 635 1.83606792364
638 636 1.92871981266
639 637 1.70868912057
640 638 1.15942491351
641 638 1.81503349794
642 640 2.23356546804
643 611 -2.04378416585
644 607 -1.83898181592
645 637 1.34881488302
646 633 2.5541219505
647 631 1.25633101612
648 601 -3.05729744601
649 601 2.65677093187
650 610 -2.30366728707
651 645 -0.0707752768509
652 607 -3.01958296968
653 448 -1.56205455814
654 448 -2.1067493853
655 444 -2.33362398471
656 451 -1.52979851495
657 451 -2.15209488749
658 455 -1.86479299921
659 457 -1.64367945497
660 658 -1.84466620328
661 457 -2.49495726029
662 641 2.69891696497
663 638 2.86816562051
664 636 3.01901690678
665 636 -2.80947484762
666 629 2.89027335845
667 624 1.64432573902
668 622 1.36740061718
669 622 -2.9060320493
670 667 -2.66740419745
671 665 -2.21826800286
672 665 3.0421339267
673 664 -2.86649465277
674 665 2.73733339816
675 659 -1.20709347323
676 664 2.66067049185
677 659 -2.37658433476
678 676 1.94022342174
679 470 -2.02085348576
680 472 -2.4175073211
681 673 1.4693170882
682 673 1.82463691414
683 672 1.48065959995
684 670 2.20976005812
685 683 -3.12383249947
686 683 2.23129437839
687 680 -2.37442302128
688 680 3.06998662525
689 472 3.13813691705
690 568 3.11686960985
691 669 -0.976067706
692 565 2.16587616196
693 669 2.30911242074
694 684 1.57089941641
695 684 1.98174267224
696 564 -1.66128495607
697 563 -1.51324687027
698 695 1.23751404858
699 694 1.46140056728
700 686 1.7399542048
701 698 -0.68406911392
702 698 0.446312823479
703 473 -2.62425936014
704 473 3.05650454291
705 473 2.12114656246
706 697 0.0916849419359
707 697 0.952349299958
708 563 -1.77839970169
709 475 -2.77656347928
710 475 2.84439339425
