676 4 0
0 1 -0.559162630748 1.01163369605 2.58243002284 -2.12995895754
1 0 -0.602736313594 0.968060013201 2.53885634 -2.17353264039
2 1 -0.26358147721 1.30721484958 2.87801117638 -1.834377804
3 2 0.154813175126 1.72560950192 -2.98677947846 -1.41598315167
4 3 0.418895227194 1.98969155399 -2.7226974264 -1.1519010996
5 4 0.261810401247 1.83260672804 -2.87978225234 -1.30898592555
6 5 -0.0109634193893 1.55983290741 3.1306292342 -1.58175974618
7 6 -0.331173940913 1.23962238588 2.81041871268 -1.90197026771
8 7 -0.65654269612 0.914253630675 2.48504995747 -2.22733902291
9 8 0.694106096625 2.26490242342 -2.44748655696 -0.876690230169
10 9 0.682785088124 2.25358141492 -2.45880756547 -0.888011238671
11 10 -0.543684675725 1.02711165107 2.59790797786 -2.11448100252
12 11 -0.354389776043 1.21640655075 2.78720287755 -1.92518610284
13 12 -0.126571858071 1.44422446872 3.01502079552 -1.69736818487
14 13 0.182661849804 1.7534581766 -2.95893080379 -1.38813447699
15 14 0.521816686187 2.09261301298 -2.6197759674 -1.04897964061
16 15 -0.630584988271 0.940211338524 2.51100766532 -2.20138131507
17 16 -0.366502936204 1.20429339059 2.77508971739 -1.937299263
18 17 -0.523587762151 1.04720856464 2.61800489144 -2.09438408895
19 18 0.774434744008 2.3452310708 -2.36715790958 -0.796361582787
20 19 0.454224222485 2.02502054928 -2.68736843111 -1.11657210431
21 20 0.128855467278 1.69965179407 -3.01273718631 -1.44194085952
22 21 -0.091292066772 1.47950426002 3.05030058682 -1.66208839357
23 22 -0.102613075274 1.46818325152 3.03897957832 -1.67340940207
24 23 0.241713487672 1.81250981447 -2.89987916592 -1.32908283912
25 0 0.723884472967 2.29468079976 -2.41770818062 -0.846911853828
26 0 0.0644500129675 1.63524633976 -3.07714264062 -1.50634631383
27 1 0.244613747388 1.81541007418 -2.8969789062 -1.32618257941
28 2 0.406347939846 1.97714426664 -2.73524471374 -1.16444838695
29 3 -0.640267568655 0.93052875814 2.50132508493 -2.21106389545
30 4 -0.664866865485 0.90592946131 2.47672578811 -2.23566319228
31 5 0.735567114517 2.30636344131 -2.40602553907 -0.835229212278
32 6 0.549759092974 2.12055541977 -2.59183356062 -1.02103723382
33 7 0.342217513709 1.9130138405 -2.79937513988 -1.22857881309
34 8 0.131233525234 1.70202985203 -3.01035912836 -1.43956280156
35 9 0.0514492120564 1.62224553885 -3.09014344153 -1.51934711474
36 10 0.182547558434 1.75334388523 -2.95904509516 -1.38824876836
37 11 0.488036334723 2.05883266152 -2.65355631887 -1.08275999207
38 12 0.675701197276 2.24649752407 -2.46589145631 -0.895095129519
39 13 -0.72094815043 0.849848176365 2.42064450316 -2.29174447722
40 14 -0.540784416009 1.03001191079 2.60080823758 -2.1115807428
41 15 -0.379050223552 1.19174610324 2.76254243004 -1.94984655035
42 16 0.145130594742 1.71592692154 -2.99646205885 -1.42566573205
43 17 0.120531297913 1.69132762471 -3.02106135568 -1.45026502888
44 18 -0.0498310488806 1.52096527791 3.09176160471 -1.62062737568
45 19 -0.235639070423 1.33515725637 2.90595358317 -1.80643539722
46 20 -0.443180649689 1.12761567711 2.6984120039 -2.01397697648
47 21 -0.654164638163 0.916631688632 2.48742801543 -2.22496096496
48 22 -0.733948951341 0.836847375454 2.40764370225 -2.30474527814
49 23 -0.602850604963 0.967945721832 2.53874204863 -2.17364693176
50 24 -0.297361828675 1.27343449812 2.84423082491 -1.86815815547
51 0 0.431375204849 2.00217153164 -2.71021744874 -1.13942112195
52 26 0.067908316336 1.63870464313 -3.07368433725 -1.50288801046
53 27 0.235380071349 1.80617639814 -2.90621258224 -1.33541625545
54 28 0.351434336232 1.92223066303 -2.79015831736 -1.21936199056
55 29 -0.521874518023 1.04892180877 2.61971813557 -2.09267084482
56 30 -0.658206879776 0.912589447018 2.48338577381 -2.22900320657
57 31 0.733084738362 2.30388106516 -2.40850791523 -0.837711588433
58 32 0.550874773982 2.12167110078 -2.59071787961 -1.01992155281
59 33 0.32790350815 1.89869983495 -2.81368914544 -1.24289281864
60 34 0.107507188171 1.67830351497 -3.03408546542 -1.46328913862
61 35 0.0676917437109 1.63848807051 -3.07390090988 -1.50310458308
62 36 0.230561177575 1.80135750437 -2.91103147602 -1.34023514922
63 37 0.4848364133 2.05563274009 -2.65675624029 -1.0859599135
64 38 0.673004638052 2.24380096485 -2.46858801554 -0.897791688743
65 39 -0.717489847061 0.853306479733 2.42410280653 -2.28828617386
66 40 -0.550018092049 1.02077823475 2.59157456154 -2.12081441884
67 41 -0.433963827165 1.13683249963 2.70762882642 -2.00476015396
68 42 0.263523645374 1.83431997217 -2.87806900822 -1.30727268142
69 43 0.127191283621 1.69798761042 -3.01440136997 -1.44360504317
70 44 -0.0523134250352 1.51848290176 3.08927922855 -1.62310975183
71 45 -0.234523389415 1.33627293738 2.90706926417 -1.80531971621
72 46 -0.457494655247 1.11330167155 2.68409799834 -2.02829098204
73 47 -0.677890975226 0.892905351569 2.46370167836 -2.24868730202
74 48 -0.717706419687 0.853089907108 2.4238862339 -2.28850274648
75 49 -0.554836985823 1.01595934097 2.58675566777 -2.12563331262
76 50 -0.300561750098 1.2702345767 2.84103090349 -1.87135807689
77 26 0.476680059813 2.04747638661 -2.66491259378 -1.09411626698
78 52 0.0694616566492 1.64025798344 -3.07213099694 -1.50133467015
79 53 0.202431617006 1.7732279438 -2.93916103658 -1.36836470979
80 54 -0.269079654444 1.30171667235 2.87251299915 -1.83987598124
81 55 -0.490307453169 1.08048887363 2.65128520042 -2.06110377996
82 56 -0.659098477586 0.911697849209 2.482494176 -2.22989480438
83 57 0.732093971296 2.30289029809 -2.40949868229 -0.838702355499
84 58 0.555716544655 2.12651287145 -2.58587610894 -1.01507978214
85 59 0.302493970391 1.87329029719 -2.8390986832 -1.2683023564
86 60 0.0768396545428 1.64763598134 -3.06475299905 -1.49395667225
87 61 0.0818796029711 1.65267592977 -3.05971305062 -1.48891672382
88 62 0.258981768844 1.82977809564 -2.88261088475 -1.31181455795
89 63 0.484496407115 2.05529273391 -2.65709624647 -1.08629991968
90 64 0.67348196088 2.24427828768 -2.46811069271 -0.897314365914
91 65 -0.715936506748 0.854859820047 2.42565614684 -2.28673283354
92 66 -0.582966546392 0.987829780403 2.5586261072 -2.15376287319
93 67 0.516318508954 2.08711483575 -2.62527414464 -1.05447781784
94 68 0.295090710228 1.86588703702 -2.84650194336 -1.27570561657
95 69 0.126299685812 1.69709601261 -3.01529296778 -1.44449664098
96 70 -0.0533041921018 1.51749213469 3.08828846149 -1.6241005189
97 71 -0.229681618743 1.34111470805 2.91191103485 -1.80047794554
98 72 -0.482904193007 1.08789213379 2.65868846058 -2.0537005198
99 73 -0.708558508855 0.86223781794 2.43303414474 -2.27935483565
100 74 -0.703518560426 0.867277766369 2.43807409316 -2.27431488722
101 75 -0.526416394553 1.04437993224 2.61517625904 -2.09721272135
102 76 -0.300901756283 1.26989457051 2.84069089731 -1.87169808308
103 52 0.52654911795 2.09734544474 -2.61504353564 -1.04424720884
104 78 0.0649277566128 1.63572408341 -3.07666489698 -1.50586857018
105 79 0.100393497775 1.67118982457 -3.04119915581 -1.47040282902
106 80 -0.303474968363 1.26732135843 2.83811768523 -1.87427129516
107 81 -0.480896318587 1.08990000821 2.660696335 -2.05169264538
108 82 -0.662839960364 0.907956366431 2.47875269323 -2.23363628716
109 83 0.733812858759 2.30460918555 -2.40777979483 -0.836983468036
110 84 0.567113393954 2.13790972075 -2.57447925964 -1.00368293284
111 85 0.251529064272 1.82232539107 -2.89006358932 -1.31926726252
112 86 0.0422423479519 1.61303867475 -3.09935030564 -1.52855397884
113 87 0.0930076548296 1.66380398162 -3.04858499876 -1.47778867197
114 88 0.276240372901 1.8470366997 -2.86535228069 -1.29455595389
115 89 0.485852809133 2.05664913593 -2.65573984446 -1.08494351766
116 90 0.675744080001 2.2465404068 -2.46584857359 -0.895052246794
117 91 -0.720470406785 0.85032592001 2.42112224681 -2.29126673358
118 92 -0.685004665622 0.885791661173 2.45658798797 -2.25580099242
119 93 0.481923195035 2.05271952183 -2.65966945856 -1.08887313176
120 94 0.30450184481 1.87529817161 -2.83709080878 -1.26629448198
121 95 0.122558203033 1.69335452983 -3.01903445056 -1.44823812376
122 96 -0.0515853046385 1.51921102216 3.09000734895 -1.62238163143
123 97 -0.218284769444 1.35251155735 2.92330788415 -1.78908109624
124 98 -0.533869099126 1.03692722767 2.60772355446 -2.10466542592
125 99 -0.743155815446 0.827640511349 2.39843683814 -2.31395214224
126 100 -0.692390508568 0.878405818227 2.44920214502 -2.26318683536
127 101 -0.509157790496 1.0616385363 2.63243486309 -2.07995411729
128 102 -0.299545354264 1.27125097253 2.84204729933 -1.87034168106
129 78 0.577553260779 2.14834958757 -2.56403939281 -0.993243066016
130 104 0.0480247275839 1.61882105438 -3.09356792601 -1.52277159921
131 105 -0.051099416496 1.5196969103 3.09049323709 -1.62189574329
132 106 -0.298647097787 1.27214922901 2.8429455558 -1.86944342458
133 107 -0.480433757582 1.09036256921 2.66115889601 -2.05123008438
134 108 -0.667373314801 0.903423011994 2.47421933879 -2.2381696416
135 109 0.739401070963 2.31019739776 -2.40219158263 -0.831395255832
136 110 0.591466278441 2.16226260524 -2.55012637515 -0.979330048354
137 111 0.1424526189 1.7132489457 -2.99914003469 -1.42834370789
138 112 0.00938546890947 1.5801817957 -3.13220718468 -1.56141085789
139 113 0.101362394867 1.67215872166 -3.04023025872 -1.46943393193
140 114 0.28740250066 1.85819882746 -2.85419015293 -1.28339382613
141 115 0.488299277497 2.05909560429 -2.65329337609 -1.0824970493
142 116 0.677711860941 2.24850818774 -2.46388079265 -0.893084465854
143 117 -0.737373435814 0.833422890981 2.40421921778 -2.30816976261
144 118 0.734298746901 2.3050950737 -2.40729390669 -0.836497579893
145 119 0.48675106561 2.05754739241 -2.65484158798 -1.08404526118
146 120 0.304964405816 1.87576073261 -2.83662824777 -1.26583192098
147 121 0.118024848597 1.68882117539 -3.02356780499 -1.4527714782
148 122 -0.0459970924344 1.52479923436 3.09559556116 -1.61679341923
149 123 -0.193931884957 1.37686444184 2.94766076863 -1.76472821175
150 124 -0.642945544497 0.927850782298 2.49864710909 -2.21374187129
151 125 -0.776012694488 0.794783632307 2.3655799591 -2.34680902128
152 126 -0.684035768531 0.886760558264 2.45755688506 -2.25483209533
153 127 -0.497995662737 1.07280066406 2.64359699085 -2.06879198953
154 128 -0.2970988859 1.27369744089 2.84449376769 -1.86789521269
155 104 0.623208857244 2.19400518404 -2.51838379635 -0.947587469551
156 130 0.0228917866212 1.59368811342 -3.11870086697 -1.54790454017
157 131 -0.104287973034 1.46650835376 3.03730468056 -1.67508429983
158 132 -0.294324596733 1.27647173006 2.84726805686 -1.86512092353
159 133 -0.484224853975 1.08657147282 2.65736779961 -2.05502118077
160 134 -0.672170713067 0.898625613728 2.46942194052 -2.24296703986
161 135 0.750402888949 2.32119921574 -2.39118976464 -0.820393437846
162 136 0.644579774997 2.21537610179 -2.49701287859 -0.926216551798
163 137 -0.0250337164412 1.54576261035 3.11655893715 -1.59583004324
164 138 -0.0169122755012 1.55388405129 3.12468037809 -1.5877086023
165 139 0.107796089795 1.67859241659 -3.0337965638 -1.463000237
166 140 0.29524810906 1.86604443586 -2.84634454453 -1.27554821773
167 141 0.490867782297 2.06166410909 -2.65072487129 -1.0799285445
168 142 0.677297975445 2.24809430224 -2.46429467814 -0.89349835135
169 143 -0.762506376776 0.808289950019 2.37908627681 -2.33330270357
170 144 0.681110190364 2.25190651716 -2.46048246323 -0.889686136431
171 145 0.491073566664 2.06186989346 -2.65051908693 -1.07972276013
172 146 0.301173309422 1.87196963622 -2.84041934417 -1.26962301737
173 147 0.11322745033 1.68402377713 -3.02836520326 -1.45756887646
174 148 -0.0349952744483 1.53580105235 3.10659737914 -1.60579160124
175 149 -0.140818388401 1.42997793839 3.00077426519 -1.7116147152
176 150 0.760364446956 2.33116077375 -2.38122820663 -0.810431879839
177 151 0.768485887896 2.33928221469 -2.37310676569 -0.802310438899
178 152 -0.677602073603 0.893194253192 2.46399057999 -2.2483984004
179 153 -0.490150054337 1.08064627246 2.65144259925 -2.06094638113
180 154 -0.2945303811 1.27626594569 2.84706227249 -1.86532670789
181 130 0.65456677101 2.2253630978 -2.48702588258 -0.916229555785
182 156 0.0227510162519 1.59354734305 -3.11884163734 -1.54804531054
183 157 -0.10842550848 1.46237081832 3.03316714511 -1.67922183527
184 158 -0.294609642306 1.27618668449 2.84698301128 -1.8654059691
185 159 -0.49007760028 1.08071872651 2.65151505331 -2.06087392708
186 160 -0.677495329955 0.89330099684 2.46409732363 -2.24829165675
187 161 0.768563634326 2.33935996112 -2.37302901926 -0.802232692469
188 162 0.76037899005 2.33117531685 -2.38121366354 -0.810417336745
189 163 -0.140867654417 1.42992867238 3.00072499917 -1.71166398121
190 164 -0.0350932153243 1.53570311147 3.10649943827 -1.60588954212
191 165 0.113127468941 1.68392379574 -3.02846518465 -1.45766885785
192 166 0.30115756109 1.87195388789 -2.8404350925 -1.2696387657
193 167 0.491282447047 2.06207877384 -2.65031020654 -1.07951387975
194 168 0.681436322121 2.25223264892 -2.46015633147 -0.889360004674
195 169 -0.762647147146 0.808149179649 2.37894550644 -2.33344347394
196 170 0.676972654918 2.24776898171 -2.46461999867 -0.893823671877
197 171 0.490788521091 2.06158484789 -2.6508041325 -1.0800078057
198 172 0.295320563117 1.86611688991 -2.84627209047 -1.27547576368
199 173 0.107902833442 1.67869916024 -3.03368982015 -1.46289349335
200 174 -0.0168345290712 1.55396179772 3.12475812452 -1.58763085587
201 175 -0.0250191733471 1.54577715345 3.11657348024 -1.59581550014
202 176 0.64453050898 2.21532683577 -2.49706214461 -0.926265817815
203 177 0.750304948073 2.32110127487 -2.39128770552 -0.820491378722
204 178 -0.672270694456 0.898525632339 2.46932195913 -2.24306702125
205 179 -0.484240602307 1.08655572449 2.65735205128 -2.0550369291
206 180 -0.294115716351 1.27668061044 2.84747693724 -1.86491204315
207 156 0.670705281514 2.24150160831 -2.47088737208 -0.900091045281
208 182 0.047698875421 1.61849520222 -3.09389377817 -1.52309745137
209 183 -0.107895255658 1.46290107114 3.03369739793 -1.67869158245
210 184 -0.297083184655 1.27371314214 2.84450946893 -1.86787951145
211 185 -0.497895636346 1.07290069045 2.64369701724 -2.06869196314
212 186 -0.683937420179 0.886858906616 2.45765523341 -2.25473374697
213 187 -0.775963124005 0.79483320279 2.36562952958 -2.3467594508
214 188 -0.642966382416 0.927829944379 2.49862627117 -2.21376270921
215 189 -0.19400985518 1.37678647161 2.94758279841 -1.76480618197
216 190 -0.0461035934877 1.52469273331 3.0954890601 -1.61689992028
217 191 0.11795254642 1.68874887321 -3.02364010717 -1.45284378037
218 192 0.305043589475 1.87583991627 -2.83654906411 -1.26575273732
219 193 0.487076225756 2.05787255255 -2.65451642783 -1.08372010104
220 194 0.734440300273 2.30523662707 -2.40715235332 -0.836356026522
221 195 -0.737699287976 0.833097038818 2.40389336561 -2.30849561477
222 196 0.67750290774 2.24829923453 -2.46408974585 -0.893293419055
223 197 0.488314978742 2.05911130554 -2.65327767485 -1.08248134805
224 198 0.287502527052 1.85829885385 -2.85409012654 -1.28329379974
225 199 0.101460743219 1.67225707001 -3.04013191037 -1.46933558358
226 200 0.00943503939245 1.58023136619 -3.1321576142 -1.5613612874
227 201 0.142431780981 1.71322810778 -2.99916087261 -1.42836454581
228 202 0.591388308217 2.16218463501 -2.55020434537 -0.979408018577
229 203 0.73929456991 2.3100908967 -2.40229808368 -0.831501756885
230 204 -0.667445616978 0.903350709817 2.47414703661 -2.23824194377
231 205 -0.480354573922 1.09044175287 2.66123807967 -2.05115090072
232 206 -0.298321937641 1.27247438915 2.84327071595 -1.86911826444
233 182 0.709869514857 2.28066584165 -2.43172313873 -0.860926811938
234 208 0.064602491165 1.63539881796 -3.07699016242 -1.50619383563
235 209 -0.109733385259 1.46106294154 3.03185926833 -1.68052971205
236 210 -0.299472969253 1.27132335754 2.84211968434 -1.87026929605
237 211 -0.509050659799 1.061745667 2.63254199379 -2.07984698659
238 212 -0.692312198773 0.878484128022 2.44928045482 -2.26310852557
239 213 -0.743139266924 0.827657059871 2.39845338667 -2.31393559372
240 214 -0.533921426145 1.03687490065 2.60767122744 -2.10471775294
241 215 -0.218382858121 1.35241346867 2.92320979547 -1.78917918492
242 216 -0.0516851182563 1.51911120854 3.08990753533 -1.62248144505
243 217 0.122542471369 1.69333879816 -3.01905018222 -1.44825385543
244 218 0.304710717633 1.87550704443 -2.83688193596 -1.26608560916
245 219 0.482248889745 2.05304521654 -2.65934376384 -1.08854743705
246 220 -0.685144340444 0.885651986351 2.45644831315 -2.25594066724
247 221 -0.720795672232 0.850000654562 2.42079698136 -2.29159199903
248 222 0.675664778139 2.24646110493 -2.46592787545 -0.895131548656
249 223 0.485925194145 2.05672152094 -2.65566745945 -1.08487113265
250 224 0.276347503599 1.84714383039 -2.86524514999 -1.2944488232
251 225 0.0930859646249 1.66388229142 -3.04850668896 -1.47771036217
252 226 0.0422588964732 1.61305522327 -3.09933375712 -1.52853743032
253 227 0.251476737253 1.82227306405 -2.89011591634 -1.31931958954
254 228 0.567015305276 2.13781163207 -2.57457734831 -1.00378102152
255 229 0.733713045141 2.30450937194 -2.40787960845 -0.837083281654
256 230 -0.662855692028 0.907940634767 2.47873696156 -2.23365201882
257 231 -0.480687445765 1.09010888103 2.66090520782 -2.05148377256
258 232 -0.303149273652 1.26764705314 2.83844337994 -1.87394560045
259 208 -0.750952522683 0.819843804112 2.39064013091 -2.32174884948
260 234 0.0692527139224 1.64004904072 -3.07233993967 -1.50154361287
261 235 -0.111900534742 1.45889579205 3.02969211885 -1.68269686154
262 236 -0.300801813551 1.26999451324 2.84079084004 -1.87159814035
263 237 -0.526317669234 1.04447865756 2.61527498436 -2.09711399603
264 238 -0.703468108545 0.867328218249 2.43812454504 -2.27426443534
265 239 -0.708576462072 0.862219864723 2.43301619152 -2.27937278887
266 240 -0.482983554133 1.08781277266 2.65860909946 -2.05377988093
267 241 -0.229788305841 1.34100802095 2.91180434775 -1.80058463264
268 242 -0.0533763807602 1.51741994603 3.08821627283 -1.62417270756
269 243 0.126378991768 1.69717531856 -3.01521366182 -1.44441733503
270 244 0.29541580313 1.86621212993 -2.84617685046 -1.27538052366
271 245 0.516459329332 2.08725565613 -2.62513332426 -1.05433699746
272 246 -0.583291947815 0.98750437898 2.55830070578 -2.15408827461
273 247 -0.716145449475 0.85465087732 2.42544720411 -2.28694177627
274 248 0.673497628655 2.24429395545 -2.46809502493 -0.89729869814
275 249 0.484596349847 2.05539267664 -2.65699630374 -1.08619997695
276 250 0.259080494164 1.82987682096 -2.88251215943 -1.31171583263
277 251 0.081930054852 1.65272638165 -3.05966259874 -1.48886627194
278 252 0.0768217013255 1.64761802812 -3.06477095226 -1.49397462547
279 253 0.302414609264 1.87321093606 -2.83917804433 -1.26838171753
280 254 0.555609857556 2.12640618435 -2.58598279603 -1.01518646924
281 255 0.732021782637 2.30281810943 -2.40957087095 -0.838774544158
282 256 -0.65901917163 0.911777155165 2.48257348196 -2.22981549842
283 257 -0.489982360267 1.08081396653 2.65161029332 -2.06077868706
284 258 -0.268938834065 1.30185749273 2.87265381952 -1.83973516086
285 234 -0.713549858513 0.857246468282 2.42804279508 -2.28434618531
286 260 0.0678290182719 1.63862534507 -3.07376363532 -1.50296730852
287 261 -0.112321294323 1.45847503247 3.02927135927 -1.68311762112
288 262 -0.300454914479 1.27034141232 2.84113773911 -1.87125124127
289 263 -0.554757762609 1.01603856419 2.58683489098 -2.1255540894
290 264 -0.717688866727 0.853107460068 2.42390378686 -2.28848519352
291 265 -0.677941705791 0.892854621004 2.4636509478 -2.24873803259
292 266 -0.457593493837 1.11320283296 2.68399915975 -2.02838982063
293 267 -0.234623293466 1.33617303333 2.90696936012 -1.80541962026
294 268 -0.0523290923639 1.51846723443 3.08926356123 -1.62312541916
295 269 0.127400155251 1.69819648205 -3.01419249834 -1.44339617154
296 270 0.263849006304 1.8346453331 -2.87774364729 -1.30694732049
297 271 -0.434102399138 1.13669392766 2.70749025445 -2.00489872593
298 272 -0.550343220618 1.02045310618 2.59124943297 -2.12113954741
299 273 -0.717569145126 0.853227181669 2.42402350846 -2.28836547192
300 274 0.673076869075 2.24387319587 -2.46851578451 -0.89771945772
301 275 0.484943248919 2.05573957571 -2.65664940467 -1.08585307788
302 276 0.230640400789 1.80143672758 -2.9109522528 -1.34015592601
303 277 0.0677092966709 1.63850562347 -3.07388335692 -1.50308703012
304 278 0.107456457606 1.6782527844 -3.03413619598 -1.46333986919
305 279 0.327804669561 1.89860099636 -2.81378798403 -1.24299165723
306 280 0.550774869932 2.12157119673 -2.59081778366 -1.02002145686
307 281 0.733069071034 2.30386539783 -2.40852358256 -0.837727255761
308 282 -0.657998008146 0.912798318649 2.48359464544 -2.22879433494
309 283 -0.521549157093 1.0492471697 2.6200434965 -2.09234548389
310 284 0.35129576426 1.92209209105 -2.79029688933 -1.21950056254
311 260 -0.759322980168 0.811473346627 2.38226967342 -2.33011930696
312 286 0.0644657030164 1.63526202981 -3.07712695057 -1.50633062378
313 287 -0.109597236099 1.4611990907 3.03199541749 -1.68039356289
314 288 -0.297263422848 1.27353290395 2.84432923074 -1.86805974964
315 289 -0.60279891567 0.967997411125 2.53879373792 -2.17359524246
316 290 -0.733965869334 0.836830457461 2.40762678426 -2.30476219613
317 291 -0.654243319547 0.916553007248 2.48734933404 -2.22503964634
318 292 -0.44328769504 1.12750863175 2.69830495855 -2.01408402183
319 293 -0.235711367173 1.33508495962 2.90588128642 -1.80650769397
320 294 -0.0497517545359 1.52104457226 3.09184089905 -1.62054808133
321 295 0.120856561187 1.69165288798 -3.0207360924 -1.44993976561
322 296 0.145269634318 1.71606596111 -2.99632301927 -1.42552669248
323 297 -0.379375752745 1.19142057405 2.76221690084 -1.95017207954
324 298 -0.540993274999 1.0298030518 2.60059937859 -2.11178960179
325 299 -0.720932460381 0.849863866414 2.42066019321 -2.29172878718
326 300 0.675800927298 2.24659725409 -2.46579172629 -0.894995399496
327 301 0.488134740549 2.05893106734 -2.65345791304 -1.08266158625
328 302 0.182599247728 1.75339557452 -2.95899340586 -1.38819707907
329 303 0.0514322940636 1.62222862086 -3.09016035953 -1.51936403273
330 304 0.131154843851 1.70195117065 -3.01043780974 -1.43964148294
331 305 0.342110468358 1.91290679515 -2.79948218523 -1.22868585844
332 306 0.549686796224 2.12048312302 -2.59190585737 -1.02110953057
333 307 0.735646408862 2.30644273566 -2.40594624473 -0.835149917933
334 308 -0.66454160221 0.906254724585 2.47705105138 -2.23533792901
335 309 -0.640128529079 0.930667797715 2.50146412451 -2.21092485587
336 310 0.406022410652 1.97681873745 -2.73557024294 -1.16477391614
337 286 0.738616294085 2.30941262088 -2.4029763595 -0.83218003271
338 312 0.0611773472585 1.63197367405 -3.08041530633 -1.50961897954
339 313 -0.102155524661 1.46864080213 3.03943712893 -1.67295185146
340 314 -0.288172132254 1.28262419454 2.85342052134 -1.85896845905
341 315 -0.678859498564 0.891936828231 2.46273315503 -2.24965582536
342 316 -0.750039208533 0.820757118262 2.39155344506 -2.32083553533
343 317 -0.637268862923 0.933527463872 2.50432379067 -2.20806518972
344 318 -0.434189512447 1.13660681435 2.70740314114 -2.00498583924
345 319 -0.234479716927 1.33631660987 2.90711293666 -1.80527604372
346 320 -0.0476619365585 1.52313439024 3.09393071703 -1.61845826335
347 321 0.0964484975957 1.66724482439 -3.04514415599 -1.4743478292
348 322 -0.0911209993163 1.47967532748 3.05047165427 -1.66191732611
349 323 -0.36384145932 1.20695486748 2.77775119427 -1.93463778611
350 324 -0.54082560887 1.02997071792 2.60076704472 -2.11162193567
351 325 -0.724220816139 0.846575510656 2.41737183745 -2.29501714293
352 326 0.683242638737 2.25403896553 -2.45835001485 -0.887553688058
353 327 0.497226031144 2.06802235794 -2.64436662245 -1.07357029565
354 328 0.106538664833 1.67733499163 -3.03505398876 -1.46425766196
355 329 0.0353589548643 1.60615528166 -3.10623369873 -1.53543737193
356 330 0.148129300475 1.71892562727 -2.99346335312 -1.42266702632
357 331 0.35120865095 1.92200497775 -2.79038400264 -1.21958767584
358 332 0.55091844647 2.12171477326 -2.59067420712 -1.01987788032
359 333 0.737736226839 2.30853255363 -2.40385642675 -0.833060099956
360 334 -0.688949665802 0.881846660993 2.45264298779 -2.2597459926
361 335 0.694277164081 2.26507349088 -2.44731548951 -0.876519162714
362 336 0.421556704078 1.99235303087 -2.72003594951 -1.14923962272
363 312 0.662502627938 2.23329895473 -2.47909002565 -0.908293698857
364 338 0.0587195797058 1.6295159065 -3.08287307388 -1.51207674709
365 339 -0.0875535915035 1.48324273529 3.05403906209 -1.6583499183
366 340 -0.262552887667 1.30824343913 2.87903976592 -1.83334921446
367 341 -0.773345531824 0.797450794971 2.36824712177 -2.34414185862
368 342 -0.763547136205 0.80724919059 2.37804551738 -2.334343463
369 343 -0.625312480473 0.945483846322 2.51628017312 -2.19610880727
370 344 -0.427658951711 1.14313737508 2.71393370188 -1.99845527851
371 345 -0.232232655172 1.33856367162 2.90935999842 -1.80302898197
372 346 -0.0487621402592 1.52203418654 3.09283051333 -1.61955846705
373 347 0.0447010898964 1.61549741669 -3.09689156369 -1.5260952369
374 348 -0.163959998602 1.40683632819 2.97763265499 -1.7347563254
375 349 -0.357250148889 1.21354617791 2.7843425047 -1.92804647568
376 350 -0.544814471054 1.02598185574 2.59677818254 -2.11561079785
377 351 -0.726678583692 0.844117743103 2.4149140699 -2.29747491049
378 352 0.697844571894 2.26864089869 -2.4437480817 -0.872951754901
379 353 0.52284527573 2.09364160253 -2.61874737786 -1.04795105106
380 354 0.0120526315731 1.58284895837 -3.12954002202 -1.55874369522
381 355 0.0218510271925 1.59264735399 -3.1197416264 -1.5489452996
382 356 0.160085682924 1.73088200972 -2.98150697067 -1.41071064387
383 357 0.357739211686 1.92853553848 -2.7838534419 -1.21305711511
384 358 0.553165508225 2.12396183502 -2.58842714536 -1.01763081857
385 359 0.736636023138 2.30743234993 -2.40495663045 -0.834160303657
386 360 -0.740697073501 0.830099253294 2.40089558009 -2.3114934003
387 361 0.621438164796 2.19223449159 -2.52015448879 -0.949358161999
388 362 0.428148014508 1.9989443413 -2.71344463908 -1.14264831229
389 338 0.59440513576 2.16520146256 -2.54718751783 -0.976391191035
390 364 0.0572973412923 1.62809366809 -3.0842953123 -1.5134989855
391 365 -0.0622916965655 1.50850463023 3.07930095702 -1.63308802336
392 366 -0.151615186359 1.41918114044 2.98997746723 -1.72241151315
393 367 0.717080218382 2.28787654518 -2.42451243521 -0.853716108413
394 368 -0.773193459041 0.797602867754 2.36839919455 -2.34398978584
395 369 -0.616613940612 0.954182386183 2.52497871298 -2.18741026741
396 370 -0.422529934835 1.14826639196 2.71906271876 -1.99332626163
397 371 -0.231209304517 1.33958702228 2.91038334907 -1.80200563131
398 372 -0.0500969959491 1.52069933085 3.09149565764 -1.62089332274
399 373 0.00124917846004 1.57204550525 -3.14034347513 -1.56954714833
400 374 -0.170001782965 1.40079454383 2.97159087062 -1.74079810976
401 375 -0.357034001307 1.21376232549 2.78455865228 -1.9278303281
402 376 -0.550808805082 1.01998752171 2.59078384851 -2.12160513188
403 377 -0.728100822105 0.84269550469 2.41349183148 -2.2988971489
404 378 0.723106466832 2.29390279363 -2.41848618676 -0.847689859963
405 379 0.633782977038 2.20457930383 -2.50780967655 -0.937013349757
406 380 -0.0683179450151 1.50247838178 3.07327470857 -1.63911427181
407 381 0.0122047043561 1.58300103115 -3.12938794923 -1.55859162244
408 382 0.168784222786 1.73958054958 -2.9728084308 -1.40201210401
409 383 0.362868228563 1.93366455536 -2.77872442503 -1.20792809823
410 384 0.55418885888 2.12498518568 -2.58740379471 -1.01660746791
411 385 0.735301167448 2.30609749424 -2.40629148614 -0.835495159347
412 386 -0.784148984937 0.786647341857 2.35744366865 -2.35494531173
413 387 0.615396380433 2.18619270723 -2.52619627316 -0.955399946362
414 388 0.428364162091 1.99916048889 -2.7132284915 -1.1424321647
415 364 0.539520555076 2.11031688187 -2.60207209851 -1.03127577172
416 390 0.0569678759156 1.62776420271 -3.08462477767 -1.51382845088
417 391 -0.0228614866565 1.54793484014 3.11873116693 -1.59365781345
418 392 0.26203155011 1.8328278769 -2.87956110348 -1.30876477669
419 393 0.665955362263 2.23675168906 -2.47563729133 -0.904840964532
420 394 -0.77891357216 0.791882754634 2.36267908143 -2.34970989896
421 395 -0.609853095497 0.960943231297 2.53173955809 -2.18064942229
422 396 -0.419024934835 1.15177139196 2.72256771875 -1.98982126163
423 397 -0.23332685291 1.33746947388 2.90826580068 -1.80412317971
424 398 -0.0221477576658 1.54864856913 3.11944489592 -1.59294408446
425 399 -0.000455394691071 1.5703409321 3.1411372589 -1.57125172149
426 400 -0.169131503446 1.40166482335 2.97246115014 -1.73992783024
427 401 -0.359965452659 1.21083087414 2.78162720093 -1.93076177945
428 402 -0.558660765698 1.0121355611 2.58293188789 -2.12945709249
429 403 -0.728430287482 0.842366039313 2.41316236611 -2.29922661428
430 404 0.762536676741 2.33333300354 -2.37905597685 -0.808259650054
431 405 -0.523366613288 1.04742971351 2.6182260403 -2.09416294008
432 406 -0.119442801134 1.45135352566 3.02214985246 -1.69023912793
433 407 0.00648459123696 1.57728091803 -3.13510806235 -1.56431173556
434 408 0.1755450679 1.74634139469 -2.96604758569 -1.39525125889
435 409 0.366373228562 1.93716955536 -2.77521942503 -1.20442309823
436 410 0.552071310487 2.12286763728 -2.5895213431 -1.01872501631
437 411 0.763250405732 2.33404673253 -2.37834224786 -0.807545921063
438 412 0.784942768706 2.3557390955 -2.35664988488 -0.785853558089
439 413 0.616266659951 2.18706298675 -2.52532599364 -0.954529666844
440 414 0.425432710739 1.99622903753 -2.71615994285 -1.14536361606
441 390 0.498697826894 2.06949415369 -2.6428948267 -1.0720984999
442 416 0.057602769378 1.62839909617 -3.08398988421 -1.51319355742
443 417 0.0303784003022 1.6011747271 -3.11121425329 -1.54041792649
444 418 0.36770622517 1.93850255196 -2.77388642842 -1.20309010163
445 419 0.637258455243 2.20805478204 -2.50433419835 -0.933537871552
446 420 -0.781322265575 0.78947406122 2.36027038801 -2.35211859237
447 421 -0.604288830647 0.966507496148 2.53730382294 -2.17508515744
448 422 -0.419380094755 1.15141623204 2.72221255883 -1.99017642155
449 423 -0.230257146895 1.3405391799 2.9113355067 -1.80105347369
450 424 0.0691508779241 1.63994720472 -3.07244177567 -1.50164544887
451 425 0.00835672572413 1.57915305252 -3.13323592787 -1.56243960107
452 426 -0.17058767668 1.40020865011 2.97100497691 -1.74138400348
453 427 -0.363778860331 1.20701746646 2.77781379326 -1.93457518713
454 428 -0.569524840082 1.00127148671 2.57206781351 -2.14032116688
455 429 -0.727795394019 0.843000932775 2.41379725957 -2.29859172081
456 430 -0.755019763095 0.8157765637 2.38657289049 -2.32581608989
457 431 -0.417691938228 1.15310438857 2.72390071536 -1.98848826502
458 432 -0.148139708155 1.42265661864 2.99345294544 -1.71893603495
459 433 0.00407589782239 1.57487222462 -3.13751675577 -1.56672042897
460 434 0.18110933275 1.75190565955 -2.96048332084 -1.38968699404
461 435 0.366018068643 1.93681439544 -2.77557458495 -1.20477825815
462 436 0.555141016503 2.1259373433 -2.58645163709 -1.01565531029
463 437 -0.716247285473 0.854549041322 2.42534536812 -2.28704361227
464 438 -0.777041437673 0.793754889122 2.36455121592 -2.34783776447
465 439 0.614810486717 2.18560681351 -2.52678216687 -0.955985840078
466 440 0.421619303066 1.99241562986 -2.71997335052 -1.14917702373
467 416 0.470061775214 2.04085810201 -2.67153087838 -1.10073455158
468 442 0.0587277072553 1.62952403405 -3.08286494633 -1.51206861954
469 443 0.0885612016472 1.65935752844 -3.05303145194 -1.48223512515
470 444 0.394224349993 1.96502067679 -2.7473683036 -1.1765719768
471 445 0.622064746536 2.19286107333 -2.51952790705 -0.948731580259
472 446 -0.781151378454 0.789644948341 2.36044127514 -2.35194770525
473 447 -0.60022613168 0.970570195115 2.54136652191 -2.17102245848
474 448 -0.42769964759 1.1430966792 2.713893006 -1.99849597438
475 449 -0.155108230723 1.41568809607 2.98648442287 -1.72590455752
476 450 0.146902555541 1.71769888234 -2.99469009805 -1.42389377125
477 451 0.0110621132457 1.58185844004 -3.13053054034 -1.55973421355
478 452 -0.172631718127 1.39816460867 2.96896093546 -1.74342804492
479 453 -0.367913567466 1.20288275933 2.77367908612 -1.93870989426
480 454 -0.585528256364 0.985268070431 2.55606439723 -2.15632458316
481 455 -0.726670456142 0.844125870653 2.41492219745 -2.29746678294
482 456 -0.69683696175 0.873959365045 2.44475569184 -2.26763328855
483 457 -0.391173813404 1.17962251339 2.75041884019 -1.9619701402
484 458 -0.163333416862 1.40746290993 2.97825923673 -1.73412974366
485 459 0.00424678494309 1.57504311174 -3.13734586865 -1.56654954185
486 460 0.185172031717 1.75596835851 -2.95642062187 -1.38562429508
487 461 0.357698515807 1.9284948426 -2.78389413778 -1.21309781099
488 462 0.630289932675 2.20108625947 -2.51130272091 -0.94050639412
489 463 -0.638495607857 0.932300718938 2.50309704573 -2.20929193465
490 464 -0.774336050152 0.796460276643 2.36725660344 -2.34513237695
491 465 0.61276644527 2.18356277207 -2.52882620832 -0.958029881525
492 466 0.417484595931 1.98828092273 -2.72410805766 -1.15331173086
493 442 0.450001999593 2.02079832639 -2.691590654 -1.1207943272
494 468 0.0595877758512 1.63038410265 -3.08200487774 -1.51120855094
495 469 0.138899424459 1.70969575125 -3.00269322913 -1.43189690234
496 470 0.405769363513 1.97656569031 -2.73582329008 -1.16502696328
497 471 0.614750328168 2.18554665496 -2.52684232542 -0.956045998627
498 472 -0.779071979678 0.791724347117 2.36252067391 -2.34986830647
499 473 -0.599775490294 0.971020836501 2.5418171633 -2.17057181709
500 474 -0.453135087204 1.11766123959 2.68845756639 -2.023931414
501 475 0.219823826028 1.79062015282 -2.92176882756 -1.35097250077
502 476 0.177069248662 1.74786557546 -2.96452340493 -1.39372707813
503 477 0.00925432148468 1.58005064828 -3.13233833211 -1.56154200531
504 478 -0.173103385964 1.39769294083 2.96848926763 -1.74389971276
505 479 -0.372781925062 1.19801440173 2.76881072853 -1.94357825186
506 480 -0.609886400735 0.96090992606 2.53170625286 -2.18068272753
507 481 -0.725810387546 0.844985939249 2.41578226604 -2.29660671434
508 482 -0.646498738938 0.924297587857 2.49509391465 -2.21729506573
509 483 -0.379628799884 1.19116752691 2.76196385371 -1.95042512668
510 484 -0.170647835229 1.40014849157 2.97094481836 -1.74144416202
511 485 0.0063261837193 1.57712251051 -3.13526646987 -1.56447014308
512 486 0.185622673104 1.7564189999 -2.95596998049 -1.38517365369
513 487 0.332263076194 1.90305940299 -2.8093295774 -1.2385332506
514 488 -0.56557433737 1.00522198943 2.57601831622 -2.13637066416
515 489 -0.608328914736 0.962467412059 2.53326373885 -2.17912524153
516 490 -0.776143841913 0.794652484882 2.36544881168 -2.34694016871
517 491 0.612294777433 2.18309110423 -2.52929787616 -0.958501549362
518 492 0.412616238335 1.98341256513 -2.72897641525 -1.15818008846
519 468 0.433456589811 2.00425291661 -2.70813606378 -1.13733973698
520 494 0.0595705449629 1.63036687176 -3.08202210863 -1.51122578183
521 495 0.17543284733 1.74622917413 -2.96615980626 -1.39536347946
522 496 0.412509266536 1.98330559333 -2.72908338705 -1.15828706026
523 497 0.612222542618 2.18301886941 -2.52937011097 -0.958573784177
524 498 -0.776064558951 0.794731767844 2.36552809464 -2.34686088575
525 499 -0.608003740601 0.962792586194 2.53358891299 -2.1788000674
526 500 -0.56543601633 1.00536031047 2.57615663726 -2.13623234312
527 501 0.331937674327 1.90273400112 -2.80965497926 -1.23885865247
528 502 0.185413791588 1.75621011838 -2.956178862 -1.38538253521
529 503 0.00634183579605 1.57713816259 -3.13525081779 -1.564454491
530 504 -0.170547971028 1.40024835577 2.97104468256 -1.74134429782
531 505 -0.379530122043 1.19126620475 2.76206253155 -1.95032644884
532 506 -0.646447573752 0.924348753043 2.49514507984 -2.21724390055
533 507 -0.725827618435 0.84496870836 2.41576503516 -2.29662394523
534 508 -0.609965316067 0.960831010728 2.53162733752 -2.18076164286
535 509 -0.372888896862 1.19790742993 2.76870375673 -1.94368522366
536 510 -0.173175620779 1.39762070602 2.96841703281 -1.74397194757
537 511 0.00933360444647 1.58012993124 -3.13225904914 -1.56146272235
538 512 0.177394422797 1.74819074959 -2.96419823079 -1.393401904
539 513 0.219962147068 1.79075847386 -2.92163050652 -1.35083417973
540 514 -0.453460489071 1.11733583772 2.68813216452 -2.02425681587
541 515 -0.59998437181 0.970811954985 2.54160828178 -2.1707806986
542 516 -0.779056327601 0.791739999193 2.36253632599 -2.3498526544
543 517 0.61485019237 2.18564651916 -2.52674246122 -0.955946134425
544 518 0.405868041354 1.97666436815 -2.73572461224 -1.16492828544
545 494 0.41460045241 1.98539677921 -2.72699220118 -1.15619587438
546 520 0.0586776044815 1.62947393128 -3.08291504911 -1.51211872231
547 521 0.199771217839 1.77056754463 -2.94182143575 -1.37102510896
548 522 0.41738455657 1.98818088336 -2.72420809702 -1.15341177023
549 523 0.612750748078 2.18354707487 -2.52884190551 -0.958045578717
550 524 -0.774127045327 0.796669281467 2.36746560826 -2.34492337212
551 525 -0.638170079829 0.932626246966 2.50342257376 -2.20896640662
552 526 0.630148073111 2.20094439991 -2.51144458048 -0.940648253684
553 527 0.357373421877 1.92816974867 -2.78421923171 -1.21342290492
554 528 0.185092753731 1.75588908053 -2.95649989986 -1.38570357306
555 529 0.0043190795748 1.57511540637 -3.13727357401 -1.56647724722
556 530 -0.163226924992 1.4075694018 2.9783657286 -1.73402325179
557 531 -0.391094615375 1.17970171142 2.75049803822 -1.96189094217
558 532 -0.696818498319 0.873977828476 2.44477415527 -2.26761482511
559 533 -0.726720558916 0.844075767879 2.41487209467 -2.29751688571
560 534 -0.585626945558 0.985169381237 2.55596570803 -2.15642327235
561 535 -0.368013606828 1.20278271997 2.77357904676 -1.93880993362
562 536 -0.17264741532 1.39814891148 2.96894523827 -1.74344374211
563 537 0.01127111807 1.58206744486 -3.13032153552 -1.55952520872
564 538 0.147228083568 1.71802441036 -2.99436457002 -1.42356824323
565 539 -0.155250090287 1.41554623651 2.9863425633 -1.72604641708
566 540 -0.428024741521 1.14277158527 2.71356791207 -1.99882106832
567 541 -0.600305409667 0.970490917128 2.54128724392 -2.17110173646
568 542 -0.781079083823 0.789717242972 2.36051356977 -2.35187541062
569 543 0.622171238405 2.1929675652 -2.51942141518 -0.94862508839
570 544 0.394303548023 1.96509987482 -2.74728910557 -1.17649277877
571 520 0.389871169943 1.96066749674 -2.75172148365 -1.18092515685
572 546 0.0575246164622 1.62832094326 -3.08406803713 -1.51327171033
573 547 0.215766394337 1.78656272113 -2.92582625925 -1.35502993246
574 548 0.421546946888 1.99234327368 -2.7200457067 -1.14924937991
575 549 0.614889829969 2.18568615676 -2.52670282362 -0.955906496826
576 550 -0.776716171299 0.794080155496 2.36487648229 -2.34751249809
577 551 -0.716107157703 0.854689169092 2.42548549589 -2.2869034845
578 552 0.55481511987 2.12561144667 -2.58677753372 -1.01598120692
579 553 0.365809204119 1.93660553091 -2.77578344947 -1.20498712268
580 554 0.181125063681 1.75192139048 -2.96046758991 -1.38967126311
581 555 0.00417565152821 1.57497197832 -3.13741700206 -1.56662067527
582 556 -0.148041725796 1.422754601 2.99355092779 -1.71883805259
583 557 -0.417639639739 1.15315668706 2.72395301385 -1.98843596653
584 558 -0.755035878496 0.815760448299 2.38655677509 -2.32583220529
585 559 -0.727873546935 0.84292277986 2.41371910665 -2.29866987373
586 560 -0.56963176906 1.00116455773 2.57196088453 -2.14042809586
587 561 -0.36385121651 1.20694511029 2.77774143708 -1.9346475433
588 562 -0.170508333429 1.40028799337 2.97108432016 -1.74130466022
589 563 0.00868199209825 1.57947831889 -3.13291066149 -1.5621143347
590 564 0.0692910056944 1.64008733249 -3.0723016479 -1.5015053211
591 565 -0.230583043527 1.34021328327 2.91100961006 -1.80137937032
592 566 -0.419588959279 1.15120736752 2.72200369431 -1.99038528607
593 567 -0.604273099717 0.966523227078 2.53731955387 -2.17506942651
594 568 -0.781222511869 0.789573814926 2.36037014172 -2.35201883866
595 569 0.637356437601 2.2081527644 -2.50423621599 -0.933439889194
596 570 0.367758523659 1.93855485045 -2.77383412993 -1.20303780314
597 546 0.363412803593 1.93420913039 -2.77817985 -1.2073835232
598 572 0.05686973758 1.62766606437 -3.08472291601 -1.51392658921
599 573 0.226637301636 1.79743362843 -2.91495535195 -1.34415902516
600 574 0.425416930885 1.99621325768 -2.7161757227 -1.14537939591
601 575 0.616475568749 2.18727189554 -2.52511708484 -0.954320758046
602 576 0.785268730234 2.35606505703 -2.35632392336 -0.785527596561
603 577 0.763109127817 2.33390545461 -2.37848352577 -0.807687198978
604 578 0.551746075621 2.12254240242 -2.58984657797 -1.01905025117
605 579 0.366294017257 1.93709034405 -2.77529863633 -1.20450230954
606 580 0.175617498799 1.74641382559 -2.96597515479 -1.395178828
607 581 0.00659121302211 1.57738753982 -3.13500144057 -1.56420511377
608 582 -0.119365125433 1.45143120136 3.02222752816 -1.69016145223
609 583 -0.52334194443 1.04745438236 2.61825070916 -2.09413827123
610 584 0.762487371997 2.33328369879 -2.37910528159 -0.808308954798
611 585 -0.728528425817 0.842267900977 2.41306422777 -2.29932475261
612 586 -0.558760861761 1.01203546503 2.58283179183 -2.12955718856
613 587 -0.359981232512 1.21081509428 2.78161142108 -1.93077755931
614 588 -0.168922594648 1.40187373215 2.97267005894 -1.73971892144
615 589 -0.000129433163676 1.57066689363 3.14146322043 -1.57092575996
616 590 -0.0222890355802 1.54850729121 3.11930361801 -1.59308536238
617 591 -0.233652087777 1.33714423902 2.90794056581 -1.80444841457
618 592 -0.419104146141 1.15169218065 2.72248850745 -1.98990047294
619 593 -0.609780664599 0.961015662196 2.53181198899 -2.18057699139
620 594 -0.778806950375 0.79198937642 2.36278570321 -2.34960327717
621 595 0.666033037964 2.23682936476 -2.47555961563 -0.90476328883
622 596 0.262056218967 1.83285254576 -2.87953643462 -1.30874010783
623 572 0.346435457103 1.9172317839 -2.79515719649 -1.22436086969
624 598 0.0571906670473 1.62798699384 -3.08440198654 -1.51360565975
625 599 0.234516937126 1.80531326392 -2.90707571646 -1.33627938967
626 600 0.428443395033 1.99923972183 -2.71314925856 -1.14235293176
627 601 0.615721672352 2.18651799915 -2.52587098124 -0.955074654442
628 602 -0.784007923157 0.786788403638 2.35758473043 -2.35480424995
629 603 0.734975079315 2.30577140611 -2.40661757428 -0.83582124748
630 604 0.553979974462 2.12477630126 -2.58761267913 -1.01681635233
631 605 0.362884023545 1.93368035034 -2.77870863005 -1.20791230325
632 606 0.168884180422 1.73968050722 -2.97270847317 -1.40191214637
633 607 0.0123026573306 1.58309898413 -3.12928999626 -1.55849366946
634 608 -0.0682688101258 1.50252751667 3.07332384346 -1.63906513692
635 609 0.633768272873 2.20456459967 -2.50782438072 -0.937028053922
636 610 0.723028782042 2.29382510884 -2.41856387155 -0.847767544753
637 611 -0.72820749635 0.842588830445 2.41338515724 -2.29900382315
638 612 -0.550881226271 1.01991510052 2.59071142732 -2.12167755307
639 613 -0.356954768364 1.21384155843 2.78463788523 -1.92775109516
640 614 -0.169676491045 1.40111983575 2.97191616254 -1.74047281784
641 615 0.00139024024086 1.57218656704 -3.14020241335 -1.56940608655
642 616 -0.0504230840829 1.52037324271 3.09116956951 -1.62121941088
643 617 -0.231418188935 1.33937813786 2.91017446465 -1.80221451573
644 618 -0.422514139853 1.14828218694 2.71907851374 -1.99331046665
645 619 -0.616513982975 0.954282343819 2.52507867061 -2.18731030977
646 620 -0.773095506067 0.797700820728 2.36849714752 -2.34389183286
647 621 0.717129353272 2.28792568007 -2.42446330032 -0.853666973523
648 622 -0.151629890525 1.41916643627 2.98996276307 -1.72242621732
649 598 0.346561003203 1.91735733 -2.79503165039 -1.22423532359
650 0 0.0587190388836 1.62951536568 -3.08287361471 -1.51207728791
651 0 0.594404481901 2.1652008087 -2.54718817169 -0.976391844894
652 1 -0.648437587549 0.922358739246 2.49315506604 -2.21923391434
653 2 -0.29421815227 1.27657817452 2.84737450132 -1.86501447907
654 3 0.0201308344617 1.59092716126 -3.12146181913 -1.55066549233
655 4 -0.0714928494426 1.49930347735 3.07009980415 -1.64228917624
656 5 -0.330422887454 1.24037343934 2.81116976614 -1.90121921425
657 6 -0.623982793329 0.946813533466 2.51760986026 -2.19477912012
658 7 0.6551167183 2.2259130451 -2.48647593529 -0.915679608495
659 8 0.430781590781 2.00157791758 -2.71081106281 -1.14001473601
660 9 0.345101494475 1.91589782127 -2.79649115911 -1.22569483232
661 10 -0.772301877248 0.798494449546 2.36929077634 -2.34309820404
662 11 -0.622819770037 0.947976556758 2.51877288355 -2.19361609683
663 12 -0.454718669612 1.11607765718 2.68687398398 -2.02551499641
664 13 -0.190993681497 1.3798026453 2.95059897209 -1.76179000829
665 14 0.136960575849 1.70775690264 -3.00463207774 -1.43383575095
666 15 0.491180011127 2.06197633792 -2.65041264246 -1.07961631567
667 16 -0.765267328936 0.805528997859 2.37632532465 -2.33606365573
668 17 0.713905313955 2.28470164075 -2.42768733963 -0.85689101284
669 18 0.454975275944 2.02577160274 -2.68661737765 -1.11582105085
670 19 0.161415370069 1.73221169686 -2.98017728352 -1.40938095673
671 20 -0.130281445097 1.4405148817 3.01131120849 -1.70107777189
672 21 -0.354616572617 1.21617975418 2.78697608097 -1.92541289941
673 22 -0.440296668923 1.13049965787 2.70129598467 -2.01109299572
674 23 0.013096286149 1.58389261294 -3.12849636744 -1.55770004065
675 24 0.16257839336 1.73337472016 -2.97901426023 -1.40821793343
