1002 4 0
0 1 -0.614059586879 0.956736739916 2.52753306671 -2.18485591367
1 0 -0.61694957092 0.953846755875 2.52464308267 -2.18774589772
2 0 0.104335128084 1.67513145488 -3.03725752551 -1.46646119871
3 0 -0.664854407498 0.905941919297 2.47673824609 -2.23565073429
4 2 0.441076567034 2.01187289383 -2.70051608656 -1.12971975976
5 2 -0.565391181559 1.00540514524 2.57620147203 -2.13618750835
6 4 -0.664199238368 0.906597088426 2.47739341522 -2.23499556516
7 5 -0.564099148919 1.00669717788 2.57749350467 -2.13489547571
8 6 -0.664110900232 0.906685426563 2.47748175336 -2.23490722703
9 7 -0.561889722513 1.00890660428 2.57970293108 -2.13268604931
10 8 -0.664698512384 0.906097814411 2.47689414121 -2.23549483918
11 9 -0.558136676355 1.01265965044 2.58345597723 -2.12893300315
12 10 -0.667197540083 0.903598786712 2.47439511351 -2.23799386688
13 11 -0.551105432459 1.01969089434 2.59048722113 -2.12190175925
14 12 0.00709288504751 1.57788921184 -3.13449976854 -1.56370344175
15 12 -0.676112178657 0.894684148138 2.46548047493 -2.24690850545
16 14 -0.434494407512 1.13630191928 2.70709824608 -2.00529073431
17 15 -0.730707257156 0.840089069639 2.41088539643 -2.30150358395
18 16 0.0421096342996 1.61290596109 -3.09948301929 -1.5286866925
19 17 0.226949999037 1.79774632583 -2.91464265455 -1.34384632776
20 18 0.10273282638 1.67352915318 -3.03885982721 -1.46806350041
21 19 0.179594139829 1.75039046662 -2.96199851376 -1.39120218697
22 20 0.417360916833 1.98815724363 -2.72423173676 -1.15343540996
23 22 0.176738005247 1.74753433204 -2.96485464834 -1.39405832155
24 20 0.17873121444 1.74952754124 -2.96286143915 -1.39206511235
25 23 0.175130384829 1.74592671162 -2.96646226876 -1.39566594197
26 23 -0.172018602518 1.39877772428 2.96957405107 -1.74281492931
27 25 0.174713786442 1.74551011324 -2.96687886715 -1.39608254035
28 25 -0.209504456549 1.36129187025 2.93208819704 -1.78030078334
29 27 -0.275256454579 1.29553987222 2.86633619901 -1.84605278137
30 29 -0.194166984292 1.3766293425 2.9474256693 -1.76496331109
31 30 0.629552756236 2.20034908303 -2.51203989735 -0.941243570559
32 30 -0.0209549767471 1.54984135005 3.12063767684 -1.59175130354
33 31 -0.0388932202167 1.53190310658 3.10269943337 -1.60968954701
34 31 0.170413511422 1.74120983822 -2.97117914217 -1.40038281537
35 33 0.131598888009 1.7023952148 -3.00999376558 -1.43919743879
36 34 0.16792617331 1.7387225001 -2.97366648028 -1.40287015349
37 34 -0.345770684539 1.22502564226 2.79582196905 -1.91656701133
38 36 0.167208263064 1.73800458986 -2.97438439053 -1.40358806373
39 36 -0.415685322233 1.15511100456 2.72590733136 -1.98648164903
40 38 0.168039153323 1.73883548012 -2.97355350027 -1.40275717347
41 39 0.0156784631415 1.58647478994 -3.12591419045 -1.55511786365
42 40 -0.162358332031 1.40843799476 2.97923432156 -1.73315465883
43 40 0.169254056822 1.74005038362 -2.97233859677 -1.40154226997
44 42 0.0444503496003 1.6152466764 -3.09714230399 -1.52634597719
45 43 0.169679272023 1.74047559882 -2.97191338157 -1.40111705477
46 44 -0.497368517883 1.07342780891 2.64422413571 -2.06816484468
47 45 -0.321650836683 1.24914549011 2.81994181691 -1.89244716348
48 45 0.172156590106 1.7429529169 -2.96943606348 -1.39863973669
49 47 -0.139605091412 1.43119123538 3.00198756218 -1.71040141821
50 47 0.0729704240618 1.64376675086 -3.06862222953 -1.49782590273
51 49 0.154748109811 1.72554443661 -2.98684454378 -1.41604821698
52 50 0.129316926633 1.70011325343 -3.01227572696 -1.44147940016
53 51 0.156762026651 1.72755835345 -2.98483062694 -1.41403430014
54 52 0.148983209941 1.71977953674 -2.99260944365 -1.42181311685
55 53 0.532653616578 2.10344994337 -2.60893903701 -1.03814271022
56 53 0.159019636927 1.72981596372 -2.98257301666 -1.41177668987
57 55 0.160962051553 1.73175837835 -2.98063060204 -1.40983427524
58 56 0.16115672761 1.7319530544 -2.98043592598 -1.40963959918
59 57 0.166721374898 1.73751770169 -2.97487127869 -1.4040749519
60 58 0.163344919069 1.73414124586 -2.97824773452 -1.40745140773
61 59 0.0730197432238 1.64381607002 -3.06857291037 -1.49777658357
62 61 -0.287244129894 1.2835521969 2.8543485237 -1.85804045669
63 1 -0.518569767714 1.05222655908 2.62302288588 -2.08936609451
64 1 0.203132445834 1.77392877263 -2.93846020776 -1.36766388096
65 5 -0.515916913403 1.05487941339 2.62567574019 -2.0867132402
66 7 -0.503133882148 1.06766244465 2.63845877144 -2.07393020894
67 9 -0.485502724364 1.08529360243 2.65608992923 -2.05629905116
68 11 -0.464997720717 1.10579860608 2.67659493287 -2.03579404751
69 13 -0.436975074209 1.13382125259 2.70461757938 -2.007771401
70 13 0.141605608384 1.71240193518 -2.99998704521 -1.42919071841
71 14 0.272311146061 1.84310747286 -2.86928150753 -1.29848518073
72 16 0.509776082295 2.08057240909 -2.6318165713 -1.0610202445
73 18 0.457982027031 2.02877835383 -2.68361062656 -1.11281429976
74 24 0.0406320301491 1.61142835694 -3.10096062344 -1.53016429665
75 24 -0.326864316527 1.24393201027 2.81472833706 -1.89766064332
76 26 -0.175676706424 1.39511962037 2.96591594717 -1.74647303322
77 28 0.0479300194053 1.6187263462 -3.09366263418 -1.52286630739
78 29 0.202207196071 1.77300352287 -2.93938545752 -1.36858913072
79 30 0.257172790096 1.82796911689 -2.88441986349 -1.3136235367
80 32 -0.737446047001 0.833350279794 2.40414660659 -2.3082423738
81 35 -0.299890048525 1.27090627827 2.84170260506 -1.87068637532
82 37 -0.485160612697 1.0856357141 2.65643204089 -2.05595693949
83 41 -0.0116186248522 1.55917770194 3.12997402874 -1.58241495165
84 42 -0.19373345673 1.37706287006 2.94785919686 -1.76452978352
85 46 -0.556418291162 1.01437803563 2.58517436243 -2.12721461796
86 50 0.00825200116515 1.57904832796 -3.13334065242 -1.56254432563
87 52 0.0944140880296 1.66521041482 -3.04717856556 -1.47638223877
88 54 0.141661017156 1.71245734395 -2.99993163643 -1.42913530964
89 54 0.530749839093 2.10154616589 -2.6108428145 -1.0400464877
90 55 0.542188380448 2.11298470724 -2.59940427314 -1.02860794635
91 57 0.528623893745 2.09942022054 -2.61296875985 -1.04217243305
92 61 0.38494277985 1.95573910664 -2.75664987374 -1.18585354695
93 63 -0.420267918101 1.15052840869 2.72132473549 -1.9910642449
94 63 0.301795603757 1.87259193055 -2.83979704983 -1.26900072304
95 65 -0.417165024835 1.15363130196 2.72442762875 -1.98796135163
96 66 -0.403770909279 1.16702541752 2.73782174431 -1.97456723607
97 67 -0.384840959542 1.18595536725 2.75675169405 -1.95563728634
98 68 -0.361658090543 1.20913823625 2.77993456305 -1.93245441734
99 69 -0.328590982501 1.24220534429 2.81300167109 -1.8993873093
100 69 0.25660991373 1.82740624052 -2.88498273986 -1.31418641306
101 70 0.364521170363 1.93531749716 -2.77707148323 -1.20627515643
102 71 0.500486402594 2.07128272939 -2.641106251 -1.0703099242
103 72 0.426587665256 1.99738399205 -2.71500498833 -1.14420866154
104 74 0.00712155588095 1.57791788268 -3.13447109771 -1.56367477091
105 74 -0.364057719033 1.20673860776 2.77753493456 -1.93485404583
106 75 -0.215429351106 1.35536697569 2.92616330248 -1.7862256779
107 76 -0.0959493956837 1.47484693111 3.04564325791 -1.66674572248
108 78 0.163055558244 1.73385188504 -2.97853709535 -1.40774076855
109 32 0.0374234085355 1.60821973533 -3.10416924505 -1.53337291826
110 80 -0.181654012225 1.38914231457 2.95993864137 -1.75245033902
111 81 -0.100938547458 1.46985777934 3.04065410613 -1.67173487425
112 81 -0.526267987715 1.04452833908 2.61532466588 -2.09706431451
113 83 -0.183968733133 1.38682759366 2.95762392046 -1.75476505993
114 46 -0.00926574467248 1.56153058212 3.13232690892 -1.58006207147
115 46 -0.282950860011 1.28784546678 2.85864179358 -1.85374718681
116 86 0.0175143080979 1.58831063489 -3.12407834549 -1.5532820187
117 87 0.0912542095662 1.66205053636 -3.05033844402 -1.47954211723
118 88 0.139246494278 1.71004282107 -3.00234615931 -1.43154983252
119 88 0.529886021044 2.10068234784 -2.61170663255 -1.04091030575
120 89 0.542159515595 2.11295584239 -2.59943313799 -1.0286368112
121 90 0.529337546989 2.10013387378 -2.6122551066 -1.04145877981
122 93 -0.322101897506 1.24869442929 2.81949075608 -1.8928982243
123 93 0.400241979529 1.97103830632 -2.74135067406 -1.17055434727
124 95 -0.318732799732 1.25206352706 2.82285985386 -1.88952912653
125 96 -0.305131554481 1.26566477231 2.83646109911 -1.87592788128
126 97 -0.285639518617 1.28515680818 2.85595313497 -1.85643584541
127 98 -0.261408625785 1.30938770101 2.8801840278 -1.83220495258
128 99 -0.226889273306 1.34390705349 2.91470338028 -1.7976856001
129 99 0.354407528312 1.92520385511 -2.78718512528 -1.21638879848
130 100 0.432667630079 2.00346395687 -2.70892502351 -1.13812869672
131 101 0.506688220153 2.07748454695 -2.63490443344 -1.06410810664
132 102 0.412876038491 1.98367236529 -2.7287166151 -1.1579202883
133 104 -0.0112877758436 1.55950855095 3.13030487775 -1.58208410264
134 104 -0.378741710798 1.192054616 2.76285094279 -1.94953803759
135 105 -0.260401327581 1.31039499921 2.88119132601 -1.83119765438
136 106 -0.149977085824 1.42081924097 2.99161556777 -1.72077341262
137 79 0.138725482221 1.70952180902 -3.00286717137 -1.43207084457
138 79 -0.00161944617507 1.56917688062 3.13997320741 -1.57241577297
139 109 -0.159959867038 1.41083645976 2.98163278655 -1.73075619383
140 110 -0.220629148738 1.35016717806 2.92096350485 -1.79142547553
141 111 -0.307939616732 1.26285671006 2.83365303686 -1.87873594353
142 112 -0.369201171694 1.2015951551 2.7723914819 -1.93999749849
143 113 -0.366476623912 1.20431970288 2.77511602968 -1.93727295071
144 114 -0.192746835677 1.37804949112 2.94884581791 -1.76354316247
145 115 -0.041582756691 1.5292135701 3.1000098969 -1.61237908349
146 116 0.0484178930036 1.6192142198 -3.09317476059 -1.52237843379
147 117 0.0983662775472 1.66916260434 -3.04322637604 -1.47243004925
148 118 0.140231118259 1.71102744505 -3.00136153533 -1.43056520854
149 118 0.530168230246 2.10096455704 -2.61142442334 -1.04062809655
150 119 0.542275199818 2.11307152661 -2.59931745377 -1.02852112698
151 120 0.528483787322 2.09928011412 -2.61310886627 -1.04231253947
152 62 -0.611277488537 0.959518838258 2.53031516505 -2.18207381533
153 122 -0.224080733267 1.34671559353 2.91751192032 -1.79487706006
154 122 0.498409135787 2.06920546258 -2.6431835178 -1.07238719101
155 123 0.294064651072 1.86486097787 -2.84752800252 -1.27673167572
156 124 0.257440202986 1.82823652978 -2.8841524506 -1.31335612381
157 125 0.310182350751 1.88097867755 -2.83141030284 -1.26061397604
158 126 0.353007976341 1.92380430314 -2.78858467725 -1.21778835045
159 127 0.394311116822 1.96510744362 -2.74728153677 -1.17648520997
160 129 -0.0857102879913 1.4850860388 3.0558823656 -1.65650661479
161 130 -0.0259493702011 1.54484695659 3.11564328339 -1.596745697
162 131 0.0132669002959 1.58406322709 -3.12832575329 -1.5575294265
163 132 0.00758604166047 1.57838236846 -3.13400661193 -1.56321028513
164 132 -0.340261308326 1.23053501847 2.80133134526 -1.91105763512
165 134 -0.0224235415094 1.54837278529 3.11916911208 -1.5932198683
166 135 -0.00081074331811 1.56998558348 3.14078191027 -1.57160707011
167 136 -0.00476654229813 1.5660297845 3.13682611129 -1.57556286909
168 108 0.0263935647797 1.59718989157 -3.11519908881 -1.54440276202
169 138 -0.583645017316 0.987151309479 2.55794763627 -2.15444134411
170 139 -0.360469449454 1.21032687734 2.78112320414 -1.93126577625
171 140 -0.22640198951 1.34439433728 2.91519066408 -1.79719831631
172 141 -0.191113831607 1.37968249519 2.95047882198 -1.7619101584
173 142 -0.239405875304 1.33139045149 2.90218677829 -1.8102022021
174 143 -0.080551700369 1.49024462643 3.06104095322 -1.65134802716
175 144 -0.345012708727 1.22578361807 2.79657994486 -1.91580903552
176 145 0.423295094101 1.9940914209 -2.71829755949 -1.14750123269
177 146 0.480853672599 2.05164999939 -2.66073898099 -1.0899426542
178 147 0.516306474837 2.08710280163 -2.62528617875 -1.05448985196
179 149 0.168994166007 1.7397904928 -2.97259848758 -1.40180216079
180 150 0.194933488442 1.76572981524 -2.94665916515 -1.37586283835
181 151 0.226964929744 1.79776125654 -2.91462772385 -1.34383139705
182 62 -0.499630682577 1.07116564422 2.64196197101 -2.07042700937
183 153 -0.126192741856 1.44460358494 3.01539991173 -1.69698906865
184 153 0.596384386122 2.16718071292 -2.54520826747 -0.974411940673
185 154 0.391724904992 1.96252123179 -2.7498677486 -1.1790714218
186 155 0.354590308701 1.9253866355 -2.78700234489 -1.21620601809
187 156 0.406314236213 1.97711056301 -2.73527841738 -1.16448209058
188 157 0.447130312659 2.01792663945 -2.69446234093 -1.12366601414
189 158 0.483934628907 2.0547309557 -2.65765802468 -1.08686169789
190 160 -0.00641280227701 1.56438352452 3.13517985131 -1.57720912907
191 161 0.0310445277903 1.60184085459 -3.1105481258 -1.539751799
192 162 0.00818080329678 1.57897713009 -3.13341185029 -1.5626155235
193 163 0.03867609683 1.60947242362 -3.10291655676 -1.53212022996
194 163 -0.240073359833 1.33072296696 2.90151929376 -1.81086968663
195 165 -0.059451881912 1.51134444488 3.08214077168 -1.63024820871
196 166 -0.271830323729 1.29896600307 2.86976232986 -1.84262665052
197 167 -0.448736163352 1.12206016344 2.69285649024 -2.01953249015
198 137 -0.217159977614 1.35363634918 2.92443267598 -1.78795630441
199 137 -0.376370348014 1.19442597878 2.76522230558 -1.94716667481
200 169 -0.349006542847 1.22178978395 2.79258611074 -1.91980286964
201 170 -0.408162185893 1.1626341409 2.7334304677 -1.97895851269
202 172 0.0168545143205 1.58765084112 -3.12473813927 -1.55394181247
203 172 -0.311641877112 1.25915444968 2.82995077648 -1.88243820391
204 173 -0.103188513298 1.4676078135 3.03840414029 -1.67398484009
205 144 0.196460137748 1.76725646454 -2.94513251584 -1.37433618905
206 175 0.14548993056 1.71628625736 -2.99610272303 -1.42530639623
207 175 0.468582607083 2.03937893388 -2.67301004651 -1.10221371971
208 176 0.493841865071 2.06463819187 -2.64775078852 -1.07695446172
209 177 0.521173439713 2.09196976651 -2.62041921388 -1.04962288708
210 179 0.170980365602 1.7417766924 -2.97061228799 -1.39981596119
211 180 0.195505769204 1.766302096 -2.94608688439 -1.37529055759
212 181 0.226241247498 1.79703757429 -2.91535140609 -1.3445550793
213 183 -0.0283887654826 1.54240756131 3.11320388811 -1.59918509228
214 183 0.69400905392 2.26480538072 -2.44758359967 -0.876787272874
215 184 0.489021590057 2.05981791685 -2.65257106353 -1.08177473674
216 185 0.451104978164 2.02190130496 -2.69048767543 -1.11969134863
217 186 0.501253179188 2.07204950598 -2.6403394744 -1.06954314761
218 187 0.539021566202 2.109817893 -2.60257108739 -1.03177476059
219 188 0.570110003392 2.14090633019 -2.5714826502 -1.0006863234
220 190 0.0700596619031 1.6408559887 -3.07153299169 -1.50073666489
221 191 0.0952691338769 1.66606546067 -3.04632351971 -1.47552719292
222 192 -0.0180101872091 1.55278613959 3.12358246638 -1.588806514
223 193 -0.0807394458845 1.49005688091 3.06085320771 -1.65153577268
224 193 -0.213209635167 1.35758669163 2.92838301842 -1.78400596196
225 194 -0.0338754262132 1.53692090058 3.10771722738 -1.60467175301
226 195 0.202746430144 1.77354275694 -2.93884622345 -1.36804989665
227 195 0.224404776078 1.79520110287 -2.91718787751 -1.34639155072
228 196 0.390655152333 1.96145147913 -2.75093750126 -1.18014117446
229 196 0.288395027271 1.85919135407 -2.85319762632 -1.28240129952
230 197 0.350852986428 1.92164931322 -2.79073966716 -1.21994334037
231 198 0.329105723404 1.8999020502 -2.81248693019 -1.24169060339
232 199 0.274870696391 1.84566702319 -2.8667219572 -1.2959256304
233 200 0.24394985485 1.81474618165 -2.89764279874 -1.32684647194
234 201 0.249946563066 1.82074288986 -2.89164609052 -1.32084976373
235 201 0.00910047348287 1.57989680028 -3.13249218011 -1.56169585331
236 202 0.0133343321812 1.58413065898 -3.12825832141 -1.55746199461
237 202 -0.245243498645 1.32555282815 2.89634915494 -1.81603982544
238 202 -0.488624228476 1.08217209832 2.65296842511 -2.05942055527
239 203 -0.525437463794 1.045358863 2.6161551898 -2.09623379059
240 204 -0.5388205365 1.03197579029 2.60277211709 -2.1096168633
241 205 -0.511708507335 1.05908781946 2.62988414625 -2.08250483413
242 206 -0.408737668591 1.1620586582 2.732854985 -1.97953399539
243 206 0.604051667248 2.17484799404 -2.53754098634 -0.966744659547
244 207 0.501941527274 2.07273785407 -2.63965112632 -1.06885479952
245 208 0.526336465221 2.09713279202 -2.61525618837 -1.04445986157
246 210 0.173370963996 1.74416729079 -2.96822168959 -1.3974253628
247 211 0.196257434064 1.76705376086 -2.94533521953 -1.37453889273
248 212 0.225708581088 1.79650490788 -2.9158840725 -1.34508774571
249 62 -0.348995415878 1.22180091092 2.79259723771 -1.91979174267
250 213 0.0693716916781 1.64016801847 -3.07222096191 -1.50142463512
251 213 -0.779517698181 0.791278628614 2.36207495541 -2.35031402498
252 214 0.58602789799 2.15682422478 -2.5555647556 -0.984768428805
253 215 0.547184211729 2.11798053852 -2.59440844186 -1.02361211507
254 216 0.595418393265 2.16621472006 -2.54617426033 -0.97537793353
255 217 0.629521102009 2.2003174288 -2.51207155158 -0.941275224786
256 218 0.65405097605 2.22484730284 -2.48754167754 -0.916745350745
257 220 0.145306589279 1.71610291607 -2.99628606431 -1.42548973752
258 221 0.164336253389 1.73513258018 -2.9772564002 -1.40646007341
259 222 0.146765015073 1.71756134187 -2.99482763852 -1.42403131172
260 223 0.100607808181 1.67140413498 -3.04098484541 -1.47018851861
261 223 -0.119309328303 1.45148699849 3.02228332529 -1.6901056551
262 224 -0.0674032248695 1.50339310193 3.07418942872 -1.63819955166
263 226 0.193005846499 1.76380217329 -2.94858680709 -1.3777904803
264 227 0.238177546532 1.80897387333 -2.90341510706 -1.33261878026
265 228 -0.452055709002 1.11874061779 2.68953694459 -2.0228520358
266 228 0.751447027483 2.32224335428 -2.39014562611 -0.819349299312
267 230 0.620674446227 2.19147077302 -2.52091820736 -0.950121880568
268 232 -0.522555267912 1.04824105888 2.61903738568 -2.09335159471
269 233 -0.540679968214 1.03011635858 2.60091268538 -2.11147629501
270 234 -0.569743163505 1.00105316329 2.57184949008 -2.1405394903
271 235 -0.6144375594 0.956358767395 2.52715509419 -2.18523388619
272 236 0.420762098948 1.99155842574 -2.72083055464 -1.15003422785
273 236 -0.180527146784 1.39026918001 2.96106550681 -1.75132347358
274 237 -0.231874384122 1.33892194267 2.90971826947 -1.80267071092
275 238 -0.272045105246 1.29875122155 2.86954754834 -1.84284143204
276 239 -0.298490056147 1.27230627065 2.84310259744 -1.86928638294
277 240 -0.308166649919 1.26262967688 2.83342600367 -1.87896297671
278 242 0.0867842160206 1.65758054282 -3.05480843757 -1.48401211077
279 242 0.476262542444 2.04705886924 -2.66533011115 -1.09453378435
280 243 0.508882955492 2.07967928229 -2.6327096981 -1.0619133713
281 244 0.531625351352 2.10242167815 -2.60996730224 -1.03917097544
282 246 0.175982681026 1.74677900782 -2.96560997256 -1.39481364577
283 247 0.197133407655 1.76792973445 -2.94445924594 -1.37366291914
284 248 0.225709493938 1.79650582073 -2.91588315965 -1.34508683286
285 62 -0.152183708033 1.41861261876 2.98940894556 -1.72298003483
286 0 -0.643533661525 0.92726266527 2.49805899206 -2.21432998832
287 250 -0.682661187326 0.888135139469 2.45893146626 -2.25345751412
288 252 0.168106604114 1.73890293091 -2.97348604948 -1.40268972268
289 253 0.178385564759 1.74918189155 -2.96320708883 -1.39241076204
290 254 0.191052758971 1.76184908577 -2.95053989462 -1.37974356782
291 255 0.202116436859 1.77291276365 -2.93947621673 -1.36867988994
292 256 0.211223789606 1.7820201164 -2.93036886398 -1.35957253719
293 256 0.746056178641 2.31685250544 -2.39553647495 -0.824740148154
294 257 0.750444268056 2.32124059485 -2.39114838553 -0.820352058739
295 258 0.745509877653 2.31630620445 -2.39608277594 -0.825286449142
296 259 0.500079007692 2.07087533449 -2.6415136459 -1.0707173191
297 261 0.0759444818826 1.64674080868 -3.06564817171 -1.49485184491
298 262 0.188699234563 1.75949556136 -2.95289341903 -1.38209709223
299 263 0.348527829077 1.91932415587 -2.79306482451 -1.22226849772
300 264 0.369181641431 1.93997796823 -2.77241101216 -1.20161468536
301 230 -0.492201236949 1.07859508985 2.64939141664 -2.06299756374
302 230 -0.732258763027 0.838537563768 2.40933389056 -2.30305508982
303 267 0.464019016698 2.03481534349 -2.67757363689 -1.1067773101
304 268 0.387969124666 1.95876545146 -2.75362352892 -1.18282720213
305 269 0.304980992746 1.87577731954 -2.83661166084 -1.26581533405
306 270 0.191580022062 1.76237634886 -2.95001263153 -1.37921630473
307 271 0.0617058660533 1.63250219285 -3.07988678754 -1.50909046074
308 273 0.21296740733 1.78376373413 -2.92862524626 -1.35782891946
309 274 0.101228394428 1.67202472122 -3.04036425916 -1.46956793237
310 275 0.00948046212303 1.58027678892 -3.13211219147 -1.56131586467
311 276 -0.06951933777 1.50127698902 3.07207331582 -1.64031566456
312 277 -0.147196482274 1.42359984452 2.99439617132 -1.71799280907
313 277 -0.243993301133 1.32680302566 2.89759935246 -1.81478962793
314 279 0.205522878641 1.77631920544 -2.93606977495 -1.36527344815
315 280 0.146372615051 1.71716894185 -2.99522003854 -1.42442371174
316 281 0.164610436136 1.73540676293 -2.97698221745 -1.40618589066
317 281 0.541119367501 2.1119156943 -2.60047328609 -1.02967695929
318 282 0.545649682343 2.11644600914 -2.59594297125 -1.02514664445
319 283 0.526075427866 2.09687175466 -2.61551722572 -1.04472089893
320 286 0.265036885017 1.83583321181 -2.87655576857 -1.30575944178
321 286 -0.585816790732 0.984979536063 2.55577586286 -2.15661311753
322 288 0.2649898563 1.83578618309 -2.87660279729 -1.3058064705
323 289 0.274324534644 1.84512086144 -2.86726811895 -1.29647179215
324 290 0.285076880784 1.85587320758 -2.85651577281 -1.28571944601
325 291 0.292547315773 1.86334364257 -2.84904533782 -1.27824901102
326 292 0.295427779716 1.86622410651 -2.84616487387 -1.27536854708
327 292 -0.750137830347 0.820658496448 2.39145482324 -2.32093415714
328 293 -0.7566831679 0.814113158895 2.38490948569 -2.3274794947
329 294 -0.718384724898 0.852411601897 2.42320792869 -2.28918105169
330 295 -0.7532726844 0.817523642395 2.38831996919 -2.32406901119
331 297 0.291183983803 1.8619803106 -2.85040866979 -1.27961234299
332 297 -0.0404380573849 1.53035826941 3.1011545962 -1.61123438418
333 299 -0.114909724171 1.45588660262 3.02668292942 -1.68570605097
334 301 -0.0702092441279 1.50058708267 3.07138340946 -1.64100557092
335 302 -0.053792025522 1.51700430127 3.08780062807 -1.62458835232
336 302 -0.11406647093 1.45672985587 3.02752618266 -1.68486279772
337 303 -0.031274699848 1.53952162695 3.11031795374 -1.60207102664
338 304 0.00912225869366 1.57991858549 -3.1324703949 -1.5616740681
339 306 0.132661768716 1.70345809551 -3.00893088487 -1.43813455808
340 309 0.472365540981 2.04316186778 -2.66922711261 -1.09843078581
341 310 0.532459976735 2.10325630353 -2.60913267685 -1.03833635006
342 311 0.56225790589 2.13305423269 -2.5793347477 -1.0085384209
343 312 0.414354376919 1.98515070371 -2.72723827667 -1.15644194988
344 314 0.10593326753 1.67672959433 -3.03565938606 -1.46486305926
345 315 0.155339509427 1.72613583622 -2.98625314416 -1.41545681737
346 316 0.170411931814 1.74120825861 -2.97118072178 -1.40038439498
347 316 0.54375817485 2.11455450164 -2.59783447874 -1.02703815195
348 317 0.546308507095 2.11710483389 -2.59528414649 -1.0244878197
349 285 -0.00227707938983 1.56851924741 3.1393155742 -1.57307340618
350 62 0.0443096966213 1.61510602342 -3.09728295697 -1.52648663017
351 286 0.26147736988 1.83227369668 -2.88011528371 -1.30931895691
352 320 -0.488568426404 1.08222790039 2.65302422719 -2.0593647532
353 322 0.362072532946 1.93286885974 -2.77952012064 -1.20872379385
354 323 0.370647968512 1.94144429531 -2.77094468508 -1.20014835828
355 324 0.379789886641 1.95058621344 -2.76180276695 -1.19100644015
356 325 0.384284864387 1.95508119118 -2.7573077892 -1.18651146241
357 326 0.381540591208 1.952336918 -2.76005206238 -1.18925573559
358 326 -0.674579083709 0.896217243086 2.46701356988 -2.2453754105
359 327 -0.700867896234 0.869928430561 2.44072475736 -2.27166422303
360 328 -0.719873038098 0.850923288697 2.42171961549 -2.29066936489
361 329 0.707267762951 2.27806408975 -2.43432489064 -0.863528563843
362 331 0.293662050917 1.86445837771 -2.84793060267 -1.27713427588
363 331 -0.044437861642 1.52635846515 3.09715479195 -1.61523418844
364 332 0.121787782091 1.69258410889 -3.0198048715 -1.4490085447
365 333 0.369629218889 1.94042554568 -2.7719634347 -1.20116710791
366 334 0.506124009065 2.07692033586 -2.63546864452 -1.06467231773
367 335 0.522713093504 2.0935094203 -2.61887956009 -1.04808323329
368 336 0.506331308642 2.07712763544 -2.63526134495 -1.06446501815
369 336 0.262190988944 1.83298731574 -2.87940166465 -1.30860533785
370 337 0.18261874815 1.75341507495 -2.95897390544 -1.38817757864
371 338 0.249768849753 1.82056517655 -2.89182380384 -1.32102747704
372 338 -0.222318882088 1.34847744471 2.9192737715 -1.79311520888
373 340 0.055596374539 1.62639270133 -3.08599627905 -1.51519995226
374 341 -0.0344021188747 1.53639420792 3.10719053472 -1.60519844567
375 342 0.10898302813 1.67977935492 -3.03260962546 -1.46181329867
376 342 -0.140796769313 1.42999955748 3.00079588428 -1.71159309611
377 344 0.151471490575 1.72226781737 -2.99012116301 -1.41932483622
378 345 0.170136610858 1.74093293765 -2.97145604273 -1.40065971594
379 346 0.17638899684 1.74718532364 -2.96520365675 -1.39440732995
380 346 0.546141491638 2.11693781843 -2.59545116195 -1.02465483516
381 347 0.546758623478 2.11755495027 -2.59483403011 -1.02403770332
382 348 0.522693922872 2.09349024967 -2.61889873072 -1.04810240392
383 286 0.257964973772 1.82876130057 -2.88362767982 -1.31283135302
384 351 -0.390940058714 1.17985626808 2.75065259488 -1.96173638551
385 353 0.459529672169 2.03032599896 -2.68206298142 -1.11126665463
386 354 0.467559642436 2.03835596923 -2.67403301115 -1.10323668436
387 355 0.475628950908 2.0464252777 -2.66596370268 -1.09516737589
388 356 0.478153128405 2.0489494552 -2.66343952519 -1.09264319839
389 357 0.471402756511 2.04219908331 -2.67018989708 -1.09939357028
390 357 -0.595309284156 0.975487042638 2.54628336943 -2.16610561095
391 358 -0.64512265688 0.925673669915 2.49646999671 -2.21591898367
392 359 -0.708065058756 0.862731268039 2.43352759483 -2.27886138555
393 360 0.71671765933 2.28751398612 -2.42487499426 -0.854078667465
394 362 0.295743327607 1.8665396544 -2.84584932598 -1.27505299919
395 362 -0.0641847852 1.50661154159 3.07740786839 -1.63498111199
396 363 0.0646690525707 1.63546537937 -3.07692360102 -1.50612727422
397 364 0.184120945864 1.75491727266 -2.95747170773 -1.38667538093
398 366 0.440518261516 2.01131458831 -2.70107439207 -1.13027806528
399 368 -0.306252121317 1.26454420548 2.83534053227 -1.87704844811
400 370 0.121416890039 1.69221321683 -3.02017576355 -1.44937943676
401 371 0.019340032058 1.59013635885 -3.12225262153 -1.55145629474
402 372 -0.063744271649 1.50705205515 3.07784838194 -1.63454059844
403 373 -0.08748989234 1.48330643445 3.05410276125 -1.65828621913
404 375 -0.210485003268 1.36031132353 2.93110765032 -1.78128133006
405 377 0.197576938443 1.76837326524 -2.94401571515 -1.37321938835
406 378 0.185838857193 1.75663518399 -2.9557537964 -1.3849574696
407 379 0.181491394879 1.75228772167 -2.96010125871 -1.38930493192
408 379 0.54792249417 2.11871882097 -2.59367015942 -1.02287383262
409 380 0.546924782732 2.11772110953 -2.59466787086 -1.02387154406
410 381 0.520308547558 2.09110487435 -2.62128410603 -1.05048777924
411 62 0.145673205362 1.71646953216 -2.99591944823 -1.42512312143
412 286 0.254558087063 1.82535441386 -2.88703456653 -1.31623823973
413 383 -0.292921070196 1.2778752566 2.84867158339 -1.86371739699
414 384 -0.498628281372 1.07216804542 2.64296437222 -2.06942460817
415 385 -0.540893617674 1.02990270912 2.60069903592 -2.11168994447
416 386 -0.499647594967 1.07114873183 2.64194505862 -2.07044392176
417 387 -0.478573600107 1.09222272669 2.66301905348 -2.0493699269
418 388 -0.478388322377 1.09240800442 2.66320433121 -2.04918464917
419 390 0.535978077188 2.10677440398 -2.6056145764 -1.03481824961
420 391 0.469280515565 2.04007684236 -2.67231213803 -1.10151581123
421 392 0.378952453473 1.94974878027 -2.76264020012 -1.19184387332
422 393 0.305069093283 1.87586542008 -2.83652356031 -1.26572723351
423 393 -0.0368416480118 1.53395467878 3.10475100558 -1.60763797481
424 395 0.302823253546 1.87361958034 -2.83876940004 -1.26797307325
425 396 0.34709457785 1.91789090464 -2.79449807574 -1.22370174895
426 397 0.359128445233 1.92992477203 -2.78246420836 -1.21166788156
427 367 0.448923806925 2.01972013372 -2.69266884666 -1.12187251987
428 368 0.30395696619 1.87475329299 -2.8376356874 -1.2668393606
429 399 0.034366883354 1.60516321015 -3.10722577024 -1.53642944344
430 400 0.132567562015 1.70336388881 -3.00902509157 -1.43822876478
431 401 0.122435057199 1.69323138399 -3.01915759639 -1.4483612696
432 402 0.00742773861872 1.57822406541 -3.13416491497 -1.56336858818
433 375 0.294503693845 1.86530002064 -2.84708895974 -1.27629263295
434 375 0.0400069042635 1.61080323106 -3.10158574933 -1.53078942253
435 404 0.564342611166 2.13513893796 -2.57725004242 -1.00645371563
436 405 0.566872448051 2.13766877485 -2.57472020554 -1.00392387874
437 406 0.556832651282 2.12762897808 -2.58476000231 -1.01396367551
438 408 0.186303922683 1.75710024948 -2.95528873091 -1.38449240411
439 409 0.199168520137 1.76996484693 -2.94242413345 -1.37162780666
440 410 0.218169191454 1.78896551825 -2.92342346214 -1.35262713534
441 62 0.247030931096 1.81782725789 -2.89456172249 -1.3237653957
442 286 0.251314853306 1.8221111801 -2.89027780028 -1.31948147349
443 412 -0.194553000174 1.37624332662 2.94703965342 -1.76534932697
444 413 -0.400324679562 1.17047164723 2.74126797403 -1.97112100636
445 414 -0.442411035378 1.12838529142 2.69918161821 -2.01320736217
446 415 -0.400692852334 1.17010347446 2.74089980126 -1.97148917913
447 416 -0.378755596814 1.19204072998 2.76283705678 -1.94955192361
448 417 -0.377575556038 1.19322077076 2.76401709755 -1.94837188283
449 419 0.634027614468 2.20482394126 -2.50756503912 -0.936768712327
450 420 0.541016869579 2.11181319637 -2.60057578401 -1.02977945722
451 421 0.390048819628 1.96084514642 -2.75154383396 -1.18074750717
452 422 0.290315502626 1.86111182942 -2.85127715096 -1.28048082417
453 422 -0.0550524122054 1.51574391459 3.08654024138 -1.625848739
454 424 0.298549652046 1.86934597884 -2.84304300154 -1.27224667475
455 425 0.31917921735 1.88997554415 -2.82241343624 -1.25161710944
456 426 0.329224496102 1.9000208229 -2.81236815749 -1.24157183069
457 398 0.37347753256 1.94427385936 -2.76811512103 -1.19731879423
458 427 0.027668422564 1.59846474936 -3.11392423103 -1.54312790423
459 428 0.0627954979747 1.63359182477 -3.07879715562 -1.50800082882
460 429 -0.00203550863883 1.56876081816 3.13955714495 -1.57283183543
461 431 0.255324884091 1.82612121089 -2.8862677695 -1.3154714427
462 431 -0.17438199191 1.39641433488 2.96721066168 -1.74517831871
463 432 -0.0390523074607 1.53174401933 3.10254034613 -1.60984863426
464 433 0.0703744786559 1.64117080545 -3.07121817493 -1.50042184814
465 434 0.274251071247 1.84504739804 -2.86734158234 -1.29654525555
466 434 0.583309555709 2.1541058825 -2.55828309788 -0.987486771086
467 435 0.569174800746 2.13997112754 -2.57241785284 -1.00162152605
468 436 0.556259821519 2.12705614831 -2.58533283207 -1.01453650528
469 438 0.185903578526 1.75669990532 -2.95568907506 -1.38489274827
470 439 0.198890820004 1.7696871468 -2.94270183359 -1.37190550679
471 440 0.217834051802 1.7886303786 -2.92375860179 -1.35296227499
472 286 0.248204347997 1.81900067479 -2.89338830559 -1.3225919788
473 442 -0.0958955486276 1.47490077817 3.04569710496 -1.66669187542
474 443 -0.301635082288 1.26916124451 2.8399575713 -1.87243140908
475 444 -0.343180346649 1.22761598015 2.79841230694 -1.91397667344
476 445 -0.300230011107 1.27056631569 2.84136264248 -1.8710263379
477 446 -0.275832666462 1.29496366033 2.86575998713 -1.84662899326
478 447 -0.269939921442 1.30085640535 2.87165273215 -1.84073624824
479 449 0.748713758236 2.31951008503 -2.39287889535 -0.822082568559
480 450 0.63797597193 2.20877229872 -2.50361668166 -0.932820354865
481 451 0.378941896008 1.9497382228 -2.76265075758 -1.19185443079
482 452 0.256137237162 1.82693356396 -2.88545541643 -1.31465908963
483 452 -0.0887200222296 1.48207630457 3.05287263136 -1.65951634902
484 454 0.267089414498 1.83788574129 -2.87450323909 -1.3037069123
485 455 0.194491464244 1.76528779104 -2.94710118935 -1.37630486255
486 456 0.180847336523 1.75164366332 -2.96074531707 -1.38994899027
487 427 0.382005331181 1.95280165798 -2.75958732241 -1.18879099561
488 458 -0.208343979487 1.36245234731 2.9332486741 -1.77914030628
489 459 0.12482889128 1.69562521808 -3.01676376231 -1.44596743551
490 460 0.23265385056 1.80345017736 -2.90893880303 -1.33814247623
491 461 0.211248401324 1.78204472812 -2.93034425227 -1.35954792547
492 461 -0.216705844744 1.35409048205 2.92488680885 -1.78750217154
493 462 -0.0855133925221 1.48528293427 3.05607926107 -1.65630971932
494 463 0.0623154321928 1.63311175899 -3.0792772214 -1.5084808946
495 464 -0.0645804730048 1.50621585379 3.07701218059 -1.6353767998
496 465 0.572112191502 2.1429085183 -2.56948046209 -0.998684135293
497 466 0.558984362143 2.12978068894 -2.58260829145 -1.01181196465
498 467 0.551956561405 2.1227528882 -2.58963609218 -1.01883976539
499 469 0.184265864097 1.75506219089 -2.95732678949 -1.3865304627
500 470 0.198447661783 1.76924398858 -2.94314499181 -1.37234866501
501 471 0.218064160336 1.78886048713 -2.92352849325 -1.35273216646
502 62 0.460483142106 2.0312794689 -2.68110951148 -1.11031318469
503 286 0.245199334468 1.81599566126 -2.89639331912 -1.32559699233
504 472 0.00295321512194 1.57374954192 -3.13863943847 -1.56784311167
505 473 -0.202678252154 1.36811807464 2.93891440144 -1.77347457895
506 474 -0.24339524512 1.32740108168 2.89819740847 -1.81419157191
507 475 -0.198618525481 1.37217780131 2.94297412811 -1.76941485228
508 476 -0.170529949607 1.40026637719 2.97106270398 -1.7413262764
509 477 -0.156886903737 1.41390942306 2.98470574985 -1.72768323053
510 479 -0.688557932444 0.882238394351 2.45303472115 -2.25935425924
511 480 -0.759268105158 0.811528221637 2.38232454843 -2.33006443195
512 481 0.292517618744 1.86331394554 -2.84907503485 -1.27827870805
513 482 0.192900225049 1.76369655184 -2.94869242854 -1.37789610175
514 482 -0.0521697356188 1.51862659118 3.08942291797 -1.62296606241
515 483 0.0800325760567 1.65082890285 -3.06156007753 -1.49076375074
516 484 0.196563858645 1.76736018544 -2.94502879494 -1.37423246815
517 485 0.208070785633 1.77886711243 -2.93352186796 -1.36272554116
518 458 0.290447797882 1.86124412468 -2.85114485571 -1.28034852891
519 488 0.0706005783153 1.64139690511 -3.07099207527 -1.50019574848
520 490 0.165480085826 1.73627641262 -2.97611256776 -1.40531624097
521 491 0.15238873125 1.72318505804 -2.98920392234 -1.41840759555
522 491 -0.386298108442 1.18449821835 2.75529454515 -1.95709443524
523 493 -0.165919473399 1.4048768534 2.97567318019 -1.73671580019
524 464 0.0568920003996 1.62768832719 -3.08470065319 -1.5139043264
525 495 0.141440718794 1.71223704559 -3.0001519348 -1.429355608
526 495 0.507711063908 2.0785073907 -2.63388158968 -1.06308526289
527 496 0.536509892073 2.10730621887 -2.60508276152 -1.03428643472
528 497 0.544691006286 2.11548733308 -2.5969016473 -1.02610532051
529 499 0.181686981871 1.75248330867 -2.95990567172 -1.38910934492
530 500 0.197894614349 1.76869094114 -2.94369803924 -1.37290171245
531 501 0.220758017973 1.79155434477 -2.92083463562 -1.35003830882
532 286 0.242286748671 1.81308307547 -2.89930590492 -1.32850957812
533 503 0.101840308476 1.67263663527 -3.03975234511 -1.46895601832
534 505 -0.618350329129 0.952445997666 2.52324232446 -2.18914665592
535 506 -0.608047527758 0.962748799037 2.53354512583 -2.17884385455
536 507 -0.594704177297 0.976092149498 2.54688847629 -2.16550050409
537 508 -0.581515664875 0.98928066192 2.56007698871 -2.15231199167
538 509 -0.567118405443 1.00367792135 2.57447424815 -2.13791473224
539 509 -0.0180253224323 1.55277100436 3.12356733116 -1.58882164923
540 510 0.0569740646365 1.62777039143 -3.08461858895 -1.51382226216
541 511 0.599819123255 2.17061545005 -2.54177353033 -0.97097720354
542 512 0.524229657561 2.09502598436 -2.61736299603 -1.04656666923
543 514 -0.0053602333734 1.56543609342 3.13623242022 -1.57615656017
544 515 -0.167085448629 1.40371087817 2.97450720496 -1.73788177542
545 516 -0.204827397591 1.3659689292 2.936765256 -1.77562372439
546 486 0.260624447396 1.83142077419 -2.88096820619 -1.3101718794
547 487 0.370062679113 1.94085900591 -2.77152997448 -1.20073364768
548 518 0.264082268707 1.8348785955 -2.87751038488 -1.30671405809
549 518 -0.0463489447563 1.52444738204 3.09524370883 -1.61714527155
550 519 0.0732106673328 1.64400699413 -3.06838198626 -1.49758565946
551 519 -0.351744861574 1.21905146522 2.78984779202 -1.92254118837
552 520 -0.417117203054 1.15367912374 2.72447545054 -1.98791352985
553 522 0.17084811141 1.74164443821 -2.97074454218 -1.39994821538
554 522 -0.153545574303 1.41725075249 2.98804707929 -1.7243419011
555 523 -0.0226932378078 1.54810308899 3.11889941578 -1.5934895646
556 524 -0.14260452085 1.42819180594 2.99898813274 -1.71340084764
557 524 -0.297625570475 1.27317075632 2.84396708311 -1.86842189727
558 526 0.0820050422198 1.65280136901 -3.05958761137 -1.48879128458
559 527 0.139268330332 1.71006465713 -3.00232432326 -1.43152799646
560 528 0.163683702708 1.7344800295 -2.97790895088 -1.40711262409
561 528 0.541121358538 2.11191768533 -2.60047129505 -1.02967496826
562 529 0.544919066788 2.11571539358 -2.5966735868 -1.02587726001
563 530 0.523397117701 2.0941934445 -2.61819553589 -1.04739920909
564 62 0.696988658256 2.26778498505 -2.44460399533 -0.873807668539
565 286 0.239359891287 1.81015621808 -2.9022327623 -1.33143643551
566 532 0.200646760242 1.77144308704 -2.94094589335 -1.37014956655
567 534 -0.519316924781 1.05147940201 2.62227572881 -2.09011325158
568 535 -0.508116706226 1.06267962057 2.63347594736 -2.07891303302
569 536 -0.492822364471 1.07797396232 2.64877028912 -2.06361869127
570 537 -0.475557969534 1.09523835726 2.66603468406 -2.04635429633
571 538 -0.452174899808 1.11862142699 2.68941775378 -2.0229712266
572 538 0.119565184592 1.69036151139 -3.022027469 -1.4512311422
573 539 0.245892372206 1.816688699 -2.89570028138 -1.32490395459
574 540 0.507818875875 2.07861520267 -2.63377377771 -1.06297745092
575 541 0.459194678446 2.02999100524 -2.68239797514 -1.11160164835
576 543 0.0406166181072 1.6114129449 -3.10097603548 -1.53017970869
577 543 -0.329231455681 1.24156487111 2.81236119791 -1.90002778248
578 544 -0.180894053629 1.38990227317 2.96069859996 -1.75169038042
579 545 0.0402841079324 1.61108043473 -3.10130854566 -1.53051221886
580 547 -0.219979917591 1.3508164092 2.921612736 -1.79077624439
581 548 -0.744648702527 0.826147624268 2.39694395106 -2.31544502932
582 550 -0.305660774724 1.26513555207 2.83593187887 -1.87645710152
583 551 -0.487249265785 1.08354706101 2.65434338781 -2.05804559258
584 553 -0.0103434162001 1.56045291059 3.13124923739 -1.58113974299
585 554 -0.189163142996 1.3816331838 2.95242951059 -1.75995946979
586 556 -0.548105493312 1.02269083348 2.59348716028 -2.11890182011
587 558 0.0318580366695 1.60265436346 -3.10973461692 -1.53893829013
588 559 0.117594625234 1.68839095203 -3.02399802836 -1.45320170156
589 560 0.156074731837 1.72687105863 -2.98551792175 -1.41472159496
590 560 0.538291470805 2.1090877976 -2.60330118279 -1.03250485599
591 561 0.544173231585 2.11496955838 -2.597419422 -1.02662309521
592 562 0.524893538861 2.09568986566 -2.61669911473 -1.04590278793
593 62 -0.713546131121 0.857250195674 2.42804652247 -2.28434245792
594 286 0.236436564296 1.80723289109 -2.90515608929 -1.3343597625
595 565 0.299293191471 1.87008951827 -2.84229946212 -1.27150313532
596 567 -0.420440228656 1.15035609814 2.72115242493 -1.99123655545
597 568 -0.408538527654 1.16225779914 2.73305412594 -1.97933485445
598 569 -0.391739252652 1.17905707414 2.74985340094 -1.96253557945
599 570 -0.371487075525 1.19930925127 2.77010557806 -1.94228340232
600 571 -0.342277423078 1.22851890372 2.79931523051 -1.91307374987
601 571 0.238504913059 1.80930123985 -2.90308774053 -1.33229141374
602 572 0.346262729851 1.91705905665 -2.79532992374 -1.22453359694
603 573 0.49177808113 2.06257440793 -2.64981457246 -1.07901824566
604 574 0.422500090675 1.99329641747 -2.71909256291 -1.14829623612
605 576 0.00259544806353 1.57339177486 -3.13899720553 -1.56820087873
606 576 -0.36978794632 1.20100838047 2.77180470727 -1.94058427312
607 577 -0.222817086813 1.34797923998 2.91877556678 -1.79361341361
608 547 0.437907376811 2.00870370361 -2.70368527678 -1.13288894998
609 547 0.208965808409 1.7797621352 -2.93262684518 -1.36183051839
610 548 0.0291157739438 1.59991210074 -3.11247687965 -1.54168055285
611 581 -0.188917616333 1.38187871046 2.95267503726 -1.75971394313
612 582 -0.106608910889 1.46418741591 3.0349837427 -1.67740523768
613 582 -0.529905195839 1.04089113096 2.61168745775 -2.10070152263
614 584 -0.18503513328 1.38576119351 2.95655752031 -1.75583146007
615 556 -0.00856511807529 1.56223120872 3.13302753551 -1.57936144487
616 556 -0.281376739986 1.28941958681 2.8602159136 -1.85217306678
617 587 0.0297713547771 1.60056768157 -3.11182129881 -1.54102497202
618 588 0.107971289953 1.67876761675 -3.03362136364 -1.46282503684
619 589 0.151053262973 1.72184958977 -2.99053939062 -1.41974306382
620 589 0.536156455413 2.10695278221 -2.60543619818 -1.03463987138
621 590 0.543464304443 2.11426063124 -2.59812834915 -1.02733202235
622 591 0.525399602631 2.09619592943 -2.61619305096 -1.04539672416
623 286 0.233452642952 1.80424896975 -2.90814001064 -1.33734368384
624 594 0.397710309498 1.96850663629 -2.74388234409 -1.1730860173
625 596 -0.321801122762 1.24899520403 2.81979153083 -1.89259744956
626 597 -0.309487270868 1.26130905593 2.83210538272 -1.88028359766
627 598 -0.291905653832 1.27889067296 2.84968699976 -1.86270198063
628 599 -0.270167703781 1.30062862301 2.87142494981 -1.84096403058
629 600 -0.238682855426 1.33211347137 2.90290979816 -1.80947918222
630 600 0.339762809229 1.91055913602 -2.80182984436 -1.23103351757
631 601 0.41820113405 1.98899746084 -2.72339151954 -1.15259519275
632 602 0.496678548199 2.06747487499 -2.64491410539 -1.0741177786
633 603 0.406702959196 1.97749928599 -2.73488969439 -1.1640933676
634 605 -0.0171619532155 1.55363437358 3.12443070037 -1.58795828001
635 605 -0.384303427409 1.18649289939 2.75728922618 -1.9550997542
636 606 -0.26554852259 1.3052478042 2.876044131 -1.83634484939
637 607 -0.154582354891 1.4162139719 2.9870102987 -1.72537868169
638 580 0.134983735971 1.70578006277 -3.00660891762 -1.43581259082
639 580 -0.00555996459239 1.5652363622 3.136032689 -1.57635629139
640 610 -0.165337411479 1.40545891532 2.97625524211 -1.73613373827
641 611 -0.225556137378 1.34524018942 2.91603651621 -1.79635246417
642 612 -0.31205651036 1.25873981643 2.82953614323 -1.88285283716
643 613 -0.372379069621 1.19841725717 2.76921358397 -1.94317539642
644 614 -0.36838205747 1.20241426932 2.77321059612 -1.93917838426
645 615 -0.194678188058 1.37611813874 2.94691446553 -1.76547451485
646 616 -0.0424573124168 1.52833901438 3.09913534117 -1.61325363921
647 617 0.0550219302734 1.62581825707 -3.08657072332 -1.51577439652
648 618 0.109725182619 1.68052150941 -3.03186747097 -1.46107114418
649 619 0.149186023474 1.71998235027 -2.99240663012 -1.42161030332
650 619 0.534958979894 2.10575530669 -2.6066336737 -1.0358373469
651 620 0.542836505496 2.11363283229 -2.59875614809 -1.0279598213
652 621 0.524374578932 2.09517090573 -2.61721807466 -1.04642174786
653 62 -0.602872829115 0.967923497679 2.53871982447 -2.17366915591
654 286 0.230421410425 1.80121773722 -2.91117124316 -1.34037491637
655 623 0.495983822221 2.06678014902 -2.64560883137 -1.07481250457
656 624 0.291327993191 1.86212431999 -2.8502646604 -1.2794683336
657 625 0.253626896761 1.82442322356 -2.88796575683 -1.31716943003
658 626 0.304772040297 1.87556836709 -2.83682061329 -1.2660242865
659 627 0.345585337584 1.91638166438 -2.79600731601 -1.22521098921
660 628 0.384591679205 1.955388006 -2.75700097438 -1.18620464759
661 630 -0.0973841450301 1.47341218176 3.04420850856 -1.66818047183
662 631 -0.0377610418396 1.53303528496 3.10383161175 -1.60855736863
663 632 0.00378331172634 1.57457963852 -3.13780934186 -1.56701301507
664 633 0.000883428627248 1.57167975542 -3.14070922496 -1.56991289817
665 633 -0.346463363095 1.2243329637 2.7951292905 -1.91725968989
666 635 -0.0279587209111 1.54283760588 3.11363393268 -1.59875504771
667 636 -0.00583078294429 1.56496554385 3.13576187065 -1.57662710974
668 637 -0.00939475613201 1.56140157066 3.13219789746 -1.58019108293
669 609 0.0222131769611 1.59300950376 -3.11937947663 -1.54858314983
670 639 -0.587389565658 0.983406761137 2.55420308793 -2.15818589245
671 640 -0.364321590823 1.20647473597 2.77727106277 -1.93511791762
672 641 -0.23021512558 1.34058120122 2.91137752801 -1.80101145237
673 642 -0.194751712066 1.37604461473 2.94684094152 -1.76554803886
674 643 -0.24257988403 1.32821644276 2.89901276956 -1.81337621083
675 644 -0.0832190010815 1.48757732571 3.05837365251 -1.65401532788
676 645 -0.34687693211 1.22391939468 2.79471572148 -1.91767325891
677 646 0.426721011025 1.99751733782 -2.71487164256 -1.14407531577
678 647 0.488123432988 2.05891975978 -2.6534692206 -1.08267289381
679 648 0.522501107974 2.09329743477 -2.61909154562 -1.04829521882
680 650 0.172221647597 1.74301797439 -2.96937100599 -1.3985746792
681 651 0.194753774411 1.76555010121 -2.94683887918 -1.37604255238
682 652 0.222733132976 1.79352945977 -2.91885952061 -1.34806319382
683 62 -0.492208644699 1.0785876821 2.64938400889 -2.06300497149
684 286 0.227329578187 1.79812590498 -2.9142630754 -1.34346674861
685 654 0.594115952717 2.16491227951 -2.54747670087 -0.976680374078
686 655 0.389436469758 1.96023279655 -2.75215618383 -1.18135985704
687 656 0.351498738757 1.92229506555 -2.79009391483 -1.21929758804
688 657 0.402011889319 1.97280821611 -2.73958076427 -1.16878443748
689 658 0.441279090347 2.01207541714 -2.70031356324 -1.12951723645
690 659 0.476379109749 2.04717543654 -2.66521354384 -1.09441721705
691 661 -0.0154143946021 1.55538193219 3.12617825899 -1.5862107214
692 662 0.0215554901735 1.59235181697 -3.12003716342 -1.54924083662
693 663 -9.66416126185e-05 1.57069968518 3.14149601198 -1.57089296841
694 664 0.0320599761172 1.60285630291 -3.10953267747 -1.53873635068
695 664 -0.24451846487 1.32627786192 2.89707418872 -1.81531479166
696 666 -0.0629920410124 1.50780428578 3.07860061258 -1.63378836781
697 667 -0.275317122741 1.29547920405 2.86627553085 -1.84611344954
698 668 -0.45222325848 1.11857306831 2.68936939511 -2.02301958528
699 638 -0.22065843859 1.35013788821 2.920934215 -1.79145476538
700 638 -0.379850602577 1.19094572422 2.76174205101 -1.95064692937
701 670 -0.352477635874 1.21831869092 2.78911501772 -1.92327396267
702 671 -0.411550937359 1.15924538944 2.73004171623 -1.98234726415
703 673 0.0136045152387 1.58440084203 -3.12798813835 -1.55719181156
704 673 -0.314730032517 1.25606629428 2.82686262107 -1.88552635931
705 674 -0.106094000583 1.46470232621 3.03549865301 -1.67689032738
706 645 0.193791730772 1.76458805757 -2.94780092282 -1.37700459602
707 676 0.142984456422 1.71378078322 -2.99860819717 -1.42781187037
708 676 0.469797500373 2.04059382717 -2.67179515322 -1.10099882642
709 677 0.497954136922 2.06875046372 -2.64363851667 -1.07284218987
710 678 0.524826868648 2.09562319544 -2.61676578494 -1.04596945815
711 680 0.172659287935 1.74345561473 -2.96893336565 -1.39813703886
712 681 0.194621516566 1.76541784336 -2.94697113702 -1.37617481023
713 682 0.221992912615 1.79278923941 -2.91959974097 -1.34880341418
714 286 0.224188854012 1.79498518081 -2.91740379958 -1.34660747278
715 684 0.692168504077 2.26296483087 -2.44942414951 -0.878627822718
716 685 0.487353222748 2.05814954954 -2.65423943084 -1.08344310405
717 686 0.448906386015 2.01970271281 -2.69268626757 -1.12188994078
718 687 0.498228882005 2.0690252088 -2.64336377159 -1.07256744479
719 688 0.534924108609 2.1057204354 -2.60666854498 -1.03587221819
720 689 0.564825349298 2.13562167609 -2.57676730429 -1.0059709775
721 691 0.0636448785323 1.63444120533 -3.07794777506 -1.50715144826
722 692 0.0880902082031 1.658886535 -3.05350244539 -1.48270611859
723 693 -0.0248142609595 1.54598206584 3.11677839263 -1.59561058775
724 694 -0.0759750168429 1.49482130995 3.06561763675 -1.64677134364
725 694 -0.202743969095 1.3680523577 2.93884868449 -1.77354029589
726 696 0.186561741173 1.75735806797 -2.95503091242 -1.38423458562
727 696 0.218730240801 1.7895265676 -2.92286241279 -1.35206608599
728 697 0.385916585574 1.95671291237 -2.75567606802 -1.18487974122
729 697 0.284664214109 1.8554605409 -2.85692843948 -1.28613211269
730 698 0.347787458822 1.91858378562 -2.79380519477 -1.22300886797
731 699 0.326139752324 1.89693607912 -2.81545290127 -1.24465657447
732 700 0.272056080261 1.84285240706 -2.86953657333 -1.29874024653
733 701 0.241261892701 1.8120582195 -2.90033076089 -1.32953443409
734 702 0.247269237103 1.8180655639 -2.89432341649 -1.32352708969
735 702 0.00633751594671 1.57713384274 -3.13525513764 -1.56445881085
736 703 0.0105137279609 1.58131005476 -3.13107892563 -1.56028259883
737 703 -0.24797960237 1.32281672443 2.89361305122 -1.81877592916
738 703 -0.491199481093 1.0795968457 2.6503931725 -2.06199580789
739 704 -0.527841864983 1.04295446181 2.61375078861 -2.09863819178
740 705 -0.540987848491 1.0298084783 2.6006048051 -2.11178417529
741 706 -0.513513501879 1.05728282492 2.62807915171 -2.08430982867
742 707 -0.410169563416 1.16062676338 2.73142309017 -1.98096589021
743 707 0.603678864021 2.17447519082 -2.53791378957 -0.967117462773
744 708 0.503460328829 2.07425665562 -2.63813232476 -1.06733599797
745 709 0.527666831347 2.09846315814 -2.61392582224 -1.04312949545
746 711 0.173557156847 1.74435348364 -2.96803549674 -1.39723916995
747 712 0.194721527625 1.76551785442 -2.94687112596 -1.37607479917
748 713 0.22098512317 1.79178144997 -2.92060753042 -1.34981120362
749 62 -0.290773619148 1.28002270765 2.85081903444 -1.86156994594
750 286 0.221038294412 1.79183462121 -2.92055435918 -1.34975803238
751 714 -0.780621778645 0.79017454815 2.36097087494 -2.35141810544
752 715 0.585131835698 2.15592816249 -2.55646081789 -0.985664491097
753 716 0.54603102153 2.11682734832 -2.59556163206 -1.02476530527
754 717 0.593815618942 2.16461194574 -2.54777703465 -0.976980707853
755 718 0.627318264738 2.19811459153 -2.51427438885 -0.943478062057
756 719 0.651117894152 2.22191422095 -2.49047475944 -0.919678432643
757 721 0.141530628562 1.71232695536 -3.00006202503 -1.42926569823
758 722 0.159637692175 1.73043401897 -2.98195496141 -1.41115863462
759 723 0.141640539516 1.71243686631 -2.99995211407 -1.42915578728
760 724 0.0879036925846 1.65870001938 -3.05368896101 -1.48289263421
761 724 -0.133852511142 1.43694381565 3.00774014245 -1.70464883794
762 725 0.0283901279625 1.59918645476 -3.11320252563 -1.54240619883
763 726 0.176758182234 1.74755450903 -2.96483447136 -1.39403814456
764 727 0.206744228538 1.77754055533 -2.93484842505 -1.36405209826
765 728 -0.415123103111 1.15567322368 2.72646955048 -1.98591942991
766 728 0.752898815265 2.32369514206 -2.38869383832 -0.81789751153
767 730 0.61886271563 2.18965904243 -2.52272993796 -0.951933611165
768 732 -0.523526845559 1.04726948124 2.61806580803 -2.09432317235
769 733 -0.540601826189 1.03019450061 2.6009908274 -2.11139815298
770 734 -0.568070110664 1.00272621613 2.57352254293 -2.13886643746
771 735 -0.609143020935 0.96165330586 2.53244963266 -2.17993934773
772 736 0.422915830526 1.99371215732 -2.71867682306 -1.14788049627
773 736 -0.184164854575 1.38663147222 2.95742779902 -1.75496118137
774 737 -0.232056146421 1.33874018037 2.90953650717 -1.80285247322
775 738 -0.270377194767 1.30041913203 2.87121545882 -1.84117352156
776 739 -0.295880581558 1.27491574524 2.84571207203 -1.86667690835
777 740 -0.305939756124 1.26485657067 2.83565289747 -1.87673608292
778 742 0.0878660865928 1.65866241339 -3.053726567 -1.4829302402
779 742 0.474658878386 2.04545520518 -2.6669337752 -1.09613744841
780 743 0.508066830624 2.07886315742 -2.63352582297 -1.06272949617
781 744 0.530781318138 2.10157764493 -2.61081133545 -1.04001500866
782 746 0.17473749632 1.74553382312 -2.96685515727 -1.39605883047
783 747 0.195048222671 1.76584454947 -2.94654443092 -1.37574810412
784 748 0.221739707856 1.79253603465 -2.91985294573 -1.34905661894
785 286 0.217877568628 1.78867389542 -2.92371508496 -1.35291875817
786 750 -0.682665164506 0.888131162289 2.45892748908 -2.2534614913
787 752 0.168092747047 1.73888907384 -2.97349990654 -1.40270357975
788 753 0.178347463892 1.74914379069 -2.9632451897 -1.3924488629
789 754 0.190974667324 1.76177099412 -2.95061798627 -1.37982165947
790 755 0.20192679772 1.77272312452 -2.93966585587 -1.36886952907
791 756 0.210761987533 1.78155831433 -2.93083066606 -1.36003433926
792 756 0.745053848958 2.31585017575 -2.39653880463 -0.825742477837
793 757 0.748470777915 2.31926710471 -2.39312187567 -0.82232554888
794 758 0.742637728788 2.31343405558 -2.3989549248 -0.828158598006
795 759 0.495438001731 2.06623432853 -2.64615465186 -1.07535832506
796 761 0.116048455434 1.68684478223 -3.02554419816 -1.45474787136
797 762 0.268207364788 1.83900369158 -2.8733852888 -1.30258896201
798 762 0.201018042338 1.77181436913 -2.94057461125 -1.36977828446
799 763 0.345668449576 1.91646477637 -2.79592420401 -1.22512787722
800 764 0.367390374965 1.93818670176 -2.77420227863 -1.20340595183
801 730 -0.492624682388 1.07817164441 2.6489679712 -2.06342100918
802 730 -0.732107196549 0.838689130246 2.40948545704 -2.30290352334
803 767 0.464708757703 2.0355050845 -2.67688389589 -1.10608756909
804 768 0.388959476073 1.95975580287 -2.75263317752 -1.18183685072
805 769 0.306216631458 1.87701295825 -2.83537602213 -1.26457969534
806 770 0.192955562534 1.76375188933 -2.94863709106 -1.37784076426
807 771 0.0630753176161 1.63387164441 -3.07851733597 -1.50772100918
808 773 0.214324100556 1.78512042735 -2.92726855303 -1.35647222624
809 774 0.102642772101 1.6734390989 -3.03894988149 -1.46815355469
810 775 0.010974688965 1.58177101576 -3.13061796462 -1.55982163783
811 776 -0.0679343750546 1.50286195174 3.07365827854 -1.63873070185
812 777 -0.145532979685 1.42526334711 2.99605967391 -1.71632930648
813 777 -0.242498524667 1.32829780213 2.89909412892 -1.81329485146
814 779 0.202786104527 1.77358243132 -2.93880654906 -1.36801022227
815 780 0.143274010254 1.71407033705 -2.99831864334 -1.42752231654
816 781 0.16164061959 1.73243694639 -2.979952034 -1.4091557072
817 781 0.538502856117 2.10929918291 -2.60308979747 -1.03229347068
818 782 0.543110189715 2.11390651651 -2.59848246388 -1.02768613708
819 783 0.522283821042 2.09308014784 -2.61930883255 -1.04851250575
820 62 -0.0984923728055 1.47230395399 3.04310028078 -1.6692886996
821 286 0.214702078462 1.78549840526 -2.92689057513 -1.35609424833
822 785 -0.584729512172 0.986066814623 2.55686314142 -2.15552583897
823 787 0.265855588499 1.83665191529 -2.87573706509 -1.3049407383
824 788 0.275408229809 1.8462045566 -2.86618442378 -1.29538809699
825 789 0.286535516311 1.85733184311 -2.85505713728 -1.28426081048
826 790 0.294403304548 1.86519963134 -2.84718934904 -1.27639302225
827 791 0.297542047448 1.86833837424 -2.84405060614 -1.27325427935
828 791 -0.748206015266 0.822590311528 2.39338663832 -2.31900234206
829 792 -0.75576892129 0.815027405505 2.3858237323 -2.32656524809
830 793 -0.719113089447 0.851683237348 2.42247956414 -2.28990941624
831 794 -0.753425112177 0.817371214618 2.38816754141 -2.32422143897
832 796 0.246479375462 1.81727570226 -2.89511327813 -1.32431695133
833 797 0.00601713723386 1.57681346403 -3.13557551636 -1.56477918956
834 799 -0.112402640165 1.45839368663 3.02919001342 -1.68319896696
835 801 -0.0678873855526 1.50290894124 3.07370526804 -1.63868371235
836 802 -0.0515517429639 1.51924458383 3.09004091063 -1.62234806976
837 802 -0.111841174758 1.45895515204 3.02975147883 -1.68263750155
838 803 -0.0291569103502 1.54163941644 3.11243574324 -1.59995323715
839 804 0.0110744401703 1.58187076697 -3.13051821342 -1.55972188662
840 806 0.134330402242 1.70512672904 -3.00726225135 -1.43646592455
841 809 0.47376768111 2.0445640079 -2.66782497248 -1.09702864569
842 810 0.533594555175 2.10439088197 -2.60799809841 -1.03720177162
843 811 0.563108060567 2.13390438736 -2.57848459302 -1.00768826623
844 812 0.414965642891 1.98576196969 -2.7266270107 -1.1558306839
845 814 0.102083654353 1.67287998115 -3.03950899924 -1.46871267244
846 815 0.149822035131 1.72061836193 -2.99177061846 -1.42097429166
847 816 0.165266676373 1.73606300317 -2.97632597722 -1.40552965042
848 816 0.539818160409 2.1106144872 -2.60177449318 -1.03097816639
849 817 0.543399371377 2.11419569817 -2.59819328221 -1.02739695542
850 818 0.521919942758 2.09271626955 -2.61967271083 -1.04887638404
851 62 0.0436445928167 1.61444091961 -3.09794806077 -1.52715173398
852 286 0.211551121033 1.78234744783 -2.93004153256 -1.35924520576
853 821 -0.486742906539 1.08405342026 2.65484974705 -2.05753923333
854 823 0.363717435625 1.93451376242 -2.77787521797 -1.20707889117
855 824 0.372793616091 1.94358994289 -2.7687990375 -1.1980027107
856 825 0.382722487666 1.95351881446 -2.75887016592 -1.18807383913
857 826 0.388165879894 1.95896220669 -2.7534267737 -1.1826304469
858 827 0.386311845337 1.95710817213 -2.75528080825 -1.18448448146
859 827 -0.669474676698 0.901321650097 2.47211797689 -2.24027100349
860 828 -0.696854200947 0.873942125848 2.44473845264 -2.26765052774
861 829 -0.718346382687 0.852449944108 2.4232462709 -2.28914270948
862 830 0.708386825796 2.27918315259 -2.43320582779 -0.862409500999
863 832 0.294956323661 1.86575265046 -2.84663632993 -1.27584000313
864 832 -0.042987682112 1.52780864468 3.09860497148 -1.61378400891
865 833 0.123213111292 1.69400943809 -3.0183795423 -1.4475832155
866 834 0.370976263434 1.94177259023 -2.77061639016 -1.19982006336
867 835 0.507341036694 2.07813736349 -2.6342516169 -1.0634552901
868 836 0.523281132648 2.09407745944 -2.61831152094 -1.04751519415
869 837 0.507240530604 2.0780368574 -2.63435212299 -1.06355579619
870 837 0.2635940802 1.83439040699 -2.87799857339 -1.3072022466
871 838 0.184250120071 1.75504644687 -2.95734253352 -1.38654620672
872 839 0.251426812232 1.82222313903 -2.89016584136 -1.31936951456
873 839 -0.220827000294 1.3499693265 2.9207656533 -1.79162332709
874 841 0.0566545537122 1.62745088051 -3.08493809988 -1.51414177308
875 842 -0.0339260000171 1.53687032678 3.10766665357 -1.60472232681
876 843 0.108727130112 1.67952345691 -3.03286552348 -1.46206919668
877 843 -0.141026231239 1.42977009556 3.00056642235 -1.71182255803
878 845 0.14590553643 1.71670186322 -2.99568711716 -1.42489079037
879 846 0.161750188044 1.73254651484 -2.97984246555 -1.40904613875
880 847 0.168940187458 1.73973651425 -2.97265246613 -1.40185613934
881 847 0.540913869926 2.11171019672 -2.60067878366 -1.02988245687
882 848 0.543566372955 2.11436269975 -2.59802628063 -1.02722995384
883 62 0.279570418981 1.85036674578 -2.86202223461 -1.29122590781
884 286 0.208459906417 1.77925623321 -2.93313274717 -1.36233642038
885 852 -0.388699355892 1.1820969709 2.7528932977 -1.95949568269
886 854 0.461803798857 2.03260012565 -2.67978885473 -1.10899252794
887 855 0.470604252764 2.04140057956 -2.67098840083 -1.10019207403
888 856 0.479894693006 2.0506910198 -2.66169796058 -1.09090163379
889 857 0.483960511284 2.05475683808 -2.65763214231 -1.08683581551
890 858 0.478880025555 2.04967635235 -2.66271262803 -1.09191630124
891 858 -0.58674348162 0.984052845175 2.55484917197 -2.15753980841
892 859 -0.637714613313 0.933081713482 2.50387804028 -2.20851094011
893 860 -0.704404823762 0.866391503033 2.43718782983 -2.27520115056
894 861 0.718605280771 2.28940160757 -2.42298737282 -0.852191046024
895 863 0.29755015244 1.86834647924 -2.84404250115 -1.27324617435
896 863 -0.0624709366126 1.50832539018 3.07912171698 -1.63326726341
897 864 0.0660424731803 1.63683879998 -3.07555018041 -1.50475385361
898 865 0.184954313074 1.75575063987 -2.95663834052 -1.38584201372
899 867 0.441447827145 2.01224415394 -2.70014482644 -1.12934849965
900 869 -0.303912790868 1.26688353593 2.83767986272 -1.87470911766
901 871 0.123757670867 1.69455399766 -3.01783498272 -1.44703865593
902 872 0.0211272135127 1.59192354031 -3.12046544008 -1.54966911328
903 873 -0.062772688039 1.50802363876 3.07881996555 -1.63356901483
904 874 -0.0877184728363 1.48307785396 3.05387418075 -1.65851479963
905 876 -0.211836825046 1.35895950175 2.92975582854 -1.78263315184
906 878 0.189273480819 1.76006980761 -2.95231917277 -1.38152284598
907 879 0.173822813069 1.74461913986 -2.96776984052 -1.39697351373
908 880 0.171585016538 1.74238134333 -2.97000763705 -1.39921131026
909 880 0.541473525386 2.11226985218 -2.6001191282 -1.02932280141
910 881 0.543523647695 2.11431997449 -2.59806900589 -1.0272726791
911 62 0.159001013219 1.72979734001 -2.98259164037 -1.41179531358
912 286 0.205423101484 1.77621942828 -2.93616955211 -1.36537322531
913 884 -0.290494909447 1.28030141735 2.85109774414 -1.86129123624
914 885 -0.495892362043 1.07490396475 2.64570029155 -2.06668868884
915 886 -0.537089907957 1.03370641884 2.60450274563 -2.10788623475
916 887 -0.494231454807 1.07656487199 2.64736119878 -2.0650277816
917 888 -0.471040373239 1.09975595356 2.67055228035 -2.04183670003
918 889 -0.468242351479 1.10255397532 2.67335030211 -2.03903867827
919 891 0.548417351561 2.11921367836 -2.59317530203 -1.02237897523
920 892 0.480605642702 2.0514019695 -2.66098701089 -1.09019068409
921 893 0.383985922725 1.95478224952 -2.75760673086 -1.18681040407
922 894 0.307023807542 1.87782013434 -2.83456884605 -1.26377251925
923 894 -0.0344467721874 1.53634955461 3.1071458814 -1.60524309898
924 896 0.306462231728 1.87725855852 -2.83513042186 -1.26433409507
925 897 0.352372313882 1.92316864068 -2.78922033971 -1.21842401291
926 898 0.365944053811 1.93674038061 -2.77564859978 -1.20485227298
927 868 0.457025146073 2.02782147287 -2.68456750752 -1.11377118072
928 869 0.309982839936 1.88077916673 -2.83160981365 -1.26081348686
929 900 0.0396506877298 1.61044701452 -3.10194196586 -1.53114563907
930 901 0.136374791504 1.7071711183 -3.00521786209 -1.43442153529
931 902 0.124294509244 1.69509083604 -3.01729814435 -1.44650181755
932 903 0.00681161345109 1.57760794025 -3.13478104014 -1.56398471334
933 876 0.292057419487 1.86285374628 -2.8495352341 -1.27873890731
934 876 0.0366257014765 1.60742202827 -3.10496695211 -1.53417062532
935 905 0.551407093732 2.12220342053 -2.59018555986 -1.01938923306
936 906 0.550181224146 2.12097755094 -2.59141142944 -1.02061510265
937 907 0.544412936692 2.11520926349 -2.5971797169 -1.0263833901
938 909 0.178757613643 1.74955394044 -2.96283503995 -1.39203871315
939 910 0.195669738831 1.76646606563 -2.94592291476 -1.37512658796
940 62 0.0388990373129 1.60969536411 -3.10269361628 -1.53189728948
941 62 0.253194566121 1.82399089292 -2.88839808747 -1.31760176067
942 286 0.202450456543 1.77324678334 -2.93914219705 -1.36834587025
943 912 -0.192032187219 1.37876413958 2.94956046637 -1.76282851401
944 913 -0.39725312141 1.17354320539 2.74433953218 -1.9680494482
945 914 -0.438030957163 1.13276536963 2.70356169643 -2.00882728396
946 915 -0.394362280883 1.17643404591 2.74723037271 -1.96515860768
947 916 -0.369750637121 1.20104568967 2.77184201647 -1.94054696392
948 917 -0.364976853644 1.20581947315 2.77661579995 -1.93577318044
949 919 0.650824724627 2.22162105142 -2.49076792896 -0.919971602167
950 920 0.557628950777 2.12842527757 -2.58396370281 -1.01316737602
951 921 0.394311267115 1.96510759391 -2.74728138647 -1.17648505968
952 922 0.290095654707 1.8608919815 -2.85149699888 -1.28070067209
953 922 -0.0544200522499 1.51637627454 3.08717260134 -1.62521637904
954 924 0.301169498716 1.87196582551 -2.84042315487 -1.26962682808
955 925 0.324659909565 1.89545623636 -2.81693274402 -1.24613641723
956 926 0.338222155946 1.90901848274 -2.80337049764 -1.23257417085
957 30 -0.0453472632391 1.52544906356 3.09624539035 -1.61614359003
958 31 0.05770302737 1.62849935416 -3.08388962622 -1.51309329942
959 928 0.0692771627857 1.64007348958 -3.0723154908 -1.50151916401
960 929 0.00259661620588 1.573392943 -3.13899603738 -1.56819971059
961 931 0.256365375253 1.82716170205 -2.88522727834 -1.31443095154
962 931 -0.176444159657 1.39435216714 2.96514849393 -1.74724048645
963 932 -0.0440442448441 1.52675208195 3.09754840875 -1.61484057164
964 45 0.469570749969 2.04036707676 -2.67202190362 -1.10122557683
965 934 0.265815543056 1.83661186985 -2.87577711053 -1.30498078374
966 934 0.561640542844 2.13243686964 -2.57995211075 -1.00915578395
967 935 0.546748320582 2.11754464738 -2.59484433301 -1.02404800621
968 936 0.541534508379 2.11233083517 -2.60005814521 -1.02926181842
969 938 0.177505186244 1.74830151304 -2.96408746735 -1.39329114055
970 939 0.195416839609 1.7662131664 -2.94617581398 -1.37537948719
971 940 0.219164095741 1.78996042254 -2.92242855785 -1.35163223105
972 0 -0.712544634795 0.858251692 2.4290480188 -2.28334096159
973 3 -0.73754058949 0.833255737305 2.4040520641 -2.30833691629
974 4 -0.714027450743 0.856768876052 2.42756520285 -2.28482377754
975 6 -0.725305925112 0.845490401683 2.41628672848 -2.29610225191
976 8 -0.740740063584 0.830056263211 2.40085259001 -2.31153639038
977 10 -0.758147161531 0.812649165264 2.38344549206 -2.32894348833
978 12 -0.781468883074 0.789327443721 2.36012377052 -2.35226520987
979 12 0.219071408822 1.78986773562 -2.92252124477 -1.35172491797
980 15 0.0968691624999 1.66766548929 -3.04472349109 -1.47392716429
981 17 -0.196846420562 1.37394990623 2.94474623303 -1.76764274736
982 19 -0.166231092897 1.4045652339 2.97536156069 -1.73702741969
983 22 0.357630159638 1.92842648643 -2.78396249395 -1.21316616716
984 23 0.511789047629 2.08258537442 -2.62980360596 -1.05900727917
985 25 0.541343428835 2.11213975563 -2.60024922475 -1.02945289796
986 27 0.417375030063 1.98817135686 -2.72421762353 -1.15342129673
987 31 0.367943748644 1.93874007544 -2.77364890495 -1.20285257815
988 34 0.248849591534 1.81964591833 -2.89274306206 -1.32194673526
989 34 0.675162279335 2.24595860613 -2.46643037425 -0.89563404746
990 36 0.744229586045 2.31502591284 -2.39736306755 -0.82656674075
991 40 0.16150009756 1.73229642435 -2.98009255603 -1.40929622923
992 40 0.490342462689 2.06113878948 -2.6512501909 -1.08045386411
993 43 0.364172372766 1.93496869956 -2.77742028082 -1.20662395403
994 45 0.642946376621 2.21374270342 -2.49864627697 -0.927849950174
995 49 0.272874123325 1.84367045012 -2.86871853026 -1.29792220347
996 51 0.199305208838 1.77010153563 -2.94228744475 -1.37149111796
997 53 0.166230329682 1.73702665648 -2.97536232391 -1.40456599711
998 53 -0.214535503782 1.35626082301 2.92705714981 -1.78533183058
999 56 -0.219997843179 1.35079848362 2.92159481041 -1.79079416997
1000 58 -0.200298802342 1.37049752445 2.94129385125 -1.77109512914
1001 60 -0.149198782434 1.42159754436 2.99239387116 -1.71999510923
